channel --> 0
+0.082236,+0.237786,+0.566511,+0.338813,+0.304356,+0.359373,+0.140723,-0.201502,
-0.112311,+0.037770,-0.300659,+0.154529,-0.100622,+0.149742,+0.357276,-0.054453,
-0.096070,-0.151100,+0.655237,-0.013892,-0.366558,+0.699218,+0.038691,-0.384984,
-0.460943,+0.033548,+0.816862,+0.057251,+0.090662,+0.924416,-0.249978,+0.050339,
+0.145294,+0.195810,+0.168990,+0.240088,+0.145001,-0.181606,+0.083546,-0.207705,
+0.023159,-0.926740,-0.371889,+0.384728,+0.386266,-1.207317,-0.419725,+0.246389,
+0.179007,-0.229104,-0.289104,+0.988731,-0.203884,-1.618703,-0.426277,+0.094207,
+0.380614,+0.645486,-0.073655,+0.394599,+0.326584,-0.502894,-0.128523,-0.305074,

channel --> 1
+0.029844,+0.391674,+0.433665,+0.717543,+0.427758,+0.271346,+0.449813,+0.082319,
+0.430131,-0.117793,-0.627932,-0.811322,-1.018026,-0.739501,-0.000526,-0.034225,
+0.413974,-0.219982,+0.837910,+0.953477,+0.434449,+0.762430,+0.188344,-0.312807,
+0.169144,-0.174774,+0.325905,+0.189283,+0.309764,+0.132378,+0.124402,-0.406869,
+0.004746,-0.671826,+0.259513,-0.360151,-0.501812,+0.135363,-0.717547,-0.381811,
+0.448179,-0.613405,-0.237459,+0.442615,+0.488200,-0.031562,-0.164575,-0.062310,
-0.078175,-0.487217,+0.393504,-0.033805,+0.474267,-0.351713,+0.264007,-0.095713,
-0.101472,+0.367932,+0.619594,-0.099130,-0.133133,-0.211798,-0.321785,-0.463000,

channel --> 2
-0.446817,-0.663443,-0.102406,+0.095513,-0.012066,-0.064813,-0.465454,+0.188866,
-0.200222,+0.131616,+1.442274,+1.367857,+1.096618,+0.752914,-0.178216,-0.582511,
-0.332269,+0.650976,-0.100590,+0.132510,-0.201437,-0.458956,+0.303193,+0.001638,
-0.449617,-0.156972,-0.412498,-0.260309,-0.965065,-0.482403,-0.477472,+0.066975,
-0.551061,+0.102893,+0.358427,-0.013488,+0.146876,-0.027636,+0.201338,+0.226448,
-0.425105,+1.070404,+0.610331,-0.127570,-0.383198,+0.413522,+0.316458,+0.317947,
-0.128541,+0.606532,+0.563467,-0.068424,-0.382672,+0.890734,+0.084500,-0.195322,
-0.033062,-0.373463,-0.346394,-0.152255,+0.317290,-0.064808,-0.650271,-0.023800,

channel --> 3
-0.111986,-0.189406,-0.427681,-0.514665,-0.483194,-0.207545,+0.383820,-0.680432,
+0.133006,+0.054270,+0.093786,-0.014512,-0.058997,-0.560759,-0.403255,+0.505316,
-0.097106,+0.171063,+0.072446,+0.537036,+0.058055,+0.306916,-0.766107,-0.401267,
-0.567397,+0.550125,-0.374034,-1.167581,+0.163335,-0.285581,-0.010563,-0.327668,
+0.527093,+0.516025,-0.379422,-0.173792,+0.327115,-0.057998,+0.013955,-0.338754,
-0.690906,+0.281838,-0.852063,+0.580943,-0.222801,-0.336622,+0.396057,-0.115510,
-0.170767,-0.313466,-0.198807,-0.419147,-0.064560,-0.147958,-0.472508,+0.084821,
-0.078007,+0.144054,+0.193734,-0.315067,+0.190804,-0.203844,+0.357706,-0.013492,

channel --> 4
-0.494612,+0.272110,+0.374124,+0.293100,+0.323204,+0.284640,+0.063390,+0.599649,
-0.179027,+0.172978,+0.831705,+0.704970,+0.340054,+0.180954,-0.418657,-0.302440,
+0.121686,+0.237362,+0.095259,+0.565316,+0.008542,+0.091181,+0.478714,-0.097946,
-0.138653,-0.656334,+0.568690,+0.742900,+0.359992,-0.200969,-0.081171,+0.137306,
-1.334772,-0.716232,+0.619317,-0.666658,-0.556015,+0.330008,-0.934970,-0.402528,
+0.090119,+0.283114,+0.798049,-0.749917,-0.211623,+0.281101,-0.343129,+0.212442,
+0.190415,-0.186458,+0.138779,+0.361990,+0.519598,+0.156057,+0.464376,+0.309024,
-0.415390,-0.235152,+0.566509,+0.631913,+0.328372,+0.062621,-0.597988,-0.053557,

channel --> 5
-0.143889,-0.100012,+0.109472,+0.295852,+0.165096,-0.079794,-0.178328,-0.065913,
+0.014178,+0.640289,+0.280655,-0.100785,-0.266634,-0.176139,-0.750346,+0.840703,
-0.042835,+0.823534,-0.517292,-0.439899,+0.241870,-0.194904,-0.076029,-0.168824,
+0.186306,+0.595440,-0.183951,+0.322332,+0.611364,-0.030328,+0.583416,+0.155408,
-0.239005,+0.186553,+0.274382,+0.186834,-0.400101,+0.202483,+0.342402,+0.092948,
-0.447538,+0.726483,+0.126249,-0.258044,+0.343020,+0.365289,-0.151076,-0.244225,
+0.015361,+0.006696,-0.504534,-0.105157,+0.137399,+0.017958,-0.051085,-0.311657,
+0.045985,+0.173015,+0.074789,-0.132666,-0.142876,+0.344731,-0.424441,+0.069733,

channel --> 6
-0.027081,-0.598463,-0.475984,-0.672533,-0.625876,-0.591218,-0.652347,-0.069886,
+0.047184,-0.477568,+0.170823,+1.010610,+0.881816,+0.637200,+0.195555,-0.078953,
+0.134610,-0.662583,-0.390348,-0.521148,-0.191501,-0.776745,+0.095593,-0.311057,
+0.435016,-0.880926,-0.716163,+0.839893,-0.202116,-0.589393,+0.522575,-0.589489,
-0.266694,-0.663659,-0.380648,-0.652542,-0.350457,-0.032057,-0.106251,+0.225971,
+0.574439,-0.303892,+0.907768,-0.788944,-0.254917,+0.154324,+0.827429,+0.304996,
+0.253343,+0.314435,+0.092735,-0.558739,+0.021624,+0.121868,+0.581662,+0.038756,
+0.202421,+0.245763,-0.345039,-0.251191,+0.074424,+0.241911,-0.418709,+0.537867,

channel --> 7
-0.137938,-0.218178,-0.356216,-0.355032,-0.423020,-0.199500,-0.260810,-0.373470,
-0.145876,+0.578622,-0.296707,-0.461279,-0.228649,+0.407896,+0.656513,-0.117486,
-0.139615,+0.649210,-0.269143,-0.058653,-0.356247,-0.127716,+1.210835,+0.493697,
-0.374718,+0.377337,-0.872553,-0.042033,-0.592093,-0.451009,+0.511739,-0.162924,
-0.194547,+0.920519,-0.362435,+0.282039,+0.563998,+0.033380,+0.249097,+0.635323,
+0.058347,+0.874991,-0.859366,+0.167736,+0.360117,+0.043001,-0.031294,+0.081180,
+0.467738,-0.022011,-0.370280,-0.617121,-0.820473,-0.238975,+0.032802,-0.161592,
+0.799566,+0.886420,+0.095868,-0.993462,-0.796655,-0.148561,+0.623745,-0.138677,

channel --> 8
-0.548046,-0.030503,+0.532786,+0.076747,-0.244455,-0.267153,-0.080527,+0.271263,
-0.796323,+0.030299,-0.014729,-0.330196,-0.178008,+0.008614,-1.244334,-0.071010,
-0.201942,+0.173636,+0.021111,-0.500606,-0.348902,+0.084777,-0.285277,+0.233209,
-0.205720,+0.345133,-0.313957,-0.440864,+0.016136,-0.293499,-0.168121,+0.709671,
-0.593826,-0.396747,+0.281400,+0.187900,-0.570203,+0.164312,-0.357978,+0.138841,
+0.416386,-0.222617,+0.078658,+0.076633,-0.302491,-0.131167,+0.138316,+0.299622,
+0.548560,-0.103385,+0.112393,+0.201004,-0.055554,+0.097394,+0.791048,-0.070701,
-0.361632,-0.231184,+0.125333,+0.162748,+0.142556,-0.155557,-0.172492,-0.251512,

channel --> 9
+0.153404,+0.044613,+0.218580,+0.132772,+0.085974,+0.158885,+0.280306,+0.390567,
-0.243554,-0.221386,+0.256867,+0.277960,+0.044341,-0.055875,+0.173594,+0.125229,
-0.055583,-0.000586,+0.791292,+0.651385,+0.228303,+0.541372,+0.328276,+0.069505,
-0.128482,+0.517238,+0.622636,+0.289621,+0.080159,+0.403047,+0.235131,+0.207861,
-0.618146,-0.046510,+0.324083,-0.248282,+0.192788,+0.259191,-0.509588,+0.091897,
-0.347052,-0.023244,-0.167175,-0.183386,+0.193332,-0.198465,-0.123226,+0.394516,
+0.348591,+0.652846,+0.207042,-0.191495,-0.131278,+0.002448,+0.285888,+0.530210,
+0.443670,+0.650561,+0.544818,+0.111038,+0.262748,+0.057026,+0.165808,+0.360943,

channel --> 10
+0.270704,+0.592605,+0.430982,-0.032218,+0.323615,+0.694276,+0.579906,+0.369306,
-0.430277,+0.640608,+0.472262,-0.866798,-0.597466,+0.079778,-0.043603,-0.403204,
-0.019169,+0.493436,+0.549860,-0.350803,-0.089628,-0.140346,-0.831671,+0.238475,
+0.510751,+0.744821,+1.121696,+0.815190,+0.873513,+0.580216,+0.406514,+0.128478,
-0.597919,+0.438944,+0.201113,+0.470971,+0.862174,-0.111985,+0.063486,+0.389876,
+0.272770,-0.542114,-0.931328,+0.342568,+0.295696,-0.257607,-0.122341,+0.448548,
+0.182771,-0.246581,+0.188188,+0.294395,+0.213292,-0.330518,+0.745330,+0.423582,
-0.306334,-0.121466,-0.152458,+0.036806,-0.403980,-0.082809,+0.334339,-0.281798,

channel --> 11
+0.276966,-0.334454,+0.143591,+0.151647,-0.045267,-0.324799,-0.618615,+0.422075,
+0.138880,-0.282310,+0.807884,+0.728002,+0.515989,+0.377523,+0.129653,-0.002013,
+0.150374,-0.029188,+0.227326,+0.105557,+0.188771,-0.068343,+0.422438,+0.044383,
-0.125439,-0.306840,+0.063773,-0.714207,-0.661755,-0.197684,-0.091261,+0.149616,
-0.204290,+0.146166,+0.049556,+0.661136,+0.618506,+0.142856,+0.319568,+0.605683,
-0.454478,+0.598963,+0.435963,+0.498872,-0.404044,+0.207501,+0.315848,-0.264635,
+0.097300,+0.076325,-0.149096,-0.407913,-0.269944,-0.027152,-0.328902,+0.330817,
-0.077910,+0.344241,+0.126804,+0.098264,-0.078592,-0.141291,-0.554025,+0.194687,

channel --> 12
-0.390862,-0.096258,+0.147398,+0.099245,-0.073792,-0.349781,-0.684599,-0.072829,
-0.311401,-0.146262,+0.314514,+0.199668,+0.127946,-0.164505,-0.044334,-0.560967,
-0.488199,-0.887002,+0.657459,-0.181277,+0.295151,-0.032303,-0.612213,+0.124599,
-0.405690,-0.219517,+0.356334,+1.172242,+0.104546,+0.307303,+0.751563,-0.272183,
-0.650755,-0.496364,-0.219950,+0.127878,-0.089580,-0.289702,+0.515063,+0.269829,
+0.255965,+0.342935,-0.255577,-0.517516,-0.080068,+0.209120,-0.436987,-0.611175,
-0.591845,-0.346318,-0.263134,+0.071378,-0.214944,+0.471423,-0.631581,-0.512753,
-0.225871,+0.368424,-0.165562,+0.062669,+0.309034,+0.154074,-0.314903,-0.552199,

channel --> 13
+0.195654,-0.169401,-0.369677,-0.485651,-0.511784,-0.476137,-0.097673,+0.086298,
+0.179543,-0.490473,-0.049617,-0.221405,-0.104341,-0.252987,-0.273202,+0.037619,
-0.092874,-0.240905,+0.055533,+0.154971,-0.424299,-0.130633,+0.252470,-0.586837,
-0.549377,-0.167691,+0.294020,-1.027323,-0.313537,-0.078428,-0.850476,-0.159357,
-0.668764,-0.346464,+0.219225,-0.803472,-0.601577,-0.192319,-0.601461,-0.083247,
-0.659213,-0.120008,+0.058607,-0.005894,-0.442052,-0.267817,+0.044569,+0.067678,
-0.398755,+0.660929,+0.060106,+0.011683,-0.431996,-0.019585,-0.327722,+0.282509,
-0.084653,-0.398064,-0.158672,+0.000293,-0.285876,-0.341601,-0.170405,+0.409214,

channel --> 14
+0.177239,-0.320376,-0.405820,-0.528867,-0.375904,-0.143554,+0.121542,+0.413990,
-0.235942,-0.303911,-0.071224,+0.514418,+0.681430,+0.363024,-0.044198,-0.173239,
+0.054229,+0.338630,-0.040661,-0.263109,-0.242063,-0.138002,+0.035859,+0.008751,
+0.062077,-0.168986,+0.022537,-0.179345,+0.218052,-0.394869,-0.328300,+0.195783,
+0.385227,+0.365566,-0.037333,+0.267010,+0.324089,+0.145061,+0.273215,+0.321638,
-0.183146,-0.309859,+0.399205,+0.050293,-0.070035,-0.264981,+0.317884,+0.328039,
+0.593593,+0.613558,+0.282283,-0.888275,-0.356473,-0.526824,+0.639462,+0.252983,
+0.329310,+0.279888,+0.120572,-0.023827,-0.086185,-0.018146,+0.119261,+0.562739,

channel --> 15
+0.012727,-0.050735,+0.246025,+0.018497,+0.016531,-0.243667,-0.141774,+0.455653,
-0.039309,-0.174115,-0.282958,-0.887551,-0.675072,-0.366516,-0.423977,+0.612571,
-0.322779,-0.055376,+0.157986,-0.077896,-0.235280,-0.136385,-0.403397,-0.213117,
-0.368765,+0.157963,-0.273600,-1.212670,-0.453340,-0.286563,+0.402236,+0.240383,
-0.040600,+0.139916,+0.185519,+0.688126,+0.081922,+0.216967,+0.276709,+0.039334,
-0.028569,-0.482468,-0.048733,+0.072180,+0.076560,+0.016762,+0.043692,+0.258640,
+0.552115,-0.015007,+0.080401,+0.038058,+0.324950,+0.074035,-0.023132,+0.045741,
+0.297662,+0.423007,+0.291718,-0.651252,-0.536138,+0.017824,+0.481450,+0.373206,

channel --> 16
-0.292239,+0.268865,+0.135208,+0.139186,+0.012984,-0.111736,+0.188430,-0.025923,
-0.538305,+0.186022,-0.039928,-0.143462,-0.188517,-0.365601,+0.220984,+0.386623,
-0.499685,-0.091992,+0.665559,-0.031019,-0.085469,+0.298885,-0.692603,+0.244145,
-0.541485,+0.263328,+0.152648,+0.809301,-0.051489,+0.501245,+0.605157,-0.229823,
-0.297287,+0.288020,-0.093926,+0.378294,+0.012353,-0.084281,+0.175036,+0.403295,
-0.219334,+0.104347,-0.376321,+0.200705,+0.793716,+0.061764,-0.452544,+0.059007,
-0.203168,+0.264157,-0.463223,-0.648241,-0.065798,+0.159774,-0.426517,+0.092342,
+0.442949,+0.712508,-0.011918,-0.571862,+0.233924,+0.156598,+0.165775,+0.031250,

channel --> 17
-0.288640,-0.390377,+0.240923,+0.276835,+0.046744,-0.164546,-0.134301,+0.461556,
-0.222053,+0.549430,+0.842343,-0.049120,+0.143343,+0.184146,-0.923222,-0.110697,
+0.002621,+0.443375,+0.639377,+0.200855,+0.327338,+0.424627,-0.081421,-0.186164,
-0.038329,+0.130047,-0.045459,-0.333146,+0.024356,-0.259691,-0.064075,+0.344695,
-0.444285,-0.238663,+0.107072,+0.544493,+0.100144,-0.223171,+0.002191,-0.009838,
+0.683792,-0.050006,-0.088492,-0.060084,+0.028842,-0.112429,+0.151416,+0.163809,
+0.264378,-0.150700,+0.218767,+0.248064,-0.187692,-0.396993,+0.247408,-0.128738,
-0.115487,+0.123138,+0.239034,-0.046324,-0.377185,+0.007542,+0.102423,-0.328572,

channel --> 18
-0.225363,-0.315906,+0.089423,+0.417005,+0.293701,+0.233546,-0.008416,-0.490959,
-0.047022,+0.629436,+0.555075,+0.604878,+0.379642,+0.320685,-0.185885,+0.011537,
+0.430380,-0.107562,-0.677569,-0.271407,-0.084758,-0.004896,+0.144138,-0.013559,
+0.440587,+0.323868,-0.236378,+0.305547,+0.801054,+0.810046,+0.482025,-0.377555,
+0.662561,+0.113841,-0.066256,+0.122073,+0.034822,+0.060639,+0.018487,-0.351588,
+0.201290,+0.324867,-0.084046,-0.660094,+0.365602,+0.191609,+0.167839,-0.724706,
-0.386132,-0.301530,-0.119357,+0.447085,+0.552378,+0.218552,+0.012638,-0.773059,
-0.298968,+0.168833,+0.655983,-0.403958,-0.570772,-0.182817,+0.220182,-0.148669,

channel --> 19
-0.062910,-0.117643,+0.091581,+0.081967,+0.017726,-0.062768,+0.015634,+0.019293,
+0.459977,+0.005559,-0.593049,-0.605302,-0.455189,-0.239271,-0.154725,+0.165056,
+0.310798,+0.172958,-0.677742,-0.009110,-0.248170,+0.284194,-0.442885,-0.320222,
+0.494035,+0.254009,-0.706273,-0.010098,-0.027801,-0.430635,+0.052232,+0.058268,
+0.266354,-0.652707,-0.058874,+0.187880,-0.357691,-0.599773,-0.031072,-0.106646,
+0.474566,-0.644735,-0.341322,+0.544809,-0.078077,-0.296912,+0.301742,-0.005365,
+0.041504,-1.008277,+0.115288,-0.428106,+0.282008,+0.014482,+0.275919,+0.018492,
+0.054578,-0.114558,+0.265509,-0.374444,-0.262885,+0.416172,+0.123563,-0.234521,

channel --> 20
+0.143266,+0.117462,+0.030242,-0.026294,-0.047996,-0.012922,-0.098571,+0.047381,
+0.211279,-0.189775,+0.048232,-0.375165,-0.477351,-0.428541,-0.096252,-0.134082,
+0.533911,-0.760615,-0.174838,-0.018489,-0.164857,-0.504738,-0.042475,+0.254209,
+0.859666,-0.661747,+0.183691,+0.877383,+0.147590,+0.149346,+0.664666,-0.563240,
+0.538736,-0.540436,+0.249010,-0.109897,-0.014187,+0.206143,+0.121984,-0.214708,
+0.585025,-0.314834,-0.265714,-0.142945,+0.419240,+0.109000,-0.028323,-0.279143,
-0.144857,-0.386269,+0.034069,-0.300037,+0.522957,+0.062016,+0.034818,-0.471673,
-0.336582,+0.140924,-0.124602,-0.139158,-0.015734,+0.076570,-0.396898,-0.009329,

channel --> 21
-0.206226,+0.042436,-0.050653,-0.058256,-0.333166,-0.321619,+0.283917,+0.062332,
-0.184694,+0.430423,+0.042180,-0.530382,-0.320487,-0.289425,-0.992967,+0.236800,
-0.025700,+0.046849,-0.397312,-0.322434,+0.015949,+0.066474,+0.255668,+0.125644,
+0.235707,-0.071364,-0.260839,-0.566297,+0.309756,+0.160146,-0.437251,+0.400924,
+0.273415,+0.530499,-0.468175,+0.214029,+0.042636,+0.185555,-0.040459,-0.224152,
+0.656651,+0.023832,-0.530801,-0.096117,-0.338908,-0.307879,-0.063456,-0.307471,
+0.376477,-0.332451,-0.049575,+0.343136,+0.135466,-0.585218,+0.579935,+0.173410,
-0.466142,-0.539606,-0.103290,+0.259335,-0.159488,-0.408628,+0.540017,-0.360720,

channel --> 22
+0.179805,+0.324893,-0.154619,-0.242805,-0.300581,-0.225192,+0.395024,+0.213843,
+0.247968,+0.359159,+0.028353,-0.436652,-0.313296,-0.356041,-0.237366,+0.609765,
+0.108703,+0.139783,+0.251400,+0.248545,+0.194838,+0.527041,+0.390911,+0.056310,
+0.698360,+0.472194,-0.099954,-0.232054,+0.602224,-0.361891,+0.682455,+0.215941,
+0.174220,-0.044452,+0.166373,+0.084100,-0.352633,+0.043462,+0.021099,-0.298025,
+0.816038,+0.403869,+0.502765,+0.100291,+0.056966,+0.768466,+0.051472,+0.072556,
+0.339547,+0.489808,+0.437257,+0.156662,-0.203998,+0.329457,+0.235450,+0.166450,
+0.210493,+0.496214,+0.781539,+0.059762,-0.380848,+0.734714,+0.513565,+0.485234,

channel --> 23
-0.315774,-0.152705,-0.266759,-0.244993,-0.207823,-0.227391,-0.127745,-0.116959,
+0.152544,+0.636411,+1.223691,+0.550660,+0.711683,+0.388149,+0.127784,+0.336422,
+0.035071,+0.401211,+0.011026,-0.373681,-0.351275,-0.212850,-0.166284,+0.396374,
-0.170084,+0.015796,-0.136419,+0.135036,-0.100701,+0.159116,-0.844919,+0.164254,
-0.119062,+0.414234,+0.568586,+0.390704,-0.318125,+0.703599,+0.202340,+0.561969,
+0.702965,+0.821869,+0.614895,-0.009619,+0.369719,+0.842318,-0.088601,-0.142332,
-0.395352,+0.522900,-0.532670,+0.725187,+1.150309,+0.401560,-0.690796,-0.018765,
-0.471641,-0.767972,-0.408900,-0.077569,-0.490946,-0.571975,-0.216585,-0.048279,

channel --> 24
-0.067060,-0.033500,-0.089628,-0.230932,-0.267898,-0.408812,-0.405603,-0.107887,
+0.298556,-0.189101,-0.279088,+0.392934,+0.355540,-0.056526,-0.282352,-0.047368,
+0.073542,-0.187149,+0.352014,+0.098642,+0.233947,-0.496796,-0.108929,+0.120632,
+0.243745,-0.226550,+0.015692,+0.121149,-0.386091,+0.036495,-0.370172,+0.107809,
-0.066819,+0.061483,+0.225868,-0.229798,-0.672550,+0.524419,+0.091575,+0.163669,
+0.382612,+1.053669,+0.876327,+0.199461,-0.265931,+1.134999,+0.565874,+0.300063,
-0.344503,+1.021093,+0.898186,+0.552082,+0.290533,+1.198850,+0.047637,+0.062043,
-0.425302,-0.453205,-0.016614,-0.316721,-0.004250,+0.208582,-0.289498,-0.110325,

channel --> 25
-0.238845,+0.301221,-0.164574,-0.483421,-0.591542,-0.247408,-0.177467,-0.041026,
+0.077655,+0.156910,-0.225679,+0.333239,+0.048248,-0.531303,-1.013284,-0.470780,
+0.322128,+0.473400,-0.214012,+0.216409,+0.676155,-0.368129,-0.176138,+0.031100,
+0.619890,-0.104820,-0.942143,-0.315193,+0.205749,-1.200804,-0.614462,+0.202532,
+0.113137,-0.161015,-0.659523,+0.361207,-0.555793,-0.617410,-0.427382,-0.463147,
+0.424273,-0.297175,-0.128745,-0.715082,-1.349436,-0.080165,+0.195927,-0.426339,
+0.095961,+0.234633,-0.065481,-1.161349,+0.035324,+0.271923,-0.200984,-1.380841,
-0.578110,-0.790203,-0.140497,+0.771708,+0.827986,+0.916469,-0.283695,-0.429453,

channel --> 26
-0.172213,+0.217868,+0.143872,+0.021558,+0.008325,-0.010559,+0.304064,+0.407202,
-0.194750,-0.800428,-0.528368,-0.279016,-0.320821,-0.091483,+0.076475,+0.246284,
-0.304189,-0.864250,+0.417243,+0.782107,+0.237691,+0.786174,+0.449348,-0.287453,
-0.300822,+0.294432,+0.232384,-0.288297,+0.096727,+0.250571,+1.400976,+0.260238,
-0.274386,-0.111412,+0.115407,-0.738862,-0.136744,+0.446372,-0.377731,-0.466453,
+0.256331,+0.060899,-0.502714,-0.420032,+0.638795,+0.351639,-0.325269,+0.212242,
+0.020566,+0.385050,+0.264200,-0.091372,+0.031286,-0.090127,-0.132251,+0.362899,
+0.450650,+1.008179,+0.943096,+0.162123,+0.239398,-0.146284,+0.451534,+0.502126,

channel --> 27
-0.158133,-0.441464,+0.210919,+0.460288,+0.417404,+0.180490,-0.518866,-0.052663,
+0.116039,-0.249331,+0.468646,+0.865192,+0.524878,+0.552552,+0.484672,-0.339641,
+0.139953,-0.480698,-0.500905,-0.005648,-0.147337,-0.258065,+0.560501,+0.074296,
+0.133777,-0.840387,-0.448487,+0.106324,-0.542670,-0.564989,-0.090392,+0.253505,
+0.739837,+0.144363,-0.265596,+0.003541,+0.376543,-0.261053,+0.171171,+0.006685,
+0.063098,-0.075330,+0.034591,-0.138399,-0.020476,-0.079887,+0.071433,+0.105813,
+0.128717,-0.153270,-0.722286,+0.283583,+0.312327,-0.604762,-0.270939,-0.120279,
+0.214951,-0.366625,-0.177176,+0.532151,+0.489972,-0.341483,+0.038108,+0.237701,

channel --> 28
+0.135390,+0.384545,-0.141343,+0.346063,+0.318392,+0.305722,-0.201197,-0.777573,
+0.217542,+0.969784,+0.058628,-0.090102,-0.079491,-0.278149,+0.317039,+0.859148,
+0.096129,+0.120489,-0.432479,-0.336371,+0.111920,-0.408590,-0.299332,+0.022918,
-0.456871,-0.164409,-0.471732,-0.865997,-0.746932,-0.282655,-0.612964,-0.552676,
-0.483759,-0.470184,+0.084799,-0.582186,-0.626591,-0.111228,-0.416764,+0.023626,
-0.941953,+0.021678,+0.152618,-0.932245,-0.166152,+0.012038,+0.078838,-0.044071,
-0.638316,-0.230891,-0.132869,+0.447734,-0.581286,+0.121851,-0.402232,+0.023776,
+0.125888,-0.614040,-1.002891,-0.251024,-0.006037,-0.092545,+0.462792,+0.103036,

channel --> 29
+0.297283,+0.098039,+0.270041,+0.423794,+0.351375,+0.149169,+0.146106,+0.223383,
-0.167185,+0.428885,+0.291061,+0.546062,+0.316375,+0.139587,+0.123188,-0.010369,
-0.242509,+0.028859,+0.298476,+0.249435,+0.187436,+0.566431,-0.122720,+0.035230,
-0.082759,+0.637596,+0.782057,+0.469842,+0.293040,+0.670899,+0.841532,+0.042288,
+0.520427,+0.695737,+0.495075,+0.600905,+0.218516,+0.617633,+0.842032,+0.231000,
+0.108496,+0.287912,+0.032716,+0.691484,+0.786168,+0.250471,+0.092541,-0.220715,
-0.128286,-0.047836,-0.415159,+0.123874,+0.557523,-0.149874,-0.266641,+0.051247,
+0.207713,+0.702499,+0.510637,+0.307672,+0.036206,-0.127930,-0.045508,+0.249381,

channel --> 30
-0.134960,+0.086851,+0.316293,+0.240763,+0.259637,+0.332440,-0.022792,+0.050492,
-0.208004,+0.177830,+0.428588,-0.330166,-0.157172,+0.179430,-0.098057,-0.336613,
-0.060727,+1.243394,+0.888259,+0.117216,+0.474729,+0.414825,+0.412756,+0.603381,
+0.036470,+0.309563,-0.129651,+0.820324,+0.274919,+0.444294,-0.004583,+0.397988,
-0.217478,+0.554819,-0.490795,+0.618056,+0.586851,-0.265993,-0.135059,+0.633321,
-0.069130,+0.374095,-0.165095,+0.236744,+0.158665,-0.095553,-0.212804,+0.405640,
+0.494766,+0.329377,+0.066144,+0.339667,+0.005942,+0.230862,+0.366136,-0.243035,
-0.222877,+0.305481,+0.149721,-0.299529,-0.490770,+0.137501,+0.130138,-0.559297,

channel --> 31
+0.028041,-0.439381,-0.495069,-0.237897,-0.192234,-0.290463,-0.061583,+0.404703,
+0.145079,-0.466571,+0.003432,+0.122913,-0.081454,-0.276810,-0.646766,-0.253963,
+0.051664,+0.127082,+0.600048,+0.720180,+0.708790,+0.336724,-0.114074,+0.059903,
-0.504416,-0.080022,+0.224513,+0.406381,+0.299658,+0.433606,-0.823226,-0.064967,
-0.127390,-0.302948,-0.328057,-0.412084,-0.411180,-0.404338,-0.412411,+0.226187,
+0.145163,-0.400739,+0.210506,+0.009873,+0.136202,+0.392467,+0.484374,+0.543900,
+0.383607,+0.940564,+0.072420,+0.050921,+0.529039,+0.196406,+0.389343,+0.203188,
-0.005271,-0.205491,-0.121195,-0.044459,+0.257346,-0.319549,+0.352477,+0.513718,

channel --> 32
-0.029271,+0.095807,+0.254908,+0.129887,+0.229512,+0.207658,-0.146175,-0.649653,
+0.423464,+0.028122,-0.557414,+0.173091,+0.313036,+0.269862,-0.236830,-0.050945,
+0.481591,-0.495726,-0.713831,+0.089460,-0.487685,-0.532655,-0.208491,+0.001169,
-0.474630,-0.563579,-0.574823,-1.077947,-0.339551,-0.447054,-0.718641,-0.321286,
-0.122759,+0.136982,+0.208495,-0.870052,-0.714039,+0.128015,-0.384808,-0.031439,
-0.351401,-0.174464,+0.485988,+0.582426,+0.062237,+0.434861,+0.734259,-0.329445,
-0.485035,-0.291835,+0.374553,-0.100947,-0.023506,+0.191654,+0.478606,-0.961052,
-0.138557,-0.864035,-0.835512,-0.042529,+0.527901,-0.309299,+0.147201,-0.082166,

channel --> 33
+0.083952,+0.095874,-0.095333,-0.126538,-0.072461,-0.208934,-0.319842,+0.323123,
+0.017990,-0.210532,+0.282556,+0.356305,+0.613696,+0.230556,-0.397510,-0.513617,
+0.023895,+0.213732,-0.127694,-0.020153,+0.398270,+0.143576,+0.297419,-0.220368,
+0.134633,-0.053968,-0.033784,-0.328547,-0.547028,-0.588471,+0.135977,+0.152920,
+0.621071,+0.119591,-0.163526,+0.154638,+0.048064,-0.439940,+0.637399,+0.105152,
+0.131140,+0.251167,+0.171227,+0.015432,+0.055124,-0.380235,+0.507498,+0.106345,
+0.178329,-0.161483,+0.154872,+0.052420,-0.371732,+0.238846,-0.518905,-0.330709,
+0.291665,-0.426910,-0.733685,+0.422257,+0.387483,+0.623055,+0.452243,+0.156014,

channel --> 34
+0.360938,+0.376005,+0.220454,-0.264296,-0.323322,-0.234142,-0.627262,-0.115220,
+0.246138,-0.491077,-0.535761,-0.247991,-0.065631,-0.318643,+0.642053,-0.070068,
-0.192512,-0.516628,+0.054520,-0.275633,-0.111421,-0.516256,-0.052225,-0.396820,
-0.695932,+0.000881,+0.179802,-0.214685,+0.477190,-0.397899,-0.289395,-0.004974,
-0.011423,-0.626876,-0.135623,-0.316584,-0.403846,-0.128374,+0.205099,+0.025722,
-0.560239,+0.239248,+0.331870,+0.191908,-0.911581,+0.609310,+0.427192,-0.479731,
-0.425971,-0.456725,+0.181332,-0.265054,-0.159000,+0.115310,-0.154122,+0.281309,
+0.098397,+0.531562,+0.181784,-0.049530,-0.279720,+0.065342,+0.009287,+0.396823,

channel --> 35
-0.193421,+0.003669,+0.334933,+0.296169,+0.197043,+0.175451,+0.474103,+0.273245,
-0.244922,+0.041977,+0.374417,+0.400296,+0.184560,+0.184412,-0.408218,+0.138909,
-0.371823,-0.187745,+0.352747,+0.005732,-0.299268,-0.579647,-0.352819,-0.122497,
-0.327558,+0.052344,+0.445183,-0.813924,-0.211997,+0.317606,-0.510296,+0.014868,
-0.063179,+0.721507,+0.633460,+0.019808,+0.144488,+0.764112,-0.282544,-0.188659,
-0.248067,+0.441691,+0.136796,-0.656964,-0.448999,+0.170414,-0.623150,+0.142257,
+0.172288,+0.796668,+0.308124,-0.046805,+0.105898,+0.282436,-0.448271,-0.338339,
-0.001038,+0.308308,+0.473967,-0.196823,+0.468685,-0.123527,-0.135265,-0.096426,

channel --> 36
+0.265393,-0.001177,-0.080738,-0.151524,-0.096501,-0.046922,-0.064552,+0.320705,
-0.143868,-0.746141,-0.102504,-0.275335,-0.196508,-0.055736,+0.390593,+0.038919,
-0.381845,+0.868218,+0.567752,+0.441616,+0.383615,+0.317786,+0.258820,+0.180522,
-0.400628,+0.430499,-0.150497,-0.183443,-0.208372,-0.197692,+0.308860,+0.208355,
+0.015694,+0.533260,-0.478107,+0.115997,+0.128751,-0.202538,-0.063811,+0.309666,
-0.956147,+0.616608,-0.310227,+0.530590,+0.268427,+0.144398,-0.453902,+0.212647,
+0.049540,+0.702137,-0.256415,-0.490559,-0.682844,+0.183375,-0.232137,+0.516255,
+0.615186,+0.662660,+0.219253,-0.238929,-0.398391,+0.225034,+0.082473,+0.300552,

channel --> 37
+0.050516,+0.144450,+0.092612,-0.213007,-0.392074,-0.683824,-0.231325,+0.313501,
+0.134940,+0.472517,-0.161638,-0.031037,+0.001803,-0.021459,-1.649783,+0.161598,
-0.035954,+0.332915,-0.080406,-0.367552,+0.534720,-0.502811,+0.247460,-0.174951,
+0.001915,+0.408289,+0.123631,-1.059914,-0.103954,+0.080492,-0.505433,+0.355577,
+0.107194,+0.705353,-0.085816,+0.343655,-0.578645,-0.306217,+0.664305,-0.384839,
+0.045779,+0.287111,+0.386800,+0.147920,-0.875437,+0.413831,+0.514998,+0.266855,
-0.057739,-0.232117,+0.673707,+0.123137,-0.366237,+0.045382,+0.699901,+0.304026,
-0.110588,-0.294494,-0.825078,+0.034171,-0.589695,+0.203543,-0.108068,+0.077977,

channel --> 38
-0.080095,+0.115654,-0.112261,+0.061960,-0.141958,-0.124177,-0.029134,-0.179723,
+0.191371,-0.179495,+0.144882,+0.078066,-0.035698,+0.304223,+0.222061,+0.000747,
+0.049849,-0.388255,+0.699571,+0.201269,+0.253033,+0.207313,+0.578246,-0.362617,
+0.686206,+0.015675,-0.003718,+1.251704,+1.101572,+0.556791,+0.259397,-0.371660,
-0.149951,-0.041827,-0.491464,-0.278239,-0.538879,-0.582672,-0.409042,+0.024388,
+0.790357,+0.030603,-0.280373,-0.158587,-0.433655,-0.502920,-0.274291,-0.230242,
-0.171719,+0.127605,-0.029174,+0.504319,+0.163693,+0.654226,+0.149453,-0.360194,
+0.324122,+0.641091,-0.069816,-0.125281,-0.076950,+0.729666,+0.336155,-0.344006,

channel --> 39
-0.131240,-0.396762,-0.336798,-0.212060,-0.275349,-0.523174,-0.310080,+0.051821,
+0.025283,-0.750047,-0.453265,+0.195486,+0.001981,-0.026739,-0.341359,-0.455519,
+0.042364,-0.125861,-0.257311,+0.197610,+0.220857,+0.203293,+0.577621,-0.305800,
-0.218207,-0.515685,-0.286413,-0.051739,-0.823750,+0.161150,-0.018486,-0.424937,
+0.160977,+0.160438,-0.524810,-0.036626,+0.093693,-0.301172,+0.014728,-0.022447,
-0.049763,+0.022137,-0.517828,+0.164547,+0.157713,-0.381926,-0.096033,-0.122613,
-0.025893,+0.092026,-0.154282,-0.031078,-0.000764,-0.509096,-0.287990,+0.141387,
+0.141875,-0.290845,-0.345284,+0.014617,+0.291061,-0.302491,-0.235726,+0.060051,

