channel --> 0
-0.050527,-0.186379,
+0.024846,-0.013749,

channel --> 1
+0.066125,+0.054535,
+0.104060,+0.040099,

channel --> 2
+0.002341,+0.059822,
-0.022500,-0.004849,

channel --> 3
-0.014228,-0.022276,
+0.003470,-0.106975,

channel --> 4
-0.105488,-0.316405,
+0.162711,+0.005500,

channel --> 5
-0.006389,-0.099878,
+0.016506,-0.010877,

channel --> 6
+0.029555,-0.034062,
+0.053642,+0.026366,

channel --> 7
+0.128611,-0.077429,
+0.261144,+0.059881,

channel --> 8
+0.002246,-0.141177,
-0.031974,-0.070315,

channel --> 9
+0.036625,-0.097093,
+0.009533,+0.040471,

channel --> 10
+0.042452,+0.113942,
+0.076315,-0.005983,

channel --> 11
-0.012099,-0.094781,
-0.008261,-0.123577,

channel --> 12
-0.112812,-0.123511,
+0.471306,+0.168366,

channel --> 13
-0.003603,+0.798749,
-0.401601,+0.302859,

channel --> 14
-0.104439,+0.206322,
-0.028416,+0.040731,

channel --> 15
+0.034171,-0.048003,
+0.103502,+0.143699,

channel --> 16
+0.082475,+0.115258,
-0.018943,-0.047119,

channel --> 17
-0.041809,-0.006949,
-0.063821,-0.057698,

channel --> 18
+0.061701,-0.137373,
+0.091541,-0.241196,

channel --> 19
-0.048274,-0.061512,
+0.114811,-0.015152,

channel --> 20
-0.177751,+0.034223,
+0.266575,-0.076778,

channel --> 21
+0.120087,+0.156575,
-0.100601,+0.111792,

channel --> 22
+0.039030,-0.303651,
+0.039537,-0.101171,

channel --> 23
-0.102534,-0.045470,
-0.366455,+0.126222,

channel --> 24
+0.013456,+0.112654,
-0.003800,-0.039915,

channel --> 25
-0.169363,-0.379628,
+0.254306,+0.017510,

channel --> 26
+0.000193,+0.153431,
-0.048818,-0.266678,

channel --> 27
-0.049715,-0.252177,
+0.113014,-0.207264,

channel --> 28
-0.139891,-0.261524,
+0.158897,+0.005486,

channel --> 29
+0.024651,+0.117907,
-0.282106,-0.238058,

channel --> 30
+0.021949,-0.200537,
-0.099641,-0.078019,

channel --> 31
+0.120783,-0.018153,
-0.010349,+0.038905,

channel --> 32
+0.077889,+0.374255,
-0.114037,+0.043966,

channel --> 33
+0.334510,-0.012499,
-0.009534,+0.135324,

channel --> 34
-0.015497,+0.159828,
-0.110393,-0.120888,

channel --> 35
+0.264692,+0.156119,
-0.109289,-0.187430,

channel --> 36
+0.190697,-0.086308,
-0.047877,-0.055204,

channel --> 37
-0.007657,-0.344213,
-0.353944,-0.236175,

channel --> 38
-0.102757,+0.433666,
+0.147937,+0.048647,

channel --> 39
+0.029796,+0.102180,
-0.242243,+0.063922,

channel --> 40
-0.275400,+0.033618,
+0.202808,-0.101610,

channel --> 41
-0.227890,-0.019948,
-0.160265,+0.115726,

channel --> 42
+0.156846,+0.184888,
+0.025482,+0.104549,

channel --> 43
-0.335935,+0.159338,
-0.104464,-0.084134,

channel --> 44
+0.002443,+0.210781,
-0.065439,-0.176986,

channel --> 45
+0.032880,+0.186996,
-0.052533,+0.109391,

channel --> 46
+0.036405,+0.234827,
+0.081216,+0.078612,

channel --> 47
-0.005681,-0.073707,
+0.124324,+0.099987,

channel --> 48
+0.098067,-0.037296,
+0.005880,-0.060383,

channel --> 49
+0.003044,+0.132429,
-0.090971,-0.020991,

channel --> 50
+0.025026,+0.381517,
-0.157402,+0.035346,

channel --> 51
+0.131309,-0.029859,
-0.032352,-0.104892,

channel --> 52
-0.267306,+0.105465,
-0.238002,+0.007747,

channel --> 53
-0.057299,+0.278550,
+0.043514,-0.179437,

channel --> 54
+0.044221,-0.028872,
-0.022957,+0.158033,

channel --> 55
-0.054348,-0.026328,
+0.377305,+0.014395,

channel --> 56
+0.010124,-0.044076,
-0.166877,+0.012427,

channel --> 57
+0.141260,-0.031333,
-0.080455,-0.209784,

channel --> 58
+0.166371,-0.093231,
+0.190082,-0.090598,

channel --> 59
-0.096783,-0.235751,
+0.123411,+0.065713,

channel --> 60
+0.053439,+0.153399,
-0.069032,+0.018181,

channel --> 61
-0.251909,+0.119185,
-0.190340,-0.119300,

channel --> 62
-0.060051,+0.401888,
-0.278690,-0.054394,

channel --> 63
-0.015801,+0.177775,
-0.074888,-0.047410,

channel --> 64
+0.027400,-0.168270,
+0.029851,+0.150877,

channel --> 65
+0.179201,-0.010187,
-0.072322,+0.038211,

channel --> 66
-0.171113,+0.006304,
+0.103880,+0.101455,

channel --> 67
-0.433322,-0.102445,
-0.066948,+0.049945,

channel --> 68
-0.317190,-0.002898,
+0.054456,+0.357087,

channel --> 69
+0.062041,-0.115843,
+0.015025,+0.015811,

channel --> 70
-0.068959,-0.039048,
+0.019099,-0.064787,

channel --> 71
-0.092934,-0.205499,
+0.188752,+0.036772,

channel --> 72
-0.001242,-0.031837,
+0.103395,-0.168798,

channel --> 73
-0.122476,+0.112226,
-0.153859,+0.081821,

channel --> 74
-0.046592,+0.343105,
-0.186315,-0.391980,

channel --> 75
+0.007992,-0.085375,
+0.121607,+0.182541,

channel --> 76
-0.119290,+0.002496,
+0.337975,-0.181375,

channel --> 77
-0.197442,-0.167736,
+0.159278,+0.062859,

channel --> 78
+0.209341,+0.534462,
-0.096552,-0.563306,

channel --> 79
-0.108835,+0.240968,
-0.031792,-0.032830,

channel --> 80
-0.238084,-0.100587,
-0.215399,-0.145694,

channel --> 81
-0.149095,-0.129721,
-0.030699,-0.057872,

channel --> 82
+0.274257,-0.116141,
-0.169815,+0.058558,

channel --> 83
-0.059787,+0.463657,
+0.091176,+0.057719,

channel --> 84
+0.017903,-0.174136,
-0.090220,-0.227271,

channel --> 85
+0.008091,-0.001723,
-0.027002,-0.006776,

channel --> 86
-0.097199,+0.444595,
-0.323662,-0.302378,

channel --> 87
-0.090482,-0.052884,
-0.071952,+0.034215,

channel --> 88
+0.018506,+0.480176,
-0.260535,+0.444612,

channel --> 89
-0.658848,+0.286000,
-0.432179,+0.368219,

channel --> 90
-0.003879,-0.183126,
+0.197356,-0.138347,

channel --> 91
-0.016129,-0.084089,
-0.017477,-0.099893,

channel --> 92
-0.023305,-0.014068,
+0.115293,+0.036611,

channel --> 93
-0.002354,+0.129352,
+0.064473,-0.005657,

channel --> 94
+0.069327,-0.289522,
+0.000693,-0.114885,

channel --> 95
-0.012501,+0.248120,
-0.030275,+0.019679,

