channel --> 0
-0.121716,+0.027469,+0.000906,-0.171946,
-0.327774,+0.130088,+0.117011,+0.088835,
-0.132834,+0.026896,+0.094285,+0.105482,
+0.135700,+0.033189,-0.162447,-0.016975,

channel --> 1
+0.223957,-0.054555,+0.197141,+0.182938,
+0.386278,+0.269957,+0.413975,+0.221708,
+0.123620,-0.034705,-0.029377,+0.121003,
+0.193142,+0.013199,+0.037203,+0.100372,

channel --> 2
-0.026372,-0.161088,-0.468253,-0.034823,
+0.046655,+0.256949,+0.027359,+0.303933,
-0.196996,+0.136446,-0.570474,-0.327571,
+0.067574,+0.023293,-0.219473,+0.396960,

channel --> 3
-0.067323,-0.257100,-0.164852,+0.129615,
+0.018433,-0.526003,-0.031276,+0.133169,
-0.117669,-0.734123,+0.661123,-0.128033,
-0.238747,-0.029212,-0.196839,+0.206453,

channel --> 4
+0.184869,-0.068634,+0.083264,+0.033690,
+0.119426,-0.117577,-0.015406,+0.050770,
+0.465702,+0.501661,+0.948833,+0.560566,
+0.445478,-0.368909,+0.182540,-0.010047,

channel --> 5
-0.044515,+0.128502,+0.520742,-0.238986,
+0.041004,+0.273909,+0.080468,+0.144186,
-0.182809,+0.691274,-0.120566,+0.110455,
-0.178193,-0.331391,-0.304401,-0.070806,

channel --> 6
+0.024459,-0.078795,-0.180096,-0.136959,
-0.027344,-0.539355,-0.128251,-0.100420,
-0.054671,+0.252684,+0.189823,-0.036374,
+0.131983,-0.312324,+0.423444,-0.095154,

channel --> 7
-0.270151,-0.071391,+0.078339,-0.105520,
-0.555521,-0.020123,-0.017529,+0.132502,
+0.052285,-0.546192,+0.274261,+0.015973,
+0.085802,-0.312983,-0.207951,-0.216569,

channel --> 8
+0.078697,-0.092891,-0.040220,+0.123596,
+0.157028,-0.037395,-0.242253,+0.049748,
-0.374752,-0.484548,-0.698800,-0.696274,
+0.148132,+0.052454,+0.018161,+0.025840,

channel --> 9
+0.164442,+0.031031,-0.024080,+0.054149,
+0.088992,+0.195232,-0.019200,-0.285158,
+0.085167,+0.235244,-0.061055,+0.462666,
+0.110692,+0.367389,-0.094582,+0.061888,

channel --> 10
-0.025981,+0.196872,+0.186720,+0.042042,
-0.561683,-0.424243,-0.415878,-0.000165,
+0.290828,+0.277591,+0.604796,+0.044753,
+0.033427,+0.056391,-0.223991,-0.404994,

channel --> 11
+0.117445,+0.674468,-0.001773,+0.036251,
-0.117274,+0.256328,-0.021296,-0.117740,
+0.427531,+0.369136,+0.802370,-0.166571,
-0.311197,-0.478293,+0.272332,-0.228761,

channel --> 12
-0.002801,-0.059758,-0.079742,+0.233280,
-0.248474,-0.294120,-0.453190,-0.000420,
-0.012816,+0.418387,+0.962327,+0.162460,
-0.106347,-0.091006,+0.215608,-0.272984,

channel --> 13
-0.421483,-0.175021,-0.946219,-0.290812,
-0.474709,+0.373312,+0.291804,+0.356291,
-0.160000,-0.915167,-0.396186,-0.214540,
+0.319522,+0.202228,+0.179547,+0.543855,

channel --> 14
+0.044670,-0.015603,-0.298000,-0.019337,
-0.377303,-0.042937,+0.622601,+0.080960,
-0.300703,-1.170029,-1.620813,-0.286423,
-0.002727,-0.098526,+0.043283,+0.341329,

channel --> 15
-0.321666,-0.282953,-0.090980,-0.362172,
-0.178753,+0.267547,-0.094761,+0.038237,
+0.075472,+0.208077,+0.073142,-0.392101,
+0.066926,-0.089602,-0.100110,-0.393590,

channel --> 16
+0.174245,+0.273759,+0.739977,+0.042168,
+0.017791,-0.265398,+0.260527,+0.251268,
+0.413340,+0.380301,+0.561545,+0.392144,
-0.306479,-0.526751,+0.144575,-0.192930,

channel --> 17
-0.056575,-0.010973,-0.269862,-0.113954,
-0.192685,+0.264356,+0.178043,+0.016934,
-0.207300,+0.346095,+0.316419,+0.096090,
-0.272304,+0.315823,-0.380726,+0.204916,

channel --> 18
-0.233932,+0.051279,+0.492733,+0.303045,
-0.196488,+0.305480,+0.063572,-0.228241,
+0.030321,-0.472881,-0.724881,-0.409202,
+0.270618,+0.217542,-0.271529,-0.059658,

channel --> 19
+0.041463,-0.225472,-0.225619,-0.015152,
-0.070790,+0.382873,+0.361476,+0.285850,
-0.182889,-0.310095,-0.379284,-0.231579,
+0.361434,+0.163053,+0.013356,+0.093439,

channel --> 20
-0.111943,+0.052672,-0.235889,-0.101826,
-0.114409,+0.255584,+0.531664,+0.497337,
+0.490073,-0.208993,+0.591154,-0.043919,
-0.448443,+0.016892,+0.100621,-0.743525,

channel --> 21
+0.027183,+0.121871,-0.040468,-0.103169,
-0.331010,+0.642223,+0.047075,+0.154341,
+0.146096,-0.078159,-0.131319,-0.232598,
-0.100883,+0.016237,-0.122794,+0.184458,

channel --> 22
+0.247524,+0.118109,+0.080211,+0.084447,
-0.077483,-0.120947,+0.092871,+0.071181,
-0.197203,-0.149165,-0.617973,-0.271839,
+0.087932,+0.225765,-0.118231,+0.182312,

channel --> 23
+0.359805,+0.116854,-0.087493,+0.022123,
+0.487522,+0.420431,+0.015598,-0.031815,
-0.113344,+0.298150,-0.509625,-0.007834,
-0.407868,+0.001196,-0.205647,-0.069662,

channel --> 24
+0.051510,-0.008580,-0.358886,-0.139045,
+0.245798,-0.442599,-0.166615,-0.233925,
+0.324625,+0.341623,+0.297132,+0.199645,
-0.042483,+0.578864,+0.090734,+0.114867,

channel --> 25
-0.058249,+0.111472,+0.310060,+0.145933,
+0.140176,+0.244749,+0.510799,+0.299652,
+0.246550,+0.018843,+0.228325,+0.110900,
+0.080562,+0.065908,+0.114861,-0.199814,

channel --> 26
+0.167104,-0.150715,-0.208204,-0.225049,
+0.689429,-0.466682,-0.073173,-0.096838,
+0.963874,-0.298885,+0.230683,-0.127648,
+0.049109,+0.102094,+0.276624,-0.015684,

channel --> 27
-0.237686,-0.142584,+0.088615,+0.136708,
-0.225419,+0.365588,-0.003049,+0.019011,
-0.172726,+0.041985,-0.223767,-0.205107,
+0.569317,+0.422485,+0.406144,+0.151295,

channel --> 28
-0.098225,+0.293421,+0.036323,+0.084150,
-0.254394,-0.116737,-0.017127,+0.061981,
-0.741407,-0.025321,-0.151220,-0.041411,
-0.379268,-0.092205,-0.137583,+0.255171,

channel --> 29
+0.044826,+0.125723,+0.258932,+0.043141,
+0.039199,+0.127868,+0.409326,+0.142212,
-0.107515,-0.730321,-0.581868,-0.209383,
+0.373232,+0.017957,+0.031684,+0.489019,

channel --> 30
-0.044959,+0.017891,+0.031602,+0.008180,
+0.166962,+0.104340,-0.255604,-0.125215,
+0.167739,+0.112799,+0.257196,-0.427413,
+0.070899,+0.127482,+0.337321,-0.174966,

channel --> 31
-0.185442,-0.262727,-0.324991,+0.031338,
-0.041598,-0.151458,-0.029635,+0.037068,
-0.047529,+0.463254,+0.582916,+0.331071,
-0.050107,+0.391301,-0.263844,-0.153765,

channel --> 32
-0.055002,+0.234342,+0.281210,+0.085318,
-0.250552,-0.174501,-0.011201,-0.059161,
-0.094969,+0.532606,+0.619165,-0.052654,
-0.052859,+0.172586,-0.159400,+0.107584,

channel --> 33
+0.087901,+0.065636,+0.115557,-0.022587,
-0.063276,+0.215566,-0.307222,-0.083621,
-0.138795,+0.159511,-0.160808,-0.197151,
-0.170017,-0.409576,-0.417343,-0.102188,

channel --> 34
+0.168291,+0.393828,+0.791463,+0.440061,
+0.001931,+0.179913,+0.447058,-0.072492,
+0.179083,+0.230925,-0.283671,+0.116505,
-0.239379,-0.251874,-0.077465,+0.105123,

channel --> 35
-0.096410,+0.062550,+0.041155,+0.036853,
-0.055762,+0.051045,-0.016955,+0.138419,
-0.319441,-0.173927,-0.850787,-0.050004,
-0.172945,+0.059983,-0.404207,+0.071389,

channel --> 36
-0.042873,-0.183053,+0.012701,+0.069700,
-0.091074,-0.346080,-0.610035,+0.077730,
+0.126551,+0.226426,+0.804008,-0.106945,
-0.151576,+0.001196,+0.292654,-0.384865,

channel --> 37
+0.241217,+0.056468,-0.161675,-0.061641,
+0.267386,+0.049136,+0.304268,+0.119886,
-0.033064,-0.036267,+0.058376,+0.058008,
-0.071886,-0.080599,-0.082317,-0.005040,

channel --> 38
+0.016541,+0.395761,+0.439898,+0.182463,
-0.198422,+0.169767,+0.161445,+0.373727,
-0.012741,-0.347150,-0.109497,-0.241174,
-0.169632,-0.227213,+0.050875,-0.068388,

channel --> 39
+0.005896,-0.154625,+0.019198,-0.089192,
-0.347501,+0.227195,+0.385062,+0.144207,
-0.503939,-0.452922,-0.552675,+0.174783,
+0.039151,-0.285611,-0.179706,+0.024843,

channel --> 40
+0.146474,-0.152014,-0.041216,-0.050856,
+0.168032,+0.133337,+0.125362,+0.300795,
+0.134587,+0.244962,+0.219162,+0.187054,
+0.130597,+0.171155,+0.191900,-0.029939,

channel --> 41
+0.356761,+0.645548,+0.607846,+0.378654,
+0.023712,+0.554014,+0.676455,+0.350488,
-0.285929,+0.828313,-0.457736,-0.142026,
-0.244915,-0.250154,-0.131424,-0.191850,

channel --> 42
-0.280616,-0.354847,-0.691564,-0.322876,
-0.105428,-0.111268,-0.318749,-0.322362,
-0.313822,+0.193971,+0.105535,-0.303423,
+0.514006,-0.260421,+0.221462,-0.019847,

channel --> 43
+0.050158,-0.217153,+0.007764,+0.144620,
+0.000025,-0.460519,-0.436557,-0.344710,
-0.743754,-0.080173,-0.014300,+0.043458,
-0.046806,+0.084687,-0.185048,+0.401990,

channel --> 44
-0.068557,+0.008640,-0.099695,-0.109040,
-0.316252,-0.399001,-0.341904,-0.168306,
-0.173925,-0.038818,+0.003370,+0.211556,
+0.269338,-0.182572,+0.232383,-0.054410,

channel --> 45
+0.077446,-0.103308,+0.075491,-0.056296,
-0.071706,+0.144767,+0.010662,+0.167017,
-0.315223,+0.190169,+0.113858,+0.422586,
-0.209036,+0.006751,-0.321612,+0.180946,

channel --> 46
-0.171597,+0.122062,+0.053112,+0.039991,
-0.045353,-0.265597,-0.104667,-0.227171,
+0.214464,-0.156504,+0.161423,+0.029381,
+0.042615,+0.312435,-0.119338,+0.112585,

channel --> 47
+0.051634,+0.165027,+0.350995,+0.071618,
-0.081010,-0.105061,+0.314762,-0.289430,
+0.403265,+0.448706,+0.375078,-0.206266,
-0.246966,+0.179355,+0.241398,-0.149234,

