channel --> 0
-0.045790,-0.121829,
+0.014636,-0.009176,

channel --> 1
+0.006332,+0.104412,
+0.030814,-0.035143,

channel --> 2
+0.005792,+0.049748,
-0.008043,-0.010023,

channel --> 3
+0.001392,-0.059942,
+0.095847,-0.150377,

channel --> 4
-0.111143,-0.300350,
+0.147665,-0.066345,

channel --> 5
+0.002266,-0.041654,
+0.007943,+0.002488,

channel --> 6
-0.095486,-0.000778,
-0.018529,-0.040588,

channel --> 7
+0.094946,-0.013595,
+0.224126,+0.065357,

channel --> 8
-0.009966,-0.136194,
-0.018977,-0.025961,

channel --> 9
+0.024074,-0.030779,
+0.013376,+0.037282,

channel --> 10
-0.015037,+0.040487,
+0.017474,-0.020600,

channel --> 11
-0.012922,-0.115950,
+0.005116,-0.162625,

channel --> 12
-0.100095,-0.196638,
+0.010126,+0.224840,

channel --> 13
-0.010866,+0.814127,
-0.394288,+0.306135,

channel --> 14
+0.072970,+0.145545,
+0.217493,+0.101973,

channel --> 15
+0.009692,-0.083139,
+0.069262,+0.128904,

channel --> 16
+0.118149,+0.139206,
+0.012469,-0.030128,

channel --> 17
-0.031022,-0.048855,
-0.034557,-0.061305,

channel --> 18
+0.062475,-0.122538,
+0.095472,-0.236493,

channel --> 19
-0.049442,-0.062020,
+0.114109,-0.015047,

channel --> 20
-0.167722,+0.035061,
+0.274054,-0.098545,

channel --> 21
+0.099165,+0.096525,
-0.168237,+0.119543,

channel --> 22
+0.044078,-0.304256,
+0.038289,-0.103653,

channel --> 23
-0.056829,-0.040487,
-0.357273,+0.370023,

channel --> 24
+0.005411,+0.061398,
+0.026811,-0.010969,

channel --> 25
-0.197141,-0.346746,
+0.199326,+0.028466,

channel --> 26
-0.012639,+0.124976,
-0.082255,-0.249362,

channel --> 27
-0.037388,-0.185683,
+0.070036,-0.191906,

channel --> 28
-0.153640,-0.213203,
+0.163149,-0.013540,

channel --> 29
-0.013146,+0.011402,
-0.051936,+0.008228,

channel --> 30
+0.089590,-0.109585,
-0.041853,+0.019005,

channel --> 31
+0.113963,-0.025483,
-0.016647,+0.034107,

channel --> 32
+0.079580,+0.187098,
-0.043247,+0.037501,

channel --> 33
+0.211512,+0.021100,
-0.069711,+0.172795,

channel --> 34
-0.037332,+0.049637,
+0.005662,-0.020509,

channel --> 35
+0.326342,+0.224068,
+0.058292,-0.009034,

channel --> 36
+0.207083,-0.066963,
-0.024284,-0.029091,

channel --> 37
+0.019408,-0.270327,
-0.318194,-0.216242,

channel --> 38
-0.117417,+0.196745,
-0.108628,+0.116202,

channel --> 39
+0.031666,+0.103931,
-0.240939,+0.063735,

channel --> 40
-0.281731,-0.005361,
+0.178887,-0.091940,

channel --> 41
-0.198582,-0.051362,
-0.044923,+0.070325,

channel --> 42
-0.004720,+0.001246,
+0.016971,-0.114917,

channel --> 43
-0.374166,+0.150147,
-0.130760,+0.072356,

channel --> 44
+0.066966,+0.138912,
-0.326642,+0.144477,

channel --> 45
+0.056422,+0.270770,
-0.002948,+0.121309,

channel --> 46
-0.007940,+0.168294,
+0.040912,+0.042318,

channel --> 47
-0.102376,+0.012851,
+0.064408,+0.087602,

channel --> 48
+0.081356,-0.032220,
+0.026924,-0.023383,

channel --> 49
-0.003848,+0.083947,
-0.061823,+0.005486,

channel --> 50
+0.007915,+0.147357,
-0.023392,+0.056189,

channel --> 51
+0.171778,-0.012883,
+0.089475,-0.127172,

channel --> 52
-0.201252,+0.035474,
-0.357739,+0.125167,

channel --> 53
-0.086001,+0.274593,
+0.010466,-0.233023,

channel --> 54
+0.033987,-0.013242,
+0.001449,+0.158263,

channel --> 55
-0.097967,-0.107667,
+0.408084,-0.060365,

channel --> 56
+0.025525,-0.042824,
-0.099943,+0.016172,

channel --> 57
+0.140202,-0.028733,
-0.092919,-0.090043,

channel --> 58
+0.179000,+0.073607,
+0.227504,-0.175313,

channel --> 59
-0.036795,-0.180595,
+0.071875,-0.024059,

channel --> 60
+0.080194,+0.136278,
-0.140477,+0.101232,

channel --> 61
-0.239457,+0.138206,
-0.176060,-0.104524,

channel --> 62
-0.066388,+0.178803,
-0.625399,-0.185390,

channel --> 63
-0.013997,+0.148057,
-0.084929,-0.048870,

channel --> 64
+0.039385,-0.196589,
+0.043629,+0.202194,

channel --> 65
+0.159213,+0.053293,
+0.007398,-0.024998,

channel --> 66
-0.134446,-0.005352,
+0.081778,+0.099856,

channel --> 67
-0.425640,-0.086783,
-0.054093,+0.057528,

channel --> 68
-0.326643,-0.004122,
+0.049753,+0.355540,

channel --> 69
+0.033247,-0.029573,
-0.004869,+0.010289,

channel --> 70
-0.083889,-0.046341,
-0.004466,-0.049005,

channel --> 71
-0.047271,-0.088686,
-0.008501,+0.013580,

channel --> 72
-0.000210,+0.003843,
+0.163093,-0.067004,

channel --> 73
-0.125239,+0.116179,
-0.231732,+0.204152,

channel --> 74
+0.020509,+0.246569,
-0.051812,-0.255921,

channel --> 75
+0.009632,-0.023950,
+0.028299,-0.002018,

channel --> 76
-0.132452,-0.012103,
+0.326223,-0.195033,

channel --> 77
-0.174315,-0.158394,
+0.010795,+0.017981,

channel --> 78
+0.185704,+0.444918,
-0.106668,-0.494624,

channel --> 79
-0.108493,+0.221463,
-0.052123,-0.026622,

channel --> 80
-0.094880,-0.107595,
+0.120463,-0.225336,

channel --> 81
-0.080949,-0.099699,
+0.099334,-0.337360,

channel --> 82
+0.274561,-0.082566,
-0.163320,+0.077067,

channel --> 83
-0.038021,+0.171312,
+0.012579,-0.024824,

channel --> 84
+0.018989,-0.133534,
+0.016141,-0.139731,

channel --> 85
+0.002893,-0.028896,
-0.015915,-0.030138,

channel --> 86
-0.072063,+0.402413,
-0.228782,-0.165130,

channel --> 87
-0.089304,-0.001463,
-0.086689,+0.064998,

channel --> 88
+0.031965,+0.278794,
-0.313880,+0.146384,

channel --> 89
-0.664486,+0.291145,
-0.415668,+0.337550,

channel --> 90
+0.028438,-0.161392,
+0.070210,-0.170726,

channel --> 91
+0.027807,-0.025723,
-0.012120,+0.030860,

channel --> 92
-0.038956,-0.048745,
+0.098314,+0.003767,

channel --> 93
-0.039617,+0.104082,
-0.001227,-0.013395,

channel --> 94
+0.078201,-0.283631,
+0.010058,-0.104419,

channel --> 95
-0.003902,+0.184601,
+0.055857,-0.008859,

