channel --> 0
-0.142613,+0.051343,-0.151275,-0.368364,
-0.736919,+0.255795,-0.027126,-0.200335,
-0.109105,+0.174572,+0.002679,+0.100699,
-0.000772,-0.126892,-0.238829,-0.177670,

channel --> 1
+0.039717,-0.145585,+0.203368,+0.342732,
+0.078962,+0.134190,+0.167363,-0.286266,
+0.061868,+0.320295,+0.045833,+0.070712,
-0.180092,-0.186677,-0.067741,+0.107901,

channel --> 2
+0.379380,-0.069729,-0.281104,-0.005771,
+0.042066,-0.083641,+0.156461,+0.303558,
-0.337774,-0.061452,-0.846374,-0.143585,
+0.060309,+0.227964,-0.478543,+0.444138,

channel --> 3
-0.086266,-0.842284,-0.069280,+0.083688,
-0.074712,-0.875802,+0.391569,-0.051350,
-0.021562,-0.621053,+0.799309,-0.035649,
-0.095309,+0.179345,-0.228908,+0.238518,

channel --> 4
+0.185898,+0.016013,+0.036023,+0.025616,
+0.019377,-0.167110,-0.083445,+0.038957,
+0.487385,+0.556647,+0.877423,+0.632388,
+0.432662,-0.419889,+0.181043,+0.065224,

channel --> 5
+0.226379,+0.829983,+0.658877,-0.362480,
+0.333662,+0.113741,-0.027492,+0.423170,
-0.467723,+0.748102,-0.118102,+0.120581,
-0.577899,-0.415291,-0.348121,-0.290803,

channel --> 6
+0.020469,-0.115936,+0.076975,-0.080764,
+0.279612,-0.214336,-0.239875,-0.204401,
-0.184716,+0.046419,+0.120559,-0.038138,
+0.320214,-0.243840,+0.378325,+0.158589,

channel --> 7
+0.111588,+0.119422,+0.175458,-0.160463,
-0.422148,-0.434410,-0.136022,+0.185760,
+0.069546,-0.532491,+0.342607,+0.112330,
+0.091580,-0.393758,-0.260392,-0.305459,

channel --> 8
+0.073985,-0.058470,-0.030681,+0.139702,
+0.092567,-0.078792,-0.252318,+0.033474,
-0.365382,-0.448731,-0.699773,-0.702258,
+0.131858,+0.055941,+0.005152,+0.044169,

channel --> 9
+0.200411,+0.067575,+0.011329,+0.085042,
+0.122893,+0.229275,+0.016225,-0.253476,
+0.120270,+0.266383,-0.027809,+0.495727,
+0.148412,+0.400407,-0.057913,+0.094149,

channel --> 10
-0.025647,+0.411608,+0.164688,+0.106539,
-0.772143,-0.499839,-0.649106,-0.020781,
+0.249693,+0.402402,+0.442926,+0.207888,
+0.131005,-0.018606,-0.210164,-0.266676,

channel --> 11
-0.138632,+0.710138,-0.072813,+0.008746,
-0.152591,+0.142766,+0.176807,-0.022758,
+0.349893,+0.190086,+0.731822,-0.007051,
-0.311153,-0.445607,+0.169904,-0.254649,

channel --> 12
+0.063118,-0.239798,-0.005842,+0.231994,
-0.389309,-0.681538,-0.429194,-0.078921,
-0.057387,+0.399512,+0.974798,+0.105368,
-0.181277,+0.000745,+0.178683,-0.027497,

channel --> 13
-0.561863,-0.265673,-0.974530,-0.241089,
-0.806582,+0.276264,+0.236417,+0.300682,
-0.204880,-0.906360,-0.405506,-0.275491,
+0.313375,+0.130958,+0.236821,+0.566985,

channel --> 14
+0.141316,+0.204201,-0.168923,+0.002416,
-0.707774,-0.031410,+0.508922,+0.223644,
-0.344320,-1.244374,-1.840642,-0.190713,
+0.090884,-0.282702,+0.042004,+0.536542,

channel --> 15
-0.195750,-0.445095,+0.138943,-0.237015,
-0.233252,-0.164483,+0.097426,-0.156748,
-0.133693,+0.115247,+0.311058,-0.439715,
+0.066790,+0.020898,-0.367107,-0.719401,

channel --> 16
+0.007299,+0.066932,+0.817866,+0.189259,
+0.209270,-0.179699,+0.389135,+0.375321,
+0.417055,+0.560037,+0.487276,+0.362407,
-0.262381,-0.381282,+0.249347,-0.163188,

channel --> 17
-0.302172,-0.062119,-0.104202,-0.129863,
-0.177474,+0.346652,+0.200320,+0.093521,
-0.212579,+0.315638,+0.366909,-0.251122,
-0.333637,+0.236233,-0.222602,+0.283748,

channel --> 18
-0.002040,+0.048589,+0.492378,+0.085670,
-0.266658,+0.041729,+0.027173,-0.478567,
-0.114158,-0.519263,-0.829850,-0.372360,
+0.396588,+0.318452,-0.249128,-0.161399,

channel --> 19
-0.017212,-0.200814,-0.342846,+0.043740,
-0.313891,+0.348706,+0.219890,+0.363281,
-0.376521,-0.373185,-0.493620,-0.249380,
+0.165656,+0.080858,-0.121712,+0.179434,

channel --> 20
+0.010251,-0.381962,-0.302525,+0.400389,
+0.065911,+0.421957,+0.192635,+0.515469,
+0.576093,-0.033143,+0.508468,+0.152571,
-0.220893,-0.025938,-0.089443,-0.683686,

channel --> 21
+0.150154,+0.328050,+0.159941,-0.007056,
-0.329958,+0.704451,+0.083627,+0.339123,
+0.097776,-0.138807,-0.104156,-0.301748,
-0.141613,-0.103546,-0.166193,+0.171034,

channel --> 22
+0.329031,+0.264525,-0.110867,+0.097233,
+0.163025,+0.331472,+0.147774,+0.040768,
-0.331970,-0.382145,-0.807211,-0.523974,
+0.078418,+0.200589,-0.035804,-0.060790,

channel --> 23
+0.010303,+0.258797,-0.230457,-0.055649,
+0.467712,+0.820829,+0.112067,-0.023681,
-0.029650,+0.557536,-0.504843,-0.194535,
-0.606685,+0.050354,-0.265365,-0.199224,

channel --> 24
+0.066386,-0.022299,-0.385191,-0.156809,
+0.300030,-0.519230,-0.200946,-0.231704,
+0.329962,+0.309257,+0.303959,+0.195101,
-0.067126,+0.565949,+0.082163,+0.099751,

channel --> 25
+0.141836,-0.040826,+0.370129,+0.124967,
+0.413267,+0.433204,+0.551099,+0.277828,
-0.055190,-0.012480,-0.005425,+0.158876,
+0.251772,+0.306853,+0.349383,-0.306753,

channel --> 26
+0.160144,+0.345232,-0.555002,-0.163870,
+0.589898,-0.149064,-0.518873,-0.090167,
+0.853606,-0.457045,-0.078557,-0.054694,
+0.091295,-0.141869,+0.327268,-0.253595,

channel --> 27
-0.204312,-0.154189,+0.098392,+0.091083,
-0.068770,+0.416338,-0.043658,+0.048608,
-0.182738,-0.041730,-0.199405,-0.222182,
+0.602164,+0.423103,+0.391614,+0.122070,

channel --> 28
-0.297000,-0.193377,+0.045666,+0.141732,
-0.086991,-0.036401,-0.034631,+0.071264,
-0.804111,-0.219190,-0.144328,-0.125984,
-0.430309,+0.038903,-0.016380,+0.220914,

channel --> 29
-0.114689,-0.094101,+0.199045,-0.058248,
+0.112811,+0.080728,+0.434714,-0.040638,
-0.149040,-0.589736,-0.559563,-0.178901,
+0.375971,+0.148662,-0.158305,+0.356538,

channel --> 30
-0.003551,-0.089429,-0.245123,-0.263969,
+0.521730,+0.039468,-0.125150,+0.104631,
+0.109528,-0.363969,+0.242061,-0.780732,
+0.221763,+0.313693,+0.622848,-0.519128,

channel --> 31
+0.087081,-0.185225,-0.375253,-0.041887,
+0.209951,-0.199317,-0.013995,+0.023334,
-0.022804,+0.431456,+0.648808,+0.275605,
+0.034349,+0.362491,-0.221901,-0.157566,

channel --> 32
-0.020697,+0.214779,+0.350803,+0.249968,
-0.301630,-0.124650,+0.004058,-0.160792,
+0.029123,+0.627283,+0.711510,-0.180399,
+0.010667,+0.182604,-0.149707,+0.039528,

channel --> 33
-0.327121,-0.058194,-0.128863,-0.053042,
-0.274995,+0.495129,-0.375809,-0.142194,
-0.202754,+0.104746,-0.240594,-0.143144,
-0.232554,-0.401859,-0.706965,-0.122676,

channel --> 34
+0.438357,+0.493301,+0.974151,+0.610965,
-0.018410,-0.101652,+0.279347,-0.003960,
+0.264447,+0.043317,-0.569764,+0.069387,
-0.120079,-0.268206,-0.023047,+0.165416,

channel --> 35
+0.153840,-0.267498,-0.294256,+0.163240,
-0.116864,-0.145667,-0.067814,+0.666091,
-0.700749,-0.137704,-0.860267,+0.446740,
-0.073992,+0.075953,-0.305814,+0.286592,

channel --> 36
-0.039179,-0.268105,+0.036688,+0.085881,
+0.071559,-0.412435,-0.502473,+0.152378,
+0.201148,+0.209972,+1.030496,-0.183037,
-0.055631,+0.074806,+0.388699,-0.415876,

channel --> 37
+0.173430,+0.232176,-0.216951,-0.075067,
-0.022741,+0.139201,+0.196248,+0.169216,
-0.173878,-0.023807,-0.093029,+0.339681,
+0.098578,-0.259319,-0.045543,+0.189235,

channel --> 38
+0.048754,+0.318255,+0.693702,+0.139919,
-0.049627,+0.165262,+0.396434,+0.256358,
+0.166672,-0.000741,-0.023380,-0.243125,
-0.301467,-0.265348,-0.135839,-0.172946,

channel --> 39
+0.072646,-0.166389,+0.126642,-0.113260,
-0.436928,+0.386791,+0.433733,-0.001834,
-0.546890,-0.258022,-0.628763,+0.122082,
+0.070580,-0.302076,-0.237577,+0.005776,

channel --> 40
+0.173764,-0.144206,-0.242786,-0.041932,
+0.255843,+0.288240,+0.032326,+0.481920,
+0.118970,+0.160081,+0.140664,+0.262472,
+0.080506,+0.118895,+0.149670,-0.071114,

channel --> 41
+0.392081,+0.864189,+0.683542,+0.390247,
-0.183449,+0.558016,+0.610276,+0.264178,
-0.327166,+0.871689,-0.526048,-0.102833,
-0.329787,-0.283066,-0.083972,-0.229493,

channel --> 42
-0.182451,-0.367336,-0.540271,-0.482710,
-0.219339,-0.377079,-0.271830,-0.419464,
-0.325618,+0.188980,+0.172673,-0.517860,
+0.457372,-0.282813,+0.169092,+0.141813,

channel --> 43
-0.199547,+0.146764,+0.143269,+0.138456,
-0.465297,+0.273332,-0.454334,-0.045977,
-0.727811,-0.401442,-0.231986,+0.158467,
+0.153087,+0.014894,-0.040293,+0.344814,

channel --> 44
+0.006784,+0.106168,-0.161326,-0.185824,
-0.217046,-0.371778,-0.529811,-0.492798,
-0.388825,+0.013589,-0.029628,+0.279746,
-0.015827,-0.013804,+0.033239,-0.095576,

channel --> 45
+0.441313,+0.476491,+0.356988,-0.257918,
-0.559770,+0.231857,+0.109778,+0.163264,
-0.227154,+0.180539,+0.067348,+0.491178,
-0.406853,-0.213251,-0.780595,+0.245914,

channel --> 46
-0.020315,+0.246346,+0.179766,-0.088626,
+0.158462,-0.491912,-0.156545,-0.185273,
+0.292240,-0.245249,+0.195322,-0.146841,
+0.014922,+0.316570,-0.270798,+0.031005,

channel --> 47
-0.153451,+0.010389,+0.050639,+0.068406,
+0.569538,+0.573184,+0.461488,-0.057527,
+0.269950,+0.421691,-0.021170,-0.374182,
-0.441447,+0.303763,+0.031213,-0.221554,

