channel --> 0
-0.073995,+0.054002,+0.985103,+0.037509,+0.398619,+0.769543,+0.590264,+0.508073,+0.459480,+0.538266,+0.543738,+0.937145,+0.876211,-0.815031,-0.813653,-0.929418,
-0.210651,-0.056477,+1.288510,+0.574028,+1.264628,+1.512074,+1.192236,+0.735699,+0.744574,+0.810542,+1.612575,+0.707748,+0.961805,+1.197336,-0.291755,-0.822157,
-0.671353,+0.858645,+0.813503,+0.981448,+0.845262,-0.994876,-0.791661,-0.484214,-0.381466,-0.687180,+0.014627,-0.796897,+0.451752,+0.867394,+0.968648,-0.864409,
-0.494012,+0.927415,+1.351984,+1.245115,-0.616802,-0.712271,-0.421524,-0.173714,-0.397035,-0.301324,-0.047495,+0.043245,-1.421952,-0.374658,+1.070135,-0.295622,
-0.438357,+0.945657,+1.338131,+0.092867,-0.868994,-1.025422,-0.980936,-0.811652,-0.765745,-0.823016,-0.851109,-1.479872,-0.871404,-0.678242,+0.726120,-0.159576,
-0.432078,+1.370143,+0.794993,-1.533170,-0.224613,+0.189351,+0.080784,-0.245159,-0.662422,-0.754402,+0.111731,-0.134021,-0.262912,-0.740852,+0.622632,-0.492656,
-0.212718,+1.548300,+0.744177,-1.795078,-0.950682,-0.809262,-0.351983,+0.270235,-0.168960,+1.362628,+0.630272,-0.774648,-0.321946,+0.281072,+0.292704,-0.963677,
+0.222358,+1.765088,+1.557053,+0.934311,+1.589782,+1.517215,+1.645900,+0.695955,+0.463886,+0.876111,+1.097880,+2.182179,+2.195493,+0.681486,+0.957893,-1.153886,
-0.451421,+0.973752,-0.332496,+0.147783,-0.477341,-0.210464,-0.271212,-0.066878,+0.127663,+0.811316,+0.267476,-0.324045,-0.443760,-0.240069,-0.002936,-1.005367,
+0.013991,+1.754235,-0.008270,-1.399895,+0.246919,+0.296981,+0.314963,-0.389407,-0.961347,-1.324386,+0.581653,+0.182678,+0.039039,+0.653533,-0.069280,-0.744011,
-0.075937,+1.205308,+0.915138,-0.607192,-0.634354,-0.400768,+0.541331,-0.422975,-0.955001,+0.103151,+0.009252,+0.653101,+0.235534,+0.541702,-0.055906,-1.433390,
+0.092115,+1.076213,-0.835134,-1.257358,-1.006364,+0.170844,+0.280758,+0.472896,+0.839041,+0.740469,+0.790150,-0.065741,+0.280279,+0.724693,-0.001806,-1.358789,
+0.849619,+0.888206,-1.936925,-1.623112,-1.015159,-0.468310,-0.023338,+0.612148,+0.433063,+0.638534,+0.688609,+0.538868,+0.680059,+0.748747,-1.539191,-1.941260,
-0.520413,-0.906541,-2.046715,-0.467093,-1.209565,-0.379130,+1.033690,+0.732499,+1.331614,+1.895289,+0.659597,+0.477755,+1.134034,-0.053792,-0.605417,-1.518263,
-0.212001,-0.706389,-1.172565,-1.199980,-0.363849,-0.953806,+0.131300,-0.394211,+0.356836,+0.517597,-0.015636,+0.140404,+0.589061,-0.440820,-1.364428,-1.052080,
-0.527640,-0.696950,-0.868843,-1.111338,-0.123939,+0.577790,-0.639211,-0.225248,+0.414120,+0.115776,+0.450140,+0.545228,+0.613338,+0.033303,-1.265988,-0.840810,

channel --> 1
+0.092200,-0.128328,+0.997203,+0.444852,+1.219774,+1.157618,+1.269606,+1.296417,+1.352608,+1.334064,+1.125907,+1.387560,+1.032826,-0.403455,-1.157495,-1.440038,
+0.075424,+1.188759,+0.837429,+0.912600,+0.466400,+0.342260,+0.573974,+0.507089,+0.560438,+0.741082,+0.346674,+0.624274,+1.017701,+1.422787,-1.215668,-1.158622,
-0.227360,+1.276559,+1.172354,+0.211690,-1.056596,-1.230729,-0.937788,-0.716195,-0.852799,-0.335145,-0.639564,-0.618200,-0.255197,+1.057803,-0.357474,-1.108787,
-0.288770,+1.152790,-0.097777,-0.556786,-1.172480,-0.104769,-0.039910,+0.171583,+0.028564,-0.059800,-0.209530,-0.895596,-1.363717,-0.398987,+0.925656,-1.491021,
-0.341193,+0.911083,-0.311377,-1.364813,-0.801306,-0.851681,-0.279033,-0.131033,-0.014460,-0.259646,-0.541887,-0.897398,-0.183132,-0.276343,+0.584487,-1.444200,
-0.341208,+1.285074,-0.043763,-1.687668,-0.322228,+1.091562,+1.390090,+0.703238,+0.496931,+0.585127,+1.047561,+1.064581,+0.087434,-0.684219,+0.193830,-0.874708,
-0.486369,+1.223431,-0.218907,-1.061015,-0.662193,-0.984666,+0.162050,+0.784076,+0.696296,+1.281628,+0.435101,-0.159360,+0.425970,-0.588646,-0.484146,-1.002270,
-1.625852,+1.950760,-0.766162,-0.625650,-0.138568,+0.674318,+0.591725,-0.194382,+0.342851,+0.508062,-0.299598,+0.644969,+0.466695,-0.848013,+0.589884,-1.123353,
-1.039954,+1.899122,-2.313086,-1.373331,-0.436844,-0.347365,-1.281954,-0.644443,-1.803122,+0.818971,-0.690267,-1.025264,-1.019637,+0.129747,-1.180991,-1.127611,
+0.297818,+1.603176,-0.589672,-1.236837,+0.530905,+0.869495,+0.542666,-1.116763,-0.447972,-0.976334,+1.487422,+0.506723,+0.836886,+0.241779,-0.524510,-1.163757,
-0.344349,+1.257179,-0.222673,-0.556378,-0.429552,+0.218468,+0.706407,+0.266729,+0.889431,+1.159616,+0.595638,+0.595743,+0.326147,+0.018945,-0.885234,-1.036308,
-0.224172,-1.221196,-2.126706,-0.703175,-0.182252,+0.045744,-0.480865,-0.740211,+0.295244,-0.034904,+0.199314,+0.613069,+0.626568,-0.099868,-1.692735,-1.239967,
-1.524163,-1.426236,-0.940877,-0.751977,-0.262204,+0.133180,+0.986092,+0.288672,+0.958154,+1.226116,+1.237724,+0.955815,+0.492025,+0.034522,-1.455488,-1.503016,
-2.514173,-1.409185,-1.549496,-0.359129,-0.468838,+0.356384,+0.811976,-0.172063,+0.776449,+0.312827,+0.373494,+0.777763,+0.116013,-1.513824,-0.612220,-1.321964,
-1.919354,-1.444546,-1.946080,-1.894661,+1.039764,-0.146336,-0.313307,-0.475920,-0.000021,+0.093798,+0.567101,+0.510460,+0.659581,-1.582983,-1.528353,-1.104785,
-1.954009,-2.106476,-0.910070,-1.808969,-1.855459,+0.826448,+0.478535,+1.191680,+1.529879,+1.455373,+1.406049,+0.391209,+0.879558,-1.020819,-1.422873,-1.011119,

channel --> 2
-0.945292,-0.660121,-0.598153,+0.236698,+0.261068,+0.336294,+0.016176,+0.229576,+0.140356,+0.278651,+0.283092,-0.186787,-0.235409,-0.295500,+0.274920,+0.386877,
-0.087121,-0.129364,+0.637056,+1.523262,+0.853235,-0.167256,-0.193683,-0.229416,-0.225624,-0.145377,-0.007435,+0.166553,+0.115403,-0.501198,+1.102383,+0.399087,
-0.105980,+0.081241,+0.954943,+0.425444,-0.159074,+0.098384,+0.335479,+0.114817,+0.164798,+0.094869,+0.186683,+0.486045,-0.316137,-0.018666,+0.433910,-0.028659,
-0.065479,+0.162019,+0.725419,-0.911542,+0.773785,+0.406763,+0.349879,+0.343162,+0.323724,+0.424945,+0.303044,-0.123647,+0.038787,-0.110293,-1.070022,+0.375052,
-0.070051,+0.050289,-0.185107,-0.006862,+0.534036,+0.292605,+0.183343,+0.108283,+0.246976,+0.151250,-0.023127,-0.207318,+0.403578,+0.177685,-0.883069,+0.465734,
-0.034937,-0.469191,-0.887495,+0.295516,+0.853215,-0.787380,-0.952845,-0.276699,+0.305351,+0.754827,-0.058947,-0.277591,-0.142994,+0.109816,-1.314964,+0.110538,
+0.140778,-0.444340,-1.248126,-0.124461,+0.166456,+0.054319,+0.390222,-0.253279,+0.342470,+0.150743,-0.586368,-0.542372,+0.184479,-0.014905,-0.923381,+0.175318,
+0.066830,-3.067476,+0.218224,+0.133120,-0.121259,-0.279104,-0.336848,-0.333439,+0.370660,-0.415810,+0.603582,-1.507098,-1.541374,+0.481883,-2.032293,+0.348783,
-0.743345,-1.711757,-1.509226,-1.002053,+0.169365,-0.396527,+0.656419,+0.432105,-0.038582,-1.953790,-0.590380,-0.347104,+0.427280,+0.221675,-0.393503,+0.016742,
-0.393104,-1.077937,-1.372328,+0.095409,-0.751926,-0.278302,+0.038224,+0.086219,+0.120395,-0.546981,-1.307139,+0.071957,-0.174435,+0.228456,+0.223754,+0.656157,
-0.046279,-0.693421,-0.412731,+0.368643,+0.331830,+0.401467,-0.780048,+0.556134,-0.056441,-1.140335,-1.060009,-0.082636,+0.390925,+0.893068,+0.328301,+0.502010,
+0.046467,-1.402894,+0.211915,+0.288878,+0.403320,+0.590808,+0.636436,+0.226721,-0.304353,-0.282663,+0.378198,+0.478861,+0.575366,+0.437876,+0.191600,+0.109409,
-0.033932,-0.845259,+0.280110,+0.286067,+0.407037,+0.513580,+0.000363,-0.207594,-1.273076,-0.822521,-0.728499,+0.040019,+0.590658,-0.415456,-0.217001,-0.360331,
+0.262243,-1.192504,+0.111176,-0.171803,-0.049686,+0.616966,+0.489301,+0.455483,-0.219288,-0.057748,+0.128849,+0.521913,+0.250431,-0.627090,+0.026015,+0.104963,
+0.821219,+0.373682,-0.475534,+0.597921,-1.443872,+0.173569,+0.384022,+0.567552,+0.343877,+0.386983,+0.509898,+0.433075,+0.585298,-0.620627,-0.270708,-0.183840,
+0.417635,+0.697037,-0.807373,+0.218011,+0.206121,-1.242867,+0.348928,+0.314600,+0.352012,+0.522823,+0.332181,+1.638238,+1.274225,-0.861678,+0.197020,-0.098289,

channel --> 3
+0.519690,-0.020034,-0.331481,+0.198645,-0.813595,-0.645472,-0.286743,-0.560977,-0.651859,-0.222210,-0.602091,-0.302083,+0.199868,+0.590965,+0.097038,+0.691835,
-0.311354,+0.012708,-0.434817,-0.631073,-1.015259,-1.062662,-1.169018,-0.793864,-0.700530,-0.621139,-0.908424,-0.771583,-0.609437,-0.699911,+0.052138,+0.234535,
+0.013189,+0.335567,-0.499916,-1.277643,+0.336721,+1.431771,+1.252210,+1.384103,+1.431001,+1.518231,+1.380376,+1.691952,-0.024137,-0.733093,-0.834833,+0.049331,
+0.126434,+0.436915,-0.564121,+0.030367,+0.502802,-0.125606,+0.037529,-0.084546,+0.028797,+0.068572,+0.027211,+0.985743,+2.228063,+0.676261,-1.136015,+0.393712,
+0.069477,+0.537388,+0.306382,+0.022270,+0.146228,+0.251324,-0.152426,+0.157131,+0.022072,+0.215451,+0.316065,+0.253323,-0.263199,+1.681726,-0.707975,+0.225329,
+0.082432,+0.375711,-0.711420,+0.400912,-1.260775,-1.679259,-1.271643,-0.488324,-0.337208,-0.562318,-1.795712,-1.758870,-0.157162,+1.040678,-0.206090,+0.195120,
+0.080812,+0.148571,+0.261209,-0.593222,+0.753260,+1.221367,+0.541772,-0.405015,-0.473448,+0.053471,+1.105692,+1.289363,-0.225941,+0.315912,+0.104498,+0.486594,
+1.253476,+0.831082,+0.217370,+0.538942,-0.202422,-1.152807,-0.983200,+1.135410,-1.195968,-0.239151,+0.489417,-0.651840,-0.340419,+1.447848,-1.043932,-0.058855,
+1.184959,+0.042216,+1.971438,+0.126255,+0.098805,+1.470238,+1.510552,-0.661266,+1.317242,+0.021159,+1.451647,+1.297214,+1.274049,-0.457598,+0.434685,+0.064672,
-0.239621,+0.543625,+0.222828,+1.533416,+0.091323,-0.211349,-0.459001,+1.188794,+0.154883,+2.183929,-0.308680,-0.216981,-0.489013,+0.922763,+0.281498,-0.090237,
+0.145197,+0.535453,-0.820885,+0.201973,+0.411377,+0.244214,+0.307295,-1.215367,-0.927541,-0.857066,+0.774167,+0.147466,+0.290480,+0.050744,+0.218767,+0.020873,
+0.250418,+0.870093,+0.515747,-0.104735,-0.186104,-0.013877,+0.681633,+0.606752,-0.055974,+0.443078,+0.366895,-0.348013,-0.149424,+0.230869,+0.100822,-0.215111,
+0.025350,+0.935440,-0.080138,-0.125107,-0.081682,-0.092375,-0.807904,-1.038895,-0.019750,-0.277525,-0.778411,-0.205505,+0.176904,+0.170426,+0.888451,+0.392715,
+1.835152,-0.854269,+0.179149,-0.206017,-0.183428,-0.262183,+0.525421,+0.243385,+0.083166,+0.402394,+0.806326,-0.164920,+0.463840,+0.468152,+0.018540,-0.176282,
+0.455213,-0.002244,-0.376839,+0.879248,-1.092109,+0.174004,+0.566574,+1.043938,+0.863498,+0.487552,-0.040841,+0.112399,-0.946827,-0.158261,+0.802322,-0.193471,
+0.803821,-0.001341,-0.493007,+0.913370,+0.663888,-0.804362,-0.449948,-1.017764,-0.694289,-1.085852,-0.293306,-0.601938,-1.396455,-0.468705,+0.125548,-0.081364,

channel --> 4
-1.606900,-1.797093,-0.160591,-0.373701,+0.119792,+0.391719,+1.120643,+0.898770,+0.850816,+0.870455,+0.723318,+0.416158,+0.159625,-0.268867,-1.137314,-1.131541,
-0.521647,-0.656072,+0.520274,+1.033664,+0.713958,+1.386081,+2.175107,+2.550740,+2.389326,+2.115552,+1.216711,+1.216235,+0.878908,+0.615474,-0.292286,-0.683160,
+0.383976,+0.147999,+0.812265,+0.718198,+1.868199,+1.073867,+0.592949,+0.751704,+0.410379,+0.555250,+0.090181,+0.631716,+0.540952,+0.592243,+0.810576,-0.532487,
+0.441289,+0.648933,+0.971648,+1.082176,-0.846451,-0.376746,-0.201389,-0.228495,-0.003143,-0.072493,-0.342642,-0.134679,+0.691388,+0.009769,+0.220269,-0.109317,
+0.425514,+0.864625,+0.938420,-1.037630,-0.130324,+0.083883,-0.213285,-0.136911,-0.176456,-0.042567,+0.137035,-0.304163,-0.870296,-0.557634,+0.227452,-0.111670,
+0.587142,+0.449833,-0.078477,-1.245256,-2.046861,+0.202325,+1.112021,+1.187194,+0.058708,-0.608471,-0.269228,+1.306430,+0.934748,-0.504799,-0.323171,-0.231784,
+0.512346,+0.138980,-0.265536,-1.377064,-0.540217,+0.033126,+0.271930,+0.627160,+0.658941,-0.165908,+1.279841,-0.027515,-0.953069,+0.847017,-1.498367,-0.179303,
-0.769058,-1.395715,-2.333285,-0.093947,-1.074869,-0.129148,+0.686852,+0.053445,-0.080719,+0.221315,-0.807611,+1.118885,+0.889327,-0.204857,-0.068200,-0.455181,
-1.147749,-0.206126,+0.715649,-1.771075,-1.339149,+0.286983,+0.293786,-2.865725,+0.994220,-1.025944,+0.758559,+0.855588,+0.024559,-2.233513,+0.113085,-0.428489,
-0.566058,+0.500925,-0.268675,-1.664066,-0.411664,+0.088250,-1.053530,+0.103024,-1.004791,-0.173565,-0.678563,+0.154091,-0.363628,+0.037587,-0.750893,-0.922395,
+0.369475,+0.623611,-0.112903,-0.659844,-0.143126,-0.326721,-1.420251,-2.898260,-0.190343,-0.422521,-0.392555,+0.328269,-0.021356,-0.536123,-0.317899,-0.763706,
+0.065716,+1.243469,-0.383829,-1.186936,-0.876924,-0.609773,-0.486200,+0.741402,+0.468813,+1.005855,+0.468540,-0.176217,+0.062680,-0.272763,-1.277878,-0.719609,
-0.479295,+0.226834,-1.387399,-1.053581,-0.605512,-0.826417,-1.659809,-1.546507,-0.295987,+0.433564,+0.455573,+0.450167,-0.110064,-0.745091,-1.071881,-0.758300,
-0.121245,-2.051278,-0.788528,-1.998690,-0.511587,-0.971061,-0.330463,-0.108833,+0.354617,+0.930466,+0.703770,+0.373633,-0.318195,-0.863085,-1.214275,-0.826509,
-0.672127,-0.761198,-0.182917,-1.856369,-0.304888,+0.217064,+0.038303,+0.164873,-0.036289,+0.163168,+0.375178,+0.385694,-1.594072,-0.120042,-1.823113,-1.569790,
-0.417316,-1.269587,-1.216692,+0.868979,-1.313865,+1.371022,+1.083542,-0.684610,+0.329439,+0.328228,+0.431732,-0.309749,+1.269451,-0.176182,-2.173263,-2.158288,

channel --> 5
+0.424227,+0.779402,+0.516883,+1.536498,+0.898556,+1.374572,+1.222107,+1.244435,+1.144608,+1.337900,+1.236271,+1.212800,+0.431599,+0.466788,+0.702238,+0.618865,
+0.350226,-0.624616,+0.891498,+0.648448,+0.500433,+0.140665,+0.088668,+0.322031,+0.206144,+0.420926,+0.332141,+0.171914,+0.336071,-0.015688,+0.683883,+0.056801,
+0.896965,-1.016222,+0.737118,-0.360101,+0.455613,+1.767059,+1.848749,+1.285261,+1.439665,+1.244529,+1.363394,+1.038775,+0.370312,-0.329541,-0.675879,+0.674953,
+0.769728,-1.379156,+0.314461,+0.500490,+1.414416,+0.475513,+0.601970,+0.467537,+0.536233,+0.631938,+0.350269,+0.935202,+1.751568,+0.453775,-0.733914,+0.822964,
+0.854167,-1.436209,+0.755793,+0.578983,+0.475468,+0.465643,+0.528231,+0.345327,+0.371169,+0.427876,+0.091941,+0.769415,+1.279105,+1.038086,-0.754701,+1.001160,
+0.784118,-1.486410,-0.665431,+1.308666,-0.096738,-1.760179,-1.563319,-0.999637,-0.388738,-1.087115,-2.053096,-2.247425,-0.586110,+0.780412,-0.303621,+0.897542,
+0.869940,-2.020633,-0.860207,-0.775375,+1.186633,+2.023311,+0.918708,-1.010371,-0.158122,-1.020353,-0.071887,+1.416003,+0.079976,-1.009963,+0.040368,+0.836385,
+1.388252,-1.641396,-0.693086,-0.086595,+2.107683,-0.293041,+0.137331,+0.400414,-0.398986,-1.431806,+0.787443,+0.371606,+0.098935,+0.269239,-0.859877,+0.106152,
+1.480190,-3.037360,+0.419233,+0.463529,+1.209563,+0.622472,+1.453109,+0.291137,-0.099529,+0.355794,+1.024890,+1.173189,+1.409217,-0.740349,+0.187621,+0.629506,
+0.633852,-2.257751,-1.256434,+1.006862,+1.020946,+0.341024,-0.522812,+0.504045,+0.810151,+0.581326,+0.166212,+0.370137,-0.243543,-0.002910,-0.506356,+1.023652,
+0.749502,-1.963686,-1.030448,+0.963830,+1.251859,+0.867088,-0.448247,-0.258126,-1.321181,-2.149862,-0.526366,+0.037356,+0.536769,-0.865604,-0.037985,+0.549864,
+0.631656,-3.149974,+0.074425,+1.083725,+0.950679,+0.283310,+0.869469,+0.521307,+0.978791,+0.444576,+0.565620,+0.061696,-0.316418,-0.850088,+0.894249,+0.171667,
-0.199780,-1.507022,+0.505452,+0.721584,+0.950672,+0.754628,-0.377034,-0.337261,-2.706477,-2.575019,-2.078526,+0.353034,-0.328518,-0.024807,+0.933509,+0.729589,
+0.547423,-1.578198,+0.697082,+0.512006,+0.646949,+0.966258,+0.372341,+1.144786,-1.007055,-0.524884,+0.488685,-0.120414,-0.609905,+0.540842,+0.403454,+0.299002,
+0.593228,-1.170846,-1.446418,+0.831678,-1.570104,+0.647964,+0.753883,+1.150793,+0.751675,+0.988707,+0.478085,+0.218082,-1.123163,-1.028339,+0.634216,+0.368063,
+0.718561,+0.158332,-1.225914,-0.635587,+0.173287,-1.116207,-0.220620,-0.484951,-0.382035,-0.295515,+0.002692,-0.814846,-2.194575,-0.639336,+0.718073,+0.424701,

channel --> 6
-0.044659,+1.739702,-0.099702,+2.673365,+0.343071,+0.325526,+0.341513,+0.847701,+0.565752,+0.660693,+0.392576,+0.292846,+1.540390,+1.597758,+0.596924,-0.107744,
+1.001747,+0.070333,+0.873677,+0.764974,+1.164209,+0.647042,+0.244712,+0.127697,+0.031585,+0.107304,-0.126976,+0.063122,+0.286184,+1.971294,+0.170384,+0.564267,
-0.103785,-0.080292,+0.847881,-1.202197,+0.039653,-0.057608,-0.076409,-0.107623,-0.044555,+0.268083,+0.045304,-0.211607,-0.743168,+0.111114,+1.255411,+0.186374,
-0.346299,-0.015498,-1.004386,-1.210417,-0.131498,-0.294161,-0.261982,-0.144672,-0.122835,-0.477936,-0.440908,-0.735648,-0.046101,-0.078400,-0.920309,-0.054367,
-0.455883,-0.290832,-0.530963,-1.754709,-0.977743,+0.104484,+0.053239,+0.318218,+0.177490,+0.270727,+0.322285,+0.350379,-0.178847,-0.212118,-1.615493,+0.058600,
-0.545916,-0.251440,-1.827892,-0.583112,+1.293867,+0.497279,+1.185551,+1.458493,+1.069203,+1.697151,+1.691811,+1.291020,+1.068780,-0.928325,-2.245826,+0.253319,
-0.902196,-0.648680,-2.035802,+1.019428,-0.114020,+0.626515,+0.727908,+0.145497,+0.729381,-0.068073,+1.006159,+1.395559,+1.254030,-0.046365,-1.959327,+0.178715,
-3.403704,-1.521443,-1.483784,-1.226942,+1.097471,+0.093488,+0.484961,-1.247920,+0.164480,-2.165752,+0.156062,+0.958201,+0.632866,+0.017928,-1.062411,+0.070305,
-0.627991,-2.569374,-1.593865,-1.018027,+1.616127,+0.661878,-0.571153,-1.912016,-0.703196,-2.659304,-0.110578,+0.089269,+0.306101,-1.024910,-0.689170,+0.282452,
+0.598422,-1.153724,-0.680332,+1.169613,+0.800570,+1.078571,+0.191647,-0.560952,+0.030429,+0.463087,-0.150021,+1.800558,+0.515848,+0.534649,-0.295539,+0.247477,
-0.830282,-0.620413,-0.683329,-0.981026,-0.663999,+0.485821,-1.182443,+3.404734,+1.950986,+1.547042,-0.199693,+0.125315,+0.555865,-0.450568,-0.780813,-0.063130,
-0.896048,-3.829534,-0.451060,-0.334667,-0.161084,-0.725348,-0.740657,-1.186815,-0.815987,-0.890416,+0.317254,+0.341533,+0.188451,-0.641234,+0.124759,+0.129481,
-3.955692,-1.164664,-0.376467,-0.249815,-0.387489,+0.168872,+1.616013,+1.935314,+1.322265,+1.511345,+0.448738,+0.878989,-0.135555,-0.139363,+1.014257,+0.966510,
-1.592848,-1.175225,-0.816394,-0.542633,+0.211083,+0.187443,-0.512781,+0.539109,-0.754309,-0.241709,+0.299540,+0.092829,-1.177854,-1.897717,+0.179396,-0.554368,
+0.122679,-1.118062,-0.525309,-1.042649,-0.485517,+0.314133,-0.664679,-0.451806,+0.233485,+0.497636,+0.121175,+0.112467,-0.015677,-1.106614,-0.684617,-0.105096,
+0.011585,+0.324217,-0.336304,+0.390566,-1.690742,+1.910370,+2.374215,+1.438798,+1.666423,+1.492750,+1.641461,+0.898656,-1.546689,-0.632454,-0.818986,-1.305325,

channel --> 7
-0.224606,-2.064976,-0.101874,-0.591299,-0.072264,-0.679064,-0.194770,-0.388751,-0.386994,-0.401816,-0.106050,-0.293436,+0.173520,-1.403227,-0.238814,+0.169047,
-0.330123,-0.514696,+0.340295,+1.318592,+1.488128,+1.142420,+0.560387,+0.163752,+0.009074,-0.168445,+0.433522,+1.145566,+1.064618,+0.073184,+0.401181,+0.725197,
-0.146620,-0.972620,+1.494226,+2.288232,+1.108275,-0.632426,-0.482263,-0.576577,-0.967021,-1.129513,-0.263911,-1.207305,+0.012469,+1.153255,+0.927154,-0.088918,
+0.051967,-1.248046,+1.680298,+1.856946,-0.488699,-0.029725,+0.097434,+0.175547,+0.049568,+0.055378,+0.121731,-0.967397,-1.676918,-0.173140,+2.456638,-0.190785,
+0.026291,-1.265441,+1.654032,+0.981291,-0.095469,+0.165437,+0.397454,+0.037963,+0.036817,+0.048975,-0.096258,+0.018890,+0.030383,-1.115544,+2.931952,+0.501819,
+0.076463,-1.200977,+2.350364,+0.329407,-0.118061,-1.328995,-1.159408,-0.244119,-0.147418,+0.193049,-0.771882,-0.532190,-0.033038,-0.791331,+3.042233,-0.046156,
-0.011961,-1.324252,+2.673135,+0.554718,+0.536150,-0.153805,-0.394301,+0.071025,-0.936140,-0.583351,-0.495378,-0.763982,-0.971179,-0.385630,+0.720071,+0.293055,
+1.233498,+0.537460,-2.855078,+2.448190,-1.393312,-0.600214,+0.776230,-2.102874,+0.741372,+2.041200,-1.655050,-0.949658,-1.804545,-0.999640,+1.992348,+0.251372,
+0.689762,-0.568909,+0.391018,+1.328496,-0.387047,-1.005070,+0.045179,+1.232710,+0.782988,+1.584853,-0.484855,-0.151784,+0.198154,+0.570050,+1.319817,+0.227318,
-1.322899,-1.567464,+0.503258,-1.504912,-1.908614,-1.106046,-0.838020,+0.648211,-0.229994,-1.761518,-0.808484,-1.532954,-1.137694,-0.115859,-0.203427,+0.273567,
+0.196609,-1.723939,+0.459800,+0.003097,+0.084367,-0.338016,+0.077593,-0.612154,+0.656938,-0.902474,-1.465602,-0.379137,-0.214904,-0.417016,+1.031065,+0.989753,
+0.233854,+0.059602,+0.198078,+0.134101,+0.346098,+0.079021,-0.751445,-1.009891,-0.801898,-0.806315,-0.023812,-0.081252,+0.011263,-0.044445,+0.038694,+0.662391,
+1.093675,+0.612972,+0.054494,+0.323914,+0.437918,+0.293954,+0.309874,-0.940510,-1.434203,-2.225469,-1.050357,+0.198251,-0.369653,-0.014203,-1.061209,-0.367045,
+1.707282,+2.249164,-0.191130,+0.039822,+0.270031,+0.118493,-0.257501,-1.250189,-1.012080,-1.144251,-0.540983,-0.177528,-0.170439,+0.074952,+0.149814,+0.132037,
+1.558766,+2.067787,+1.621598,-0.940335,+1.513198,-0.327783,-0.327367,-0.454809,-0.825604,-0.190133,-0.050813,-0.101691,+0.616475,+1.577409,-1.139890,+0.546444,
+1.738157,+1.503532,+1.215523,+0.552194,-0.077565,-0.578434,+0.117549,-0.137540,+0.338845,+0.366540,+0.519827,-0.848491,+3.157130,+1.494024,-0.157294,+0.478953,

channel --> 8
-0.898159,+1.686425,-1.018895,+2.734511,+0.046686,+0.011201,+0.153860,+0.711644,+0.570604,+0.479704,+0.333261,-0.450461,+0.486564,+1.779718,+1.133796,-0.249836,
-0.920035,-0.250612,-0.436909,-0.372844,+0.110893,+0.052299,-1.052495,-1.343341,-1.677354,-0.990643,-1.566304,-1.333824,-1.004175,-3.027413,-0.724917,-0.127204,
+0.792873,+0.529121,-0.429539,-1.366013,-1.314588,+1.064701,+1.207443,+1.340945,+0.804884,+0.597244,-0.596881,-0.453905,-1.649573,-0.534512,-2.926029,+0.131355,
+0.948777,+0.716451,-0.361457,-1.180511,+0.437015,+0.166232,+0.119199,+0.033115,+0.285213,+0.244038,+0.182441,+0.141330,+0.759646,-0.462925,-1.966728,-0.798202,
+1.183115,+0.231757,-0.021058,-1.019971,+0.512128,+1.110073,+0.470325,+0.388241,+0.352012,+0.457962,+0.540599,+0.713821,+0.039333,+0.049589,-0.654161,-0.733098,
+1.236521,+0.047186,-1.658243,+0.352559,+0.942030,-1.331083,-1.200476,-1.011482,-0.314908,+0.758705,-0.508146,-1.631502,-2.081396,+0.298582,-0.394731,+0.259588,
+1.453831,+0.889957,-1.428170,+1.543532,+0.075258,+1.922137,+1.426929,+0.195785,+0.124941,+0.304481,+1.140783,+1.418257,+0.713570,-1.875010,+0.771524,+0.468084,
+1.989192,+1.153572,+0.279900,-2.086175,+0.414841,-0.147321,-1.829638,+0.061738,+0.037772,-1.660568,+0.560166,-1.066226,-0.229848,-0.387230,-2.385602,-0.790309,
+0.912898,+0.373449,-0.504611,+0.116896,+0.681970,-0.318828,+0.548401,+0.970037,-0.415143,-0.139534,+0.658057,+0.623896,+0.168943,+1.276057,-1.084450,-0.239550,
-0.258642,+1.170380,-1.918480,+0.245427,-1.168281,-0.683618,-1.245116,-0.750919,+0.597521,-0.614271,-1.338028,+0.271195,-1.295407,-0.309011,-1.053964,+0.236533,
+1.195137,+0.674237,-2.422178,-0.528764,+0.494949,+1.410066,-0.111357,+1.565092,-0.644377,-0.702554,-0.387379,+0.548403,+0.432132,+0.017677,-1.605539,+0.126048,
+0.866422,+1.135010,+0.456189,+0.302045,+0.220620,-0.523598,-0.082198,+0.486775,-0.450937,+0.068434,+1.110110,+0.205540,-0.231503,-1.119491,-0.771011,-0.090230,
+2.771052,-0.833113,-0.463164,+0.069638,+0.108367,+0.367191,+0.380416,+0.001859,+0.589603,+0.620036,-1.167710,-0.918280,-0.419334,-1.311352,-0.303746,-0.340759,
+0.108274,-1.420520,-0.675627,-0.541850,+0.054610,+0.160003,-0.339987,+2.392371,+1.949811,+1.400356,+0.363299,+0.293346,+0.008715,-0.663628,-1.039591,-0.696420,
-1.270979,-1.372324,-1.206151,+0.657932,-1.724378,-0.000785,-0.069584,+1.718926,+2.223760,+1.785488,+0.721096,+0.201401,+0.565112,-2.243671,-1.287138,-0.939297,
-1.356622,-0.852594,-0.770788,-0.383275,+1.069669,-2.932201,-0.552705,-0.799314,-0.574017,-0.545534,-0.390087,+0.605514,-1.381392,-1.997814,-1.304534,-1.459836,

channel --> 9
+0.114345,-0.583347,-0.061199,-0.087219,-0.257975,-0.220018,-0.003565,-0.046660,-0.049067,+0.008863,-0.120144,-0.152579,-0.016665,-0.127563,-0.192782,-0.340482,
+0.054437,+0.124431,-0.031184,+0.022415,-0.128681,-0.318082,-0.372527,-0.336031,-0.262209,-0.376572,-0.296806,-0.363464,-0.115877,-0.452839,+0.052012,+0.052647,
+0.106283,+0.060439,+0.023622,-0.412318,+0.100886,+0.127326,+0.099185,+0.131510,+0.137268,+0.168292,+0.196987,+0.110558,-0.412366,-0.527426,-0.102924,+0.100018,
+0.108748,+0.055880,-0.256468,-0.044345,+0.098833,+0.048256,+0.092121,+0.085571,+0.093436,+0.065710,+0.051770,+0.031556,+0.170376,-0.375941,-0.562391,+0.118311,
+0.070488,+0.062162,-0.083406,+0.007165,+0.084412,+0.224122,+0.191443,+0.201507,+0.151238,+0.190704,+0.234096,+0.284467,+0.058323,+0.110873,-0.649077,-0.023296,
+0.053611,+0.101508,-0.210508,+0.214869,-0.272107,-0.406630,-0.243620,+0.254382,+0.254919,+0.127654,-0.386749,-0.287098,+0.297400,+0.085847,-0.477277,+0.083996,
+0.014789,-0.057324,-0.205627,+0.318636,+0.211906,+0.185679,+0.145546,+0.212261,+0.170138,+0.070794,+0.223352,+0.372961,-0.133371,+0.044448,-0.564996,+0.117116,
-0.058115,-0.070654,-1.029689,-0.235052,-0.343569,-0.485286,-0.136979,-0.316620,-0.150733,-0.065649,-0.428733,-0.556145,-0.194109,-0.061337,-0.744011,+0.131062,
+0.164656,-0.304007,-0.061795,-0.702558,+0.315143,+0.407667,+0.338436,-0.600968,-0.002527,-0.672019,+0.351060,+0.393142,+0.417730,-0.367839,-0.135786,+0.109487,
-0.033420,-0.230458,+0.219659,+0.219531,-0.276310,-0.121641,+0.011177,+0.096697,+0.124506,+0.359227,-0.353044,-0.064377,+0.046513,+0.201364,+0.115165,-0.049779,
+0.047486,-0.017315,-0.321603,+0.119103,+0.096750,+0.124835,+0.085137,+0.182362,+0.368635,+0.163690,+0.223683,+0.127213,+0.169801,+0.021972,+0.157361,+0.017152,
+0.048334,-0.244836,-0.173284,+0.056941,+0.097445,+0.081092,+0.188551,-0.027783,-0.085533,-0.048593,+0.117297,+0.093209,+0.133474,+0.083745,-0.091139,+0.111757,
-0.442973,+0.012773,+0.139335,+0.138590,+0.094608,+0.113289,+0.050297,+0.024742,+0.177497,+0.022647,+0.002490,+0.255576,+0.121323,+0.127832,+0.232653,+0.086486,
-0.129884,-0.403775,+0.148061,-0.041013,+0.223736,+0.065739,+0.067771,+0.013399,-0.076555,-0.002064,+0.210982,-0.008297,+0.029372,-0.029501,-0.029653,+0.139880,
-0.093927,-0.577930,+0.213769,-0.287589,-0.485191,+0.314041,+0.141901,+0.170343,+0.111671,+0.113602,+0.115726,+0.170649,-0.302944,+0.022998,+0.087284,+0.100425,
-0.023736,-0.111394,-0.963703,+0.133516,-0.982988,-0.195327,+0.415207,+0.159481,+0.183976,+0.162707,+0.262682,-0.049184,-0.423069,+0.132903,+0.174458,+0.252771,

channel --> 10
-0.768699,-0.963322,-0.566460,-1.090723,-0.061958,-0.100798,-0.476861,-0.327026,-0.288257,-0.611430,-0.345171,-0.590641,-1.088179,-0.914621,-0.511977,-0.763875,
-0.040808,+0.679473,-0.153991,+0.072840,+0.278067,+0.268756,+0.699061,+0.433431,+0.582394,+0.099319,+0.072549,+0.234863,-0.160309,-0.831308,-0.345616,-0.189911,
+0.113269,+0.414665,-0.165893,+0.363711,+0.028144,-0.057326,+0.218051,+0.256536,-0.027108,+0.271023,-0.209122,+0.235625,+0.004739,+0.110395,-0.893362,-0.179814,
+0.343865,+0.370752,+0.448126,-0.346812,-0.226064,+0.308739,+0.245402,+0.233141,+0.083231,+0.233874,+0.265583,-0.272554,-0.143449,+0.028082,-0.751511,-0.424426,
+0.468482,+0.343650,-0.169751,-0.240508,+0.223036,+0.143858,+0.334136,+0.023983,+0.024410,-0.012699,-0.016243,-0.202671,+0.041369,-0.254183,-0.410998,-0.355002,
+0.588143,+0.186090,-0.265438,-0.516588,+0.729419,+1.905565,+1.396693,+0.051349,+0.130659,+0.342834,+1.393785,+1.647811,-0.270894,-0.324616,-0.755171,-0.232850,
+0.688207,-0.025668,-1.497457,+0.442144,-0.044050,-0.293124,+0.603142,+0.305297,+0.308911,+0.165945,-0.354590,-0.598363,-0.079933,-0.339542,-0.969771,-0.381489,
-0.060847,-1.171078,-1.176720,-1.319261,-0.063513,+1.209299,+0.514081,-0.901233,+0.524147,-0.556908,-0.417211,+0.271215,+0.715392,-1.365103,-0.485129,-0.045588,
-1.117195,-0.092910,-1.661768,-0.583456,+0.270978,-0.035240,-0.208307,-0.284141,-0.329161,-0.348678,-0.709132,-0.070598,-0.451469,-0.195285,-0.838452,+0.002393,
-0.069856,-0.307173,-1.243375,-0.298442,+0.036832,-0.046814,+0.071199,-0.489808,-0.096678,-0.280871,-0.083479,-0.195643,+0.196714,-0.424272,-0.116312,+0.005519,
+0.658118,-0.241654,-0.338274,+0.083055,+0.303987,+0.338461,-0.540881,+0.255041,+0.609968,+0.273175,-0.198231,-0.054005,+0.074810,+0.322468,-0.281481,+0.075455,
+0.505014,+0.281139,-0.309741,+0.135154,+0.333514,+0.444614,+0.150179,+0.598399,+0.278840,+0.270141,-0.117027,+0.393372,+0.307944,+0.014799,-0.412592,+0.205825,
+0.819587,-0.916005,+0.147334,+0.273380,+0.267204,+0.180760,+0.287091,+0.382585,+0.627686,+0.773776,+0.995556,-0.116758,+0.190539,-0.613854,-0.695233,-0.159217,
-0.549728,-0.469739,-0.192629,+0.240541,+0.026690,+0.375178,+0.351606,+0.233143,+0.863014,+0.588699,-0.079938,+0.350394,-0.107195,-0.587939,-0.074823,-0.013740,
-0.380414,-0.650582,-0.269724,-0.516804,+0.386751,+0.045593,+0.269657,-0.094512,+0.425533,+0.039129,+0.425479,+0.051684,-0.195867,-0.767983,-0.353803,-0.300300,
-0.481216,-0.339118,-0.753582,-0.727413,-0.558798,+0.110824,-0.137304,+0.727755,+0.422696,+0.686258,-0.034153,+0.448566,+0.730338,-1.040782,-0.403491,-0.273950,

channel --> 11
+0.993214,-0.921371,+0.532610,-1.818209,-0.175260,-0.043618,+0.256721,-0.268403,-0.336962,+0.057744,-0.071428,+0.438038,-0.733355,-2.569759,-0.613811,+0.525415,
+1.323954,-0.829172,+0.328528,-0.854573,-0.328831,-2.008883,-2.022593,-1.152186,-0.959727,-0.517289,-0.897794,-0.635709,-0.153930,-0.459965,-1.804835,-1.077291,
+1.593956,+0.880007,+0.027536,-1.182272,-1.193007,-0.282508,+0.143764,+0.458621,+0.236388,-0.329759,+0.634847,-0.727774,-0.895000,-0.796318,-1.397599,-1.067824,
+1.579741,+1.098245,-0.588158,-0.060999,+1.309322,+1.100440,+1.158581,+1.474687,+1.210591,+1.303569,+1.466965,+0.610735,-1.506187,-1.101613,+0.296112,-1.072677,
+1.385210,+1.043303,+0.056744,+1.325006,+0.579698,-0.167462,+0.318604,+0.834949,+1.182875,+0.799737,+0.273525,+0.031430,+0.936803,-0.361237,-0.290810,-0.056200,
+1.335881,+2.076067,-0.188968,+1.175261,-3.191963,-4.929902,-3.571742,-0.721308,+0.626658,-0.032808,-3.783564,-3.930243,-1.919094,-0.082985,-0.486009,-0.940038,
+1.097563,+1.415103,-0.409452,-4.072683,-0.630285,-0.340519,-0.931676,+0.831175,+0.160515,+0.324563,-0.196614,-0.644073,-0.297920,-1.336433,-1.660274,-0.353566,
+0.764335,+0.316688,-2.358473,-1.479722,-1.528772,-4.018207,-1.765829,-0.160374,-2.240422,-2.515857,-0.718993,-2.254720,-2.579516,-1.063969,-1.980072,-1.155501,
+0.065201,+1.193330,-1.124772,-1.066313,-1.770324,-1.480204,+0.520224,-3.413576,-1.295927,-0.281748,-0.758662,-0.540889,+0.400707,-2.715716,-0.100865,-0.492462,
+0.390097,+2.145348,+0.340318,-2.387226,-0.906122,+0.333642,+0.171473,-0.725458,+0.463734,-1.605567,-0.085563,+0.543568,+0.456777,+0.863855,+0.127942,-0.289689,
+1.139385,+1.749736,+0.118183,+0.694412,+0.792131,+0.360999,+1.320288,-2.652956,-1.498698,-2.031223,-0.679892,+1.628891,+1.308594,+1.707669,+1.045872,-0.223018,
+1.258585,-0.845762,-1.226784,+0.844336,+0.651604,+1.223987,+0.557407,-1.148576,-0.309833,+0.019371,+1.582799,+1.109951,+1.648385,+1.360493,+0.473017,-0.618904,
-0.342727,-0.288580,+0.417048,+0.561681,+0.705239,+1.365107,-0.887746,-2.973715,-1.767168,-0.906698,-1.321946,+1.050630,+1.819860,+2.121835,-1.565515,-1.038303,
-0.363925,-1.006577,+0.185412,+0.069482,-0.269659,+0.354523,+0.158092,-0.081212,-0.896303,+0.955111,+1.305761,+1.793687,+0.989376,+0.236457,+0.498495,+0.035390,
+0.137385,-0.855861,-2.343893,-1.278875,-2.793911,-0.599254,+0.970650,+0.371210,-0.521418,+0.476585,+0.719579,+1.378447,-2.144281,-1.021392,-0.005144,+1.022204,
+0.432546,-0.296361,-2.321724,-3.599033,-2.491289,-2.075051,-1.543850,-0.555148,-0.241388,-0.374116,+0.329023,-1.848022,-2.075027,+0.401387,+0.556896,+0.820340,

channel --> 12
+0.637526,+0.275490,+0.094201,+1.941681,+0.269095,+0.337583,+0.696610,+0.925517,+0.765999,+1.045259,+0.447752,+0.310902,+1.559313,+2.103852,+1.200057,+0.732246,
+0.091415,-0.342982,+0.097319,+0.433104,-0.161556,-0.435106,-0.629172,-1.420464,-1.197702,-0.968304,-1.020214,-0.999368,-0.767789,-0.947242,-0.015084,+1.481956,
-0.006941,-0.338450,+0.056906,-2.346512,-0.689362,-0.117921,+0.373001,+0.791309,+0.543452,+0.601361,-0.152004,-0.396831,-1.523727,-1.217160,-1.007267,+1.546414,
+0.043661,-0.702256,-1.109821,-1.194215,+0.224665,+0.640493,+0.654250,+0.733521,+0.725780,+0.584835,+0.740150,+0.396386,+0.030703,-1.362293,-2.442755,+0.755859,
-0.123436,-0.612525,-0.218016,-0.220510,+0.825850,+1.557115,+0.993358,+0.948702,+0.892199,+0.909145,+1.048581,+1.032992,+0.542532,-0.868799,-2.319668,+0.034050,
-0.054470,-0.336668,-1.253943,+0.060374,-0.008549,+1.050312,+1.289268,+1.041349,+0.913952,+0.608090,+0.224676,+0.987514,+0.958030,-0.554839,-2.517020,+0.763126,
-0.038888,-0.794287,-1.262733,+0.057248,+0.024750,+0.448406,+0.901676,+0.845826,+1.524460,+0.358052,+0.486462,+0.665404,+0.643750,-0.343247,-0.933163,+0.834699,
-0.667996,-1.089725,-1.687161,-0.949655,+0.731982,+0.803065,+0.200864,+0.536441,+0.392777,-1.230261,-0.965846,+0.275319,+1.941510,-0.905677,-2.607583,+1.136729,
-0.599544,-1.804013,-2.886595,-2.321485,+0.941592,+1.232388,+1.191550,-2.765556,-1.089507,-2.697499,+0.428577,+1.439862,+1.362339,-2.007348,-1.280165,+1.047210,
+0.088836,-1.300714,-0.259704,-0.208044,+1.297893,+1.589653,+0.357660,-0.726917,+0.448376,-0.318094,-0.694081,+1.759697,+0.817057,+0.373197,+0.460529,+0.352926,
-0.210116,-1.210826,-0.934757,+0.327253,+0.664617,+1.221128,-0.043279,+0.279918,+0.833964,+0.228953,-0.373288,+0.971867,+0.910818,+0.375530,+0.449001,+0.371613,
-0.350338,-2.382385,-0.377255,+0.356797,+0.528824,+0.505639,+0.684858,+1.211580,+0.524037,+0.600660,+1.377771,+1.060436,+0.791506,+0.086685,+0.486502,+0.940212,
-0.784317,-0.098944,+0.212481,+0.391777,+0.533812,+0.736088,+0.567266,+0.934026,+1.078757,+1.058788,+0.739292,+0.963868,+0.779820,+0.494143,+0.089217,+0.751256,
-1.164054,-2.251748,+0.049241,+0.171330,+0.787211,+0.406698,+0.741580,+1.101094,+1.206697,+0.835139,+0.807437,+0.846486,+0.422333,+0.446451,+0.622237,+0.475977,
-0.467556,-1.162081,-0.676977,-0.422593,-2.082137,+0.920797,+1.131417,+1.133066,+1.459498,+1.311369,+1.264802,+0.963181,-1.988917,-0.681494,+0.344295,+0.433403,
-0.607060,-0.879437,-1.897092,-0.111453,-1.734768,-0.636586,+0.676622,+1.018232,+1.575175,+1.235971,+1.505728,-0.556597,-2.250067,-0.479785,-0.441455,-0.082343,

channel --> 13
-0.210830,+2.066638,+0.531564,+0.088136,+0.103590,+0.083801,-0.524558,-0.638374,-0.462168,-0.400488,-0.191957,+0.308538,+0.276778,+0.009224,-0.737248,-0.480386,
-0.613982,+1.288719,+0.714806,+0.569355,+0.764524,+0.030722,+0.201138,+0.487804,+0.657843,+0.497834,+0.836616,+1.002566,+1.319293,+2.456387,+0.204665,-0.963888,
-1.274048,+0.981352,+0.537934,+2.083051,+1.816734,+0.112606,-0.338405,-0.738328,-0.430297,-0.460639,+0.606951,+0.617524,+1.778919,+1.704662,+1.666158,-1.022574,
-0.967888,+0.774571,+1.027319,+1.776341,-1.119546,-2.090533,-2.000418,-2.006378,-2.101537,-1.993106,-1.891547,-1.312622,+0.302786,+1.749839,+2.576452,-0.643292,
-0.858033,+0.874616,+0.411851,-0.054826,-2.162011,-1.673311,-1.696199,-1.876109,-2.192036,-2.032767,-1.831892,-1.385599,-1.735708,+0.321704,+2.030012,-0.767707,
-0.857770,+0.747609,+1.175601,-0.716637,+0.875587,+0.811051,-0.014508,-1.581878,-1.963110,-0.711395,+1.435433,+0.414803,-0.915568,-0.550774,+2.597479,-0.781842,
-0.703232,+1.212218,+2.189746,+1.436866,+1.133307,-0.237927,+0.126420,-0.885789,-1.554070,-0.263041,+1.196457,+0.887429,+0.763997,+0.165015,+3.576848,-1.426096,
+1.116942,+3.846196,+3.446758,+3.090079,+0.186217,+0.730165,+0.821540,+2.516769,+2.120668,+3.270113,+2.060704,+1.520079,-0.206990,+1.977332,+3.455489,-1.455994,
+1.288314,+2.543580,+2.383371,+2.704057,+0.597505,+0.202808,-0.275855,+3.367980,+2.963710,+3.190214,-0.046047,-0.012512,-0.337104,+2.200795,+1.647778,-1.439549,
+0.698711,+1.575459,+0.743069,+1.776395,+0.670969,-0.588497,-0.051949,+2.460122,-1.665526,+1.830865,+1.728388,-0.818658,-0.855524,+0.984494,-0.326568,-1.221599,
-0.051600,+0.836845,+1.727066,-1.534440,-1.586598,-1.440268,+0.949111,+1.605267,-0.412234,+0.653712,+1.872838,-1.591887,-1.488008,-1.367659,-0.618628,-1.440633,
+0.545983,+2.546721,+1.562542,-1.869075,-1.915295,-1.458619,-0.718966,+0.985361,-0.068001,+0.987121,-0.756714,-1.493734,-1.864614,-0.886961,-0.409931,-1.804204,
+1.211844,+0.873778,-1.810144,-1.820825,-1.990003,-1.585458,+0.250537,+1.547907,+1.168009,+0.022435,-0.223882,-1.673242,-1.501192,-0.590434,-0.509118,-0.684481,
+1.091125,+1.609611,-1.347746,-0.619816,-1.264687,-1.493369,+0.375365,+0.336648,+0.176192,-0.098359,-0.699244,-1.775609,-0.890678,+0.866094,-0.590176,-1.244967,
-0.357094,+1.463207,-0.030105,+1.499478,+2.922363,-1.193870,-1.222322,-1.221210,+0.043548,-0.887156,-1.771456,-1.899424,+2.479535,+1.215462,+0.081866,-0.567451,
-0.611985,-0.468567,+2.823213,-0.450747,+3.486967,+1.918163,-1.199453,-0.693245,-1.071306,-1.320135,-1.301317,+1.286301,+2.733295,+0.475269,-0.342942,-0.439470,

channel --> 14
+0.775646,+0.493118,+0.354018,+0.529514,+0.318120,+0.475446,+0.378956,+0.382460,+0.502489,+0.408455,+0.215652,+0.069410,+0.731718,+1.337947,+1.243300,+0.680178,
+0.072371,-1.477144,-0.513267,-0.749521,-0.544483,+0.710239,+0.833327,+0.612103,+0.703558,+0.607799,+0.568670,+0.194613,-0.612560,-1.133000,+0.223088,+0.626180,
+0.277008,-1.057951,-0.733645,-0.285136,+0.943001,+0.520605,+0.420744,+0.363435,+0.443338,+0.164200,+0.199144,+0.106068,+0.035950,-0.386180,-0.788902,+0.792929,
+0.149183,-0.768836,-0.335316,+0.294354,+1.021033,+0.350296,+0.342288,+0.403864,+0.458833,+0.475692,+0.613542,+0.596999,+0.238548,-0.563990,-0.671889,+0.567862,
+0.065505,-0.438931,-0.060843,+0.853488,+0.746443,+0.615296,+0.113962,+0.309294,+0.417719,+0.354885,+0.379975,+0.599998,+0.316928,-0.890032,-0.459477,+0.678183,
+0.007010,-0.456851,-0.038116,+1.242215,-0.687885,-0.647824,-0.676611,-0.788110,-0.283981,-0.895789,-1.607563,-1.180039,-0.877971,-0.202139,-0.526594,+0.984096,
+0.133078,-0.241398,+0.418974,-0.911572,+0.022675,+0.193774,-0.207006,-0.323793,-0.034696,-0.791870,-0.044084,+0.161894,+0.156202,-1.231987,-0.073813,+0.893210,
+0.355992,-0.910648,+0.072579,+0.954918,+1.140449,+0.349172,+0.817219,+0.164088,-1.166790,-0.381517,-0.262308,+0.837195,+1.207098,+0.622047,+0.067100,+0.589780,
-0.148853,-0.778147,-0.354470,+0.437051,-0.323740,-0.392008,+0.593077,-1.562769,+0.707337,+0.034047,-0.219990,+0.209883,+0.479360,-1.165839,+0.238313,+0.493511,
-0.326311,-0.072475,-0.053826,+0.362596,+0.049511,+0.061715,-0.065353,+0.752447,+0.289743,-0.031938,-0.165476,+0.177521,+0.062020,+0.562859,+0.341547,+0.756825,
-0.159514,-0.501740,-0.247093,+0.598199,+0.545147,+0.604287,+0.667782,-0.460398,-1.535220,-1.672921,-0.404361,+0.500569,+0.345058,+0.210261,+0.711975,+0.470061,
-0.212884,+0.130036,+1.538950,+0.693522,+0.177245,+0.106939,+0.442957,+0.739480,+0.913414,+0.817410,+0.718584,-0.175063,-0.084637,+0.259171,+1.071779,+0.530781,
+0.320134,+0.888738,+0.493141,+0.321746,+0.304746,+0.366741,-0.784657,-0.278529,-0.615691,-0.555224,-0.500453,-0.056444,+0.199772,+0.553654,+0.769707,+0.606407,
-0.368910,-1.117033,+0.482986,+0.152630,-0.022438,-0.085451,+0.351498,+1.254827,+0.564263,+0.645486,+0.469652,+0.118580,+0.176330,+1.002954,+0.886423,+0.475801,
+0.000850,-0.459730,-1.076197,-0.209144,-1.985137,-0.021088,+0.531806,+0.564828,+0.411835,+0.450314,-0.118818,+0.080000,-1.589441,+0.050108,+0.572112,+0.864020,
-0.165649,-0.077344,-1.816659,-0.914009,-0.408356,-1.551156,-1.030438,-1.309744,-0.860799,-0.825456,-0.721757,-1.381042,-1.176525,+0.198142,+0.576923,+0.582701,

channel --> 15
+1.365942,+1.193326,+0.671558,+0.888217,+0.296378,+0.028945,+0.301501,+0.461954,+0.550077,+0.560482,+0.189189,+0.364171,+2.267892,+2.714329,+1.429035,+0.754342,
+0.781499,-1.344821,-0.216102,-0.082563,-0.884202,-2.047457,-2.050967,-2.053698,-1.860340,-1.596815,-1.660686,-1.115105,-0.214908,+1.915405,+1.574088,+0.197148,
+0.677764,-1.231908,-0.592571,-1.456808,-1.027369,+0.627551,+0.904018,+1.068060,+1.022392,+0.733886,+0.312093,-0.829753,-1.390345,-0.726445,+1.974991,-0.050882,
+0.751783,-1.009318,-0.707992,-0.682959,+0.395007,-0.347358,-0.221656,-0.270062,-0.056598,-0.245298,-0.213958,+0.476405,+1.295553,-0.826203,+0.466013,+0.700880,
+0.743675,-0.812447,+0.663356,+0.509009,+0.320038,+0.585211,+0.215434,+0.234473,-0.114102,+0.288172,+0.573813,+0.719474,-0.147344,-1.051814,-0.495534,+0.701064,
+0.748280,-0.579940,+0.183944,+0.733006,-1.266667,-0.734650,+0.578473,+0.770455,-0.102610,-1.214937,-0.831115,+0.393119,+1.437248,-0.845161,-0.037774,+1.319769,
+0.716319,-1.659259,+0.733992,+1.258967,+0.994588,+1.033347,+1.537483,+0.496445,-0.426809,-0.626121,+1.601132,+1.407964,+0.583920,+1.800027,+0.015615,+1.152906,
+0.993153,-0.693832,-2.066845,-0.595328,-0.449173,-1.902026,-1.197991,-0.697868,-0.659230,+0.147899,-1.772892,-0.124781,-0.186860,-0.387631,+0.151903,+0.252311,
+0.348948,-0.836052,-0.063851,+1.163334,+0.604386,+0.944281,+1.265825,-1.859472,-0.402968,+0.434455,+1.265386,+1.192936,+1.262373,-1.368347,-0.001483,+0.454092,
-0.047672,-0.952452,+1.366039,+1.058978,-0.120769,-0.540405,-0.860432,+0.198005,+0.045531,+0.096921,-0.097922,-0.503605,-0.755091,+0.499746,+1.146698,+0.404496,
+0.703013,-1.084380,+1.169024,-0.132999,+0.243332,+0.416977,+0.140466,+0.884742,+0.108240,+0.401524,+0.641442,+0.388903,+0.254630,+0.042746,+0.497582,+0.435498,
+0.582048,-1.147378,+0.792367,+0.163569,-0.258756,-0.132059,+0.334232,-0.256388,-0.430571,-0.350649,+0.963148,-0.204071,-0.175842,-0.119391,+0.705514,+0.231592,
-0.175874,+0.763512,+0.014724,+0.123710,-0.135752,-0.097994,-0.783390,+0.443948,-0.075415,-0.606653,-0.097602,-0.151870,-0.278206,+0.868598,+1.416856,-0.587564,
+1.156721,+1.025117,+0.605702,+0.480067,+0.475267,-0.722863,+0.061441,+0.949321,+0.452384,+0.298172,+0.546011,-0.141651,+0.054145,+0.095848,+0.812538,+0.721355,
+0.828906,-0.324049,+2.399606,-0.789912,+0.982735,+0.422266,+0.198191,+0.804766,+1.853906,+1.395468,+0.049474,-0.110097,-1.433637,+1.488171,+0.286996,+0.552989,
+0.970792,+0.038104,-0.460468,+2.183497,-0.102512,+2.214836,+1.110722,-0.670654,+0.078070,-0.026636,-0.008365,-0.770824,-0.374512,+1.071632,+0.332956,+0.412379,

channel --> 16
+0.860147,-0.032304,-0.482586,+0.266286,-0.282306,-0.513898,-0.403617,-0.148180,-0.235163,-0.131639,-0.263610,-0.529471,+0.059105,+0.899420,+1.015325,+0.636004,
+0.369243,-0.348029,-0.571802,-0.871545,-0.843820,-0.970143,-0.853459,-0.804434,-0.670206,-0.829243,-0.790249,-1.122128,-1.191386,-2.047111,-0.043169,+0.620143,
+0.598026,-0.177548,-0.904026,-1.043968,-0.146209,+0.527153,+0.782752,+0.874783,+0.783949,+0.880098,+0.484810,+0.563209,-0.555639,-1.489962,-1.329576,+0.769304,
+0.572448,-0.110375,-0.601797,-0.404313,+0.774159,+0.794727,+0.734844,+0.767258,+0.776907,+0.803758,+0.849376,+0.604347,+0.730048,-0.449380,-1.654218,+0.277194,
+0.599424,-0.031130,-0.103341,+0.571413,+1.038566,+0.972347,+0.676506,+0.725440,+0.818291,+0.768555,+0.827124,+0.683019,+0.615346,+0.121447,-1.008898,+0.424801,
+0.589567,+0.042030,-0.409248,+0.512262,-0.738620,-1.427350,-1.403738,-0.371136,+0.192563,-0.235017,-1.617568,-1.701667,-0.623944,+0.241742,-0.996313,+0.679600,
+0.593750,-0.029236,-0.665802,-0.291765,+0.006099,+0.417894,+0.404248,+0.277035,+0.254284,+0.164256,-0.049364,+0.074759,+0.038994,-0.432812,-0.199035,+0.674454,
+0.753643,-0.341775,-0.340923,-0.575441,-0.050090,-0.719127,-0.764818,-0.083224,-0.998155,-0.851869,-0.255326,-1.242634,-0.322219,-0.284434,-1.671076,+0.533712,
+0.252915,-0.422347,-0.642567,-1.340418,+0.227425,+0.424536,+0.736944,-0.772971,-0.142544,-1.269036,+0.096536,+0.711285,+0.657267,-0.415807,-0.287903,+0.582179,
+0.006940,-0.321601,-0.132048,+0.522356,+0.073681,+0.320186,+0.231639,-0.026376,+0.748908,+0.276678,-0.722078,+0.458631,+0.357183,+0.235794,+0.571916,+0.733996,
+0.422935,-0.361093,-0.867649,+0.781200,+0.923002,+1.000859,+0.345954,-0.165049,-0.628897,-0.794105,-0.156663,+0.785645,+0.680103,+0.778405,+0.485040,+0.605309,
+0.326080,-0.009627,+0.242406,+0.850153,+0.714163,+0.723833,+0.917805,+0.718128,+0.421072,+0.228829,+0.564727,+0.549614,+0.557744,+0.501544,+0.547178,+0.674401,
+0.471764,-0.032681,+0.730895,+0.738053,+0.771775,+0.693519,-0.381233,-0.692227,-0.724102,-0.567278,-0.488459,+0.262281,+0.649478,+0.554304,+0.521279,+0.794188,
+0.265781,-0.685425,+0.406678,+0.372190,+0.383886,+0.594834,+0.662117,+0.700186,+0.524957,+0.529031,+0.560277,+0.607201,+0.707686,+0.764697,+0.384143,+0.541060,
+0.271818,-0.450549,-0.258801,+0.061683,-2.239171,+0.296160,+0.989047,+0.951581,+0.933109,+0.876642,+0.643264,+0.612946,-1.157295,-0.437540,+0.801324,+0.568728,
+0.374744,+0.099146,-1.431550,-0.380985,-0.652612,-2.354787,-0.595956,-0.364658,-0.229857,-0.153138,-0.112033,-0.583094,-1.639279,-0.138488,+0.388974,+0.661488,

channel --> 17
-0.723434,-1.853939,+0.408409,-1.899196,-0.317404,-0.250353,+0.216296,-0.059787,-0.042147,-0.235083,-0.019734,+0.326989,-0.781193,-2.930835,-2.259510,-1.754175,
+0.300138,+0.815507,+0.474491,+0.568635,-0.281774,-2.003672,-2.710578,-2.518920,-2.667778,-1.911277,-1.825663,-1.141766,+0.717402,+1.586481,+0.310372,-1.304363,
+0.314177,+0.637980,+0.476476,-1.016215,-4.070531,-2.113614,-1.587755,-1.126807,-1.121320,-1.581645,-1.658206,-2.853952,-2.128344,-0.017197,+1.971933,-1.415757,
+0.313040,+0.532409,-0.336330,-1.744204,-0.570460,+0.109690,+0.186131,+0.091775,+0.123675,-0.034195,-0.229114,+0.008985,-1.861780,-1.502367,+1.341736,-0.297522,
+0.425292,+0.031640,-0.121149,-0.539544,+0.145813,-0.264334,+0.516595,+0.369986,+0.242463,+0.437692,+0.423569,-0.001405,+0.293528,+0.005438,+0.001174,-0.726304,
+0.401319,+0.557609,+0.271667,-0.565192,+0.294102,-0.177400,+1.170824,+2.406346,+1.467615,+1.007422,+1.176859,+1.395347,+2.737739,+0.340968,+0.479756,-1.206355,
+0.260892,-0.234389,+0.004121,+1.401014,-0.749707,-0.465824,-0.306995,+1.399188,+0.379815,+1.476385,-0.495889,-0.863628,-0.775239,+2.757050,-1.745509,-0.641719,
-0.539969,-0.027903,-2.277702,-3.371378,-2.074528,-2.150963,-2.197418,-2.394906,+0.229485,-0.129037,-1.657452,-2.134072,-2.166651,-2.143507,-0.790180,-0.423484,
-0.209734,+1.248158,-0.349480,+0.311949,+0.340075,+0.137868,-0.635329,+0.381098,-3.990190,+0.578903,+1.273936,-0.630244,-0.470758,+0.538747,-1.224611,-0.308516,
-0.089599,+0.424439,+1.343419,-2.321747,-1.516091,-1.083837,-0.030679,-3.226093,+0.538093,-2.187896,+0.054119,-1.154195,-0.233697,-1.608986,-0.016189,-0.858286,
+0.428740,+1.104962,+0.910076,-0.131893,-0.518917,-0.939972,-0.624954,+0.652436,+2.426724,+2.682997,+0.281001,+0.080996,+0.050364,+0.741225,-0.490441,-0.454279,
+0.253060,-1.071024,-3.191010,-0.016918,+0.374913,+0.492915,-0.140240,-2.990968,-1.571113,-2.136312,-0.384822,+0.534098,+0.959157,+0.359705,-1.211279,-0.150187,
-0.706181,-0.609902,+0.278175,+0.438600,+0.198167,+0.059104,+0.710414,-0.002271,+0.670314,+0.565562,+1.151022,+0.791811,+0.440733,+0.156656,-0.527468,-2.329494,
-0.401452,+2.244290,+0.616057,+0.828196,+0.971138,+0.262659,-1.544516,-2.208269,-1.181231,-0.902162,-0.578024,+0.403473,+0.749370,-2.089102,-0.536452,+0.503182,
-0.199063,-0.857497,+3.449693,-1.104865,+3.371282,+0.680806,-0.656369,-0.477293,-0.991521,-0.362956,+0.510155,+0.654365,+2.090790,+0.612464,-1.050067,-0.516604,
-0.030798,+0.015063,+0.556057,+2.294202,-1.621087,+3.223712,+2.928608,+1.809507,+1.315104,+1.473109,+1.390311,+1.544718,+0.771359,+0.844191,+0.435939,+0.494833,

channel --> 18
+0.189333,-1.741057,-0.195130,-0.403180,-0.360010,-0.509407,+0.044786,+0.173307,+0.113847,+0.112709,+0.184540,-0.473451,-0.140867,+0.362484,+0.160907,-0.344613,
+0.026217,+0.482577,+0.040650,-0.191056,+0.055769,-0.091659,-0.389268,-0.659940,-0.620146,-0.893107,-0.340737,-0.614597,-0.073806,-2.739667,+0.301973,-0.066420,
+0.083633,+0.450100,-0.195000,+0.009432,-0.209193,+0.113473,+0.118578,+0.170549,+0.137244,+0.174885,+0.163503,-0.037317,-0.464650,-0.781770,+0.051530,-0.046951,
+0.181384,+0.696388,+0.344269,-0.064642,-0.249947,+0.159297,+0.183360,+0.137016,+0.186834,+0.159515,+0.203791,-0.018702,+0.154062,-0.433694,-1.098394,+0.221778,
+0.192821,+0.662086,+0.167850,+0.070191,+0.281268,+0.086168,+0.204707,+0.238454,+0.201372,+0.255886,+0.369658,+0.039454,-0.292234,+0.201362,-0.384178,+0.060297,
+0.238302,+0.410979,+0.142167,-0.235498,-0.401043,-0.117818,-0.209760,+0.771570,+0.392427,-0.011466,-0.507759,+0.120742,+0.929997,+0.116063,-0.294913,+0.261523,
+0.204317,+0.381778,-0.175733,+0.577337,+0.257360,-0.039649,+0.230148,+0.391889,+0.086397,+0.420752,+0.597330,+0.039083,-0.787251,+0.220179,-0.458695,+0.102015,
+0.060760,-0.614186,-0.969976,-0.916757,-1.714249,-0.188312,-0.394449,-0.737703,-0.172269,+0.028235,-0.838391,-2.021142,-0.567523,-0.214407,-2.304283,+0.337563,
-0.110627,+0.000534,+0.508849,-2.411755,-0.682351,+0.448373,-0.092888,-0.459545,-0.532810,-2.281995,+0.295208,+0.277651,-0.068199,+0.160576,+0.092516,+0.073657,
-0.451688,-0.175143,+0.872981,+0.011784,-1.645397,-0.780915,-0.173177,-0.130397,-0.056973,-0.033818,-1.846324,-0.875413,-0.353387,+0.050123,+0.726441,-0.059299,
+0.317489,+0.273750,-0.855877,+0.169310,+0.055346,+0.001968,-0.218646,-1.062284,+0.557265,+0.163848,+0.501094,+0.120148,+0.136814,+0.493941,+0.363907,+0.139082,
+0.273703,+0.353323,-0.516725,-0.295434,+0.066330,+0.337181,+0.221951,-0.229752,-1.209357,-0.592866,-0.639672,+0.189943,+0.409160,+0.579140,-0.550600,+0.402561,
+0.305935,+0.239246,+0.110019,+0.131354,+0.101700,-0.031484,-0.371041,-0.320112,+0.414988,-0.006040,+0.523364,+0.283315,+0.358188,-0.052913,+0.197823,-0.294916,
+0.457408,-0.579867,+0.118721,-0.670513,+0.094376,+0.036507,-0.053338,-0.295584,+0.350508,-0.042961,+0.177715,-0.087545,+0.536651,-0.207308,-1.106657,+0.278649,
+0.468113,+0.002839,+1.270005,-0.518135,-1.907631,+0.304147,+0.212966,-0.008219,+0.296449,+0.162558,+0.232408,+0.319162,-0.230614,+0.659937,+0.038070,-0.488309,
+0.584565,+0.257681,-1.229597,+0.943860,-1.291511,-1.734707,+0.493723,+0.169224,+0.321102,+0.466606,+0.200291,+0.350523,+0.163015,+0.585307,+0.090822,+0.377921,

channel --> 19
-0.569973,-0.798573,+0.751176,+0.130006,+0.161827,+0.291559,+0.791991,+0.490039,+0.822051,+0.331259,+0.273275,+0.209139,+1.035923,-0.337175,-0.926443,-1.583112,
-0.413721,-1.099435,-0.007761,+0.703195,+0.264098,+0.850078,+0.093730,-0.502925,-0.626192,-0.452568,+0.050078,-0.463446,+0.243156,+1.117584,+0.956278,+0.127781,
-0.445672,-1.104239,+0.335022,+0.297718,+0.212592,-1.174893,-1.534618,-1.319129,-0.970854,-2.016077,-1.413670,-2.280068,-1.611972,-0.449601,+3.042741,+0.049803,
-0.707960,-0.945312,-0.252797,+0.706650,-0.041872,-0.793028,-0.753148,-0.720471,-0.444048,-0.849636,-0.697740,-0.419651,-1.516062,-2.281021,+1.805588,+0.567157,
-0.760201,-0.675544,-0.285897,+0.271215,-0.244716,+0.433379,-0.090475,-0.052645,-0.201924,+0.003731,+0.493352,+0.773383,-0.611719,-1.830920,+0.326931,+0.060815,
-0.907028,-0.438234,+1.051715,+0.625145,+0.383811,+0.485591,+1.133209,+1.680055,+0.372925,+0.137606,+0.900536,+1.485762,+2.280344,-0.836123,+1.066008,-0.045059,
-0.886025,-0.043119,+2.764314,+1.695825,-0.405208,-0.157735,-1.314193,+0.558726,+0.052596,-0.431193,+0.285607,-0.044101,-0.660116,+1.374942,+0.003373,+0.200774,
-1.191386,+1.494982,-0.689405,+1.562554,+0.252062,-0.188581,+0.920210,-1.340382,+0.447565,+2.545992,-1.543079,+0.746121,+0.893698,+0.237244,+2.179681,+0.463799,
+0.323359,+0.529625,+1.404175,+0.988317,+0.775251,-0.081899,-0.092952,+0.029310,+0.152876,+0.109326,+0.983494,+0.299624,+0.386292,+0.057791,+0.937784,+0.056213,
-0.901878,-0.195110,+3.192519,-1.029553,-1.898589,-1.193607,-0.460207,+0.087079,+0.039085,-1.099423,-0.720911,-0.503854,-0.769207,-0.224883,-0.323142,-0.426804,
-0.927820,-0.350453,+2.065128,-0.767649,-1.121984,-1.113822,-0.023957,+1.629759,+1.038365,+1.622508,-0.023950,-0.257564,-0.693079,-0.784369,+0.290796,-0.505745,
-1.022250,+1.062004,+0.159920,-0.538313,-0.793554,-1.285193,-0.784164,-1.390991,-0.542614,-0.887887,+0.196546,-0.866836,-0.677400,-0.474345,+0.092971,+0.198540,
-0.540809,+2.600439,-0.267864,-0.419469,-0.776958,-0.851834,-0.176258,+1.810054,+1.385015,+0.633165,+0.506372,+0.046478,-0.983033,+0.279954,+0.494079,-0.667221,
-0.434283,+1.647420,+0.344041,-0.519929,+0.552694,-1.107834,-1.630506,-0.449302,-0.934263,-0.509417,-0.749764,-0.800189,-0.500054,+0.093370,+0.003475,+0.481389,
-0.515171,-0.435341,+2.790861,-1.148041,+1.738628,+0.291059,-1.186413,-0.594061,-1.313174,-0.469797,-0.883578,-0.384258,+1.155032,+3.046309,-1.013218,+0.506085,
-0.905792,-0.215924,-0.593630,+2.205314,-1.679522,+2.074116,+2.150753,-0.382313,+0.118433,+0.032740,+0.428585,+0.357609,+1.127544,+2.710967,+0.126840,+0.196689,

channel --> 20
-0.154599,-1.597709,-0.171513,-0.791922,-0.545826,-0.676914,-0.571080,-0.612409,-0.515728,-0.622754,-0.505193,-0.572473,-0.348348,+0.278039,-0.216032,-0.366404,
-1.331228,+0.040297,-0.612518,-0.180961,+0.140222,+1.257355,+1.758835,+1.990495,+1.849886,+0.945952,+1.487395,+0.438031,-0.137393,-0.526421,+0.150884,-0.150833,
-1.062313,-0.347472,-0.192325,+1.628517,+3.066683,+1.589924,+0.994462,+0.883942,+0.970167,+1.443865,+1.360177,+2.299848,+1.208454,-0.747737,-0.206293,+0.229547,
-0.975432,+0.081780,+1.362967,+2.205318,-0.304933,-0.307971,-0.103541,-0.193873,-0.136845,+0.026301,-0.057686,+0.749074,+2.167598,+0.818528,-0.349462,+0.472329,
-0.852679,+0.624940,+0.809782,+0.821747,-0.223511,-0.277729,-0.339856,-0.223146,-0.375793,-0.293075,-0.056403,-0.066348,-0.433501,+1.578420,-0.075187,+0.767650,
-0.815230,-0.076987,+0.913949,-0.024298,-1.550343,-0.673565,-1.152691,-0.616906,-0.857985,-1.517723,-1.444412,-1.335780,-0.251607,+1.528397,+0.305515,+0.675047,
-0.818603,-0.019409,+0.492564,-0.539620,+0.966953,+0.231738,-0.087073,-0.695510,-0.672836,-0.427972,+0.765083,+0.625134,-1.516904,+0.840436,-0.240399,+0.527197,
+0.103299,+0.003913,+0.195009,+1.386410,+0.261531,+0.650619,+1.587412,+0.139542,-0.967148,+0.864022,+0.412168,+1.143065,+1.285076,+1.579258,+1.064988,+0.092381,
-0.111666,-1.064852,+3.307076,-0.639832,-0.272451,+0.921387,+0.439605,+0.332019,+2.713917,-0.689217,+1.237170,+0.974946,+0.225021,+0.397318,+1.177358,+0.183601,
-1.049230,-0.973009,+0.406770,+1.497285,+0.121605,-0.252625,-0.068315,+1.849008,-0.232734,+2.223968,-0.469710,-0.451491,-0.030860,+0.318591,+0.408297,+0.283042,
-0.733031,-0.198710,-0.025273,+0.429842,+0.392914,-0.036833,-0.202666,-2.030056,-1.367820,-0.754605,+0.529562,+0.005693,-0.212870,-0.596997,+0.596082,+0.136449,
-0.847003,+3.414231,+0.742546,-0.193101,-0.303149,-0.028415,+0.304055,+1.530602,+0.928140,+0.471313,-0.383186,-0.720792,-0.599118,+0.432195,+0.300772,+0.003670,
-0.198747,+1.454644,-0.230760,-0.263473,-0.135704,-0.671290,-1.348247,-1.134659,-1.587013,-1.204361,-0.514256,-0.044609,-0.317076,+0.169906,+1.111011,+0.927404,
+1.286921,-0.350157,+0.139356,-0.609652,-0.333533,-0.208601,+0.727482,-0.225026,+0.021845,+0.380892,+0.245662,-0.476873,-0.327832,+1.060920,-0.320231,-0.164848,
+0.200056,+0.015696,+0.096660,+0.573800,-0.991754,+0.297300,+0.369407,+0.176295,+0.289157,-0.112317,-0.351289,-0.379969,-1.864924,+0.631924,+0.502987,-0.144389,
+0.593989,+0.551428,-0.692810,+1.075091,+0.057434,-0.889577,-0.698806,-1.145427,-1.012129,-0.949158,-0.985965,-1.182432,+0.093410,+0.502351,+0.014537,-0.255629,

channel --> 21
-0.494169,-0.854134,-0.311026,-0.020605,+0.158530,+0.096806,+0.175483,+0.343519,+0.287000,+0.038835,+0.401262,-0.224834,-0.914672,-0.475757,+0.004950,-0.141322,
-0.110100,+0.400147,-0.020215,-0.133783,+0.118081,+0.025249,-0.450250,-0.570559,-0.788004,-0.413723,-0.637850,-0.154335,-0.055557,-2.232106,-0.003503,-0.026482,
+0.325013,+0.148801,-0.130344,-0.264780,-1.993161,-0.606413,-0.285604,-0.212577,-0.354232,-0.438741,-0.913794,-1.066478,-0.710204,+0.095432,-0.979425,+0.317325,
+0.179651,+0.240298,-0.069306,-1.280129,+0.096855,+0.749259,+0.661266,+0.593122,+0.607195,+0.616447,+0.479974,+0.076833,-0.831265,-0.351198,-0.777631,+0.066919,
+0.292537,-0.049908,-0.408797,-0.403911,+0.689417,+0.376808,+0.725832,+0.652525,+0.776363,+0.696425,+0.566303,+0.452855,+0.619644,+0.213022,-0.153900,-0.114613,
+0.292609,-0.181370,-0.435898,-0.049265,+0.568866,-0.094136,-0.009915,+0.554251,+0.864155,+0.780037,+0.127310,+0.053206,+0.202344,+0.722131,-0.330820,-0.153429,
+0.259579,-0.184127,-0.979514,+0.221625,-0.222619,+0.066594,-0.177871,+0.374545,+0.675805,+0.306667,-0.660988,-0.455043,-0.212666,-0.529848,-0.602096,+0.016010,
-0.396652,-1.512658,-0.437014,-2.249674,-0.784907,-0.122500,-0.986766,-1.128499,+0.071675,-1.463599,-0.352028,-1.670343,-0.988357,-1.507511,-1.768386,+0.358495,
-0.378201,-0.098513,-0.716147,-0.823492,-0.168458,-0.299581,-0.551423,+0.465953,-2.373647,-0.913601,+0.093410,-0.263661,-0.611413,+0.633139,-0.800736,+0.412707,
-0.311170,-0.167922,-0.650361,-1.207862,-0.697006,-0.086399,-0.042592,-1.890108,+0.645527,-1.300540,-0.704674,-0.012840,+0.029813,-1.209962,-0.163825,+0.316003,
+0.088779,+0.224869,-1.278808,+0.317073,+0.298808,+0.232605,-0.621082,-0.482039,+0.561748,-0.013602,-0.532564,+0.140396,+0.336002,+0.448427,-0.241025,+0.455359,
-0.212940,-0.755483,-1.403213,+0.514628,+0.802319,+0.454379,-0.021320,-0.945022,-0.690849,-0.752474,-0.481046,+0.662824,+0.634680,+0.167844,-0.476187,+0.746873,
+0.116808,-1.228475,+0.617810,+0.755719,+0.686402,+0.609851,+0.307554,-0.555955,-0.427351,-0.032873,+0.108462,+0.345919,+0.432819,-0.581606,-0.164039,+0.042002,
-0.558230,-0.299150,+0.535922,+0.078617,+0.634285,+0.742865,-0.939853,-0.725606,-0.372171,-0.576804,-0.315625,+0.476968,+0.306695,-0.745192,-0.676850,+0.426780,
-0.062619,-0.178357,+0.215451,-0.134499,-0.638145,+0.579123,+0.097231,+0.085688,-0.322849,-0.037420,+0.729254,+0.687282,+0.531298,-0.764381,-0.300269,-0.355461,
+0.055025,+0.342783,+0.091643,+0.041900,-0.354482,-1.414617,+0.776740,+0.797961,+0.312684,+0.733134,+0.319341,+0.441992,-0.315523,-0.560619,+0.141028,+0.055688,

channel --> 22
+0.120688,-1.216713,-0.223674,+0.572181,-0.065418,+0.144467,+0.430548,+0.422404,+0.518160,+0.806799,+0.595407,-0.032201,+0.942084,-0.339390,-0.216499,-0.746268,
-0.403024,-0.150578,-0.001987,+1.710375,+0.252157,-1.116009,-1.321064,-1.735986,-1.706440,-1.730735,-1.172931,-1.983208,-1.067779,-0.983152,+1.575577,+0.906449,
+0.176233,-0.072404,+0.845895,-0.365441,-0.691976,-1.734236,-1.383554,-1.254300,-1.234064,-1.650979,-1.751303,-1.791613,-2.405567,-2.303235,+0.960535,+0.448864,
+0.357504,-0.375690,-0.187601,-0.737711,+0.584458,+0.378042,+0.379401,+0.342861,+0.469245,+0.352090,+0.161474,-0.351455,-1.994646,-3.061942,-1.930447,+0.714279,
+0.326189,-0.399089,-0.749188,+0.094489,+0.953177,+1.246763,+0.772665,+0.522269,+0.573370,+0.652037,+0.647088,+0.585310,+0.490269,-1.918259,-2.850809,+0.290365,
+0.301338,-0.118017,-0.016446,+0.664621,+0.503784,-1.378815,-1.052514,+1.013568,+0.988804,+1.143550,-0.362071,-1.009128,+1.279920,-0.926693,-2.039917,+0.358530,
+0.557662,+0.174682,+0.524687,+1.380436,-0.733268,-0.566305,-0.548961,+0.302758,+0.953813,+1.052220,-0.577035,-0.844773,-1.341797,+0.244537,-0.489068,+0.766439,
+0.555271,+1.829376,-0.277440,+1.522238,+0.058203,-1.256796,-0.381086,-0.657220,+0.734549,+2.715887,-0.855682,-2.143294,-0.570454,+0.625974,-2.034553,+1.198995,
-0.157120,-0.336555,-1.843290,-1.734530,+1.100182,-0.197321,+0.598779,+1.056031,-0.142482,-1.999249,+0.070463,-0.365910,+0.480911,+0.931824,-1.209262,+0.455309,
-0.192928,-0.634464,+0.099792,-1.237340,-2.172171,-1.171348,+0.070795,-0.050724,+0.402833,-1.671179,-2.280443,-0.038630,-0.129746,+0.507602,+0.065147,+0.530670,
+0.301137,-0.623208,-0.036992,+0.398228,+0.006757,+0.091849,+0.213789,+2.318789,+1.466743,+0.337647,+0.329435,+0.162891,+0.348513,+0.485247,+0.623809,+0.397197,
+0.511867,+0.296011,-1.355133,+0.561800,+0.457753,+0.289291,+0.312385,-0.299015,-0.557979,-1.146843,+0.877141,+0.425783,+0.613931,+0.295555,+0.188875,+0.754912,
+1.199820,+0.492371,+0.625704,+0.503873,+0.551521,+0.338754,+0.327852,+1.080693,+0.718846,+0.541905,-0.344375,+0.557289,+0.356434,-0.306370,-0.129413,-0.945440,
-0.553947,-0.592796,+0.562263,+0.349903,+1.041976,+0.340949,+0.444997,+0.237229,+0.496517,+0.357926,-0.026226,-0.008912,+0.849409,-0.311133,+0.077272,+0.837665,
-0.170959,-1.200262,+0.836767,-0.430297,-1.133185,+0.501962,-0.018247,+0.367842,-0.238902,+0.092075,+0.469414,+0.539978,+1.222554,+0.756878,-0.676602,+0.445305,
-0.969764,-0.269023,-2.472029,+0.892876,-2.367852,-0.535386,+1.757214,+0.615674,+0.703948,+0.598529,+1.232641,+1.754251,+1.403594,+0.347654,+0.502886,+0.610651,

channel --> 23
+0.139679,-2.438843,-0.791325,-1.222946,-0.706292,-0.834776,-0.283946,-0.295329,-0.477326,-0.345698,+0.042234,-0.966327,-1.400159,-1.487152,-0.926549,-1.061893,
+0.072807,+1.117777,+0.362737,-1.033452,+0.251936,+0.259370,+0.268495,+0.725971,+0.757972,+0.021670,+0.074929,-0.248634,-0.027034,-5.726847,-0.844917,-1.092703,
+0.264506,+1.520973,-0.177175,+1.037208,+0.663667,+1.037103,+1.183022,+1.074797,+0.956634,+1.298793,+1.409967,+1.506493,-0.018659,-0.543367,-2.224355,-0.953480,
+0.319949,+1.953956,+0.773851,+0.676952,+0.683572,+0.734086,+0.896855,+0.889005,+0.807385,+0.953118,+0.833637,+0.106052,+0.920057,-0.084177,-1.743468,-0.805607,
+0.558109,+1.955950,+0.198592,+0.185535,+0.221644,-0.036448,+0.429135,+0.732988,+0.823422,+0.734555,+0.571031,+0.069030,-0.049433,+1.815783,-0.037502,+0.116190,
+0.526163,+1.583727,-0.050765,+0.116762,-1.048196,-3.012038,-2.874105,-0.427350,+0.391067,+0.274031,-2.771695,-3.086461,-1.108461,+1.229393,-0.151722,-0.258558,
+0.286993,+1.699333,-0.526767,-1.049550,+0.533582,+0.566953,+0.249965,-0.043821,-0.380922,+0.749606,+0.946232,+0.500283,-0.833648,-2.134482,-1.102881,-0.232279,
-0.119530,+0.933696,-1.128040,-0.767769,-1.757963,-0.982105,-0.316390,-1.085965,-2.136785,-0.789769,+0.379408,-3.422611,-1.881930,+0.562326,-3.415559,-0.762856,
+0.471419,+1.231950,+1.745765,-3.638086,-0.512764,+0.555814,+0.040114,-0.318374,+0.024347,-2.007603,+0.497739,+0.475311,-0.005736,+0.688050,+0.374998,-0.659759,
-1.088305,+1.577130,-0.043193,+0.717516,-2.036884,-0.586790,-0.043763,+0.665121,+0.407436,+1.219271,-1.324635,-0.661457,-0.400656,+0.859976,+0.076039,+0.039457,
+0.592252,+1.618800,-2.689562,+0.687614,+0.832150,+0.722504,+0.320446,-1.700214,-0.471601,-1.923731,+0.922575,+0.502895,+1.031209,+0.904508,+0.242262,-0.074604,
+0.615358,+1.351226,-0.896585,+0.083621,+0.733421,+0.777046,+0.721928,-0.307932,-0.974393,+0.021995,-0.736130,+0.484263,+0.889566,+1.041874,-1.214683,-0.269989,
-0.443875,-0.517566,+0.350097,+0.543629,+0.707199,+0.800861,-0.527067,-2.123050,-0.933162,-1.425752,-0.366700,+0.824081,+1.043746,-0.294790,+0.245166,+0.138843,
+0.070200,-2.964837,-0.262291,-1.207222,-0.054774,+1.086858,+0.747516,-0.269098,-0.222247,+0.281148,+0.961437,+0.442225,+0.736636,-0.462885,-1.593282,-0.272857,
-0.276738,-1.431168,-1.607502,-0.439058,-4.490314,+0.114417,+0.714127,+0.255178,+0.338988,+0.445219,+0.479145,+0.763918,+0.097655,-1.252680,+0.092964,-0.768115,
-0.004650,-0.682826,-3.647857,-1.516728,-2.445997,-5.378677,-0.466090,-0.448779,-0.257496,+0.142809,+0.083877,+0.056456,-0.331292,-0.735478,+0.217714,+0.106111,

