channel --> 0
-0.057969,+0.179117,+0.375722,+0.197072,+0.434800,+0.421441,+0.195952,-0.281283,
-0.085913,+0.140823,-0.349885,-0.075856,+0.109926,+0.421381,+0.535576,+0.076413,
-0.113563,-0.283011,+0.883842,+0.233017,-0.232412,+0.915807,+0.060742,-0.286382,
-0.598449,-0.074482,+0.768427,-0.000205,-0.176907,+1.099073,-0.364866,-0.089123,
+0.164285,+0.096299,+0.110146,+0.339060,-0.080824,-0.054141,+0.250820,-0.351758,
+0.235997,-1.014506,-0.218048,+0.420495,+0.667189,-1.290746,-0.216418,+0.444957,
+0.322812,-0.126608,-0.278716,+0.988064,-0.067726,-1.687595,-0.452493,+0.196564,
+0.370416,+0.783952,-0.157914,+0.311956,+0.341958,-0.681098,-0.119056,-0.313794,

channel --> 1
-0.044953,+0.535666,+0.482218,+0.747474,+0.284778,+0.088322,+0.398770,+0.104058,
+0.457675,+0.092273,-0.645903,-1.046911,-0.950564,-0.185792,-0.065797,+0.060020,
+0.503651,-0.256306,+1.215516,+1.067235,+0.320785,+1.460061,+0.302449,-0.165258,
+0.540763,-0.069093,+0.548298,-0.071601,+0.039510,-0.061573,-0.028991,-0.380557,
-0.021533,-0.723682,+0.074222,-0.612847,-0.659285,+0.159970,-0.419331,-0.204125,
+0.594132,-0.459046,-0.112596,+0.582556,+0.267212,-0.115280,+0.107459,+0.122224,
+0.298334,-0.066491,+0.666112,+0.047784,+0.589530,-0.458550,+0.477663,-0.032828,
+0.014114,+0.409695,+0.523512,-0.055462,-0.176937,-0.287637,+0.007953,-0.336386,

channel --> 2
-0.494308,-0.901718,-0.327920,+0.387496,+0.428842,-0.059591,-0.299185,+0.329528,
-0.194651,+0.395364,+1.322963,+1.338565,+1.285745,+0.679587,-0.032727,-0.573681,
-0.217504,+0.647158,-0.298847,+0.554566,-0.113454,-0.589458,+0.195753,+0.150923,
-0.864531,-0.418073,-0.411166,-0.881209,-1.321965,-0.497597,-0.770524,+0.053215,
-0.852880,-0.081158,+0.668406,-0.192523,-0.214146,+0.197816,+0.431344,+0.288265,
-0.950866,+1.554355,+0.893542,-0.198325,-0.834851,+0.623147,+0.895243,+0.216517,
+0.054352,+0.863481,+0.411908,+0.372657,-0.549312,+0.579691,+0.550077,+0.072141,
+0.115754,-0.338992,-0.326515,+0.234195,+0.592775,-0.154049,-0.421269,+0.113997,

channel --> 3
-0.214818,-0.459172,-0.537632,-0.311279,-0.587037,-0.149397,+0.333117,-0.950602,
-0.116105,-0.081043,+0.072401,-0.147385,-0.050657,-0.614456,-0.214348,+0.594983,
-0.525072,-0.161591,-0.075208,+0.496005,+0.144139,+0.200694,-0.984293,-0.307810,
-1.162438,+0.666279,-0.330131,-0.950120,+0.161342,-0.257470,-0.346300,-0.470627,
+0.748557,+0.696489,-0.597418,-0.173665,+0.396626,+0.365050,+0.086061,-0.423493,
-0.806643,+0.393881,-0.746379,+0.728968,-0.450116,-0.754895,+0.108705,-0.107524,
-0.136345,-0.230600,-0.261240,-0.345084,-0.078903,+0.015014,-0.682389,+0.088433,
-0.222288,+0.322420,+0.125300,-0.485554,-0.028761,-0.254569,+0.392728,-0.123299,

channel --> 4
-0.505777,+0.340149,+0.349097,+0.366717,+0.455661,+0.362115,+0.151608,+0.779992,
-0.005395,+0.189778,+0.555176,+0.739452,+0.287703,+0.276816,-0.493023,-0.338664,
+0.099259,+0.086701,-0.025667,+0.639302,-0.192446,+0.102623,+0.489794,-0.294776,
-0.434563,-0.895860,+0.687802,+0.755338,+0.352472,-0.244634,-0.125991,+0.030715,
-1.504377,-0.690291,+0.858895,-0.739186,-1.047068,+0.029358,-0.829083,-0.540071,
+0.104742,+0.361863,+0.956510,-1.134746,-0.555388,+0.134754,-0.390502,+0.075314,
+0.152351,-0.362505,+0.032189,+0.033359,+0.589715,+0.137588,+0.323871,+0.251364,
-0.434907,-0.291659,+0.595141,+0.681784,+0.431130,-0.012722,-0.684333,-0.052113,

channel --> 5
-0.271592,-0.252212,+0.044259,+0.322279,-0.098685,+0.058363,-0.084900,-0.259037,
-0.133289,+0.808168,+0.410584,-0.274286,-0.195589,-0.132459,-0.806093,+0.943102,
+0.007153,+0.946624,-0.084662,-0.048325,+0.660716,+0.202893,-0.169912,-0.301684,
-0.045255,+0.396090,-0.541346,+0.362232,+0.573876,+0.053741,+0.291831,-0.041953,
-0.191960,+0.034272,+0.187053,+0.051487,-0.852771,+0.244791,+0.583529,-0.015230,
-0.420799,+0.655108,+0.200257,+0.340823,+0.030123,+0.007611,+0.270984,-0.252652,
+0.162473,+0.101233,-0.470244,+0.164763,+0.088382,-0.292017,+0.155788,-0.340848,
-0.160823,-0.202453,+0.168619,-0.038825,-0.152570,+0.388742,-0.300541,-0.077111,

channel --> 6
-0.281816,-0.785062,-0.653789,-0.750871,-0.672072,-0.612393,-0.745720,-0.235057,
-0.154392,-0.650485,-0.139834,+0.591783,+0.548439,+0.476901,-0.094576,-0.358277,
-0.021133,-0.823704,-0.817305,-0.640390,-0.328087,-0.988919,+0.051463,-0.222332,
+0.164828,-0.918665,-0.468557,+1.010515,-0.539653,-0.546411,+0.460296,-0.608111,
-0.392437,-0.652599,-0.423675,-0.845210,-0.277509,+0.026686,-0.235571,+0.083413,
+0.483530,-0.295191,+0.453079,-1.581413,-0.460927,+0.034501,+0.716783,+0.196841,
+0.191943,+0.244427,+0.234051,-0.780645,+0.132070,+0.225339,+0.613073,+0.049463,
+0.183394,+0.234568,-0.529161,-0.363730,+0.016972,+0.158157,-0.518074,+0.458402,

channel --> 7
-0.132742,-0.204748,-0.404145,-0.225905,-0.387173,-0.380666,-0.132664,-0.304299,
-0.165276,+0.708660,-0.504985,-0.607630,-0.528988,+0.126054,+0.496939,-0.087908,
+0.044812,+0.568052,-0.476274,+0.186560,-0.496182,-0.185301,+1.252872,+0.486052,
-0.387222,+0.285793,-1.108047,-0.312119,-0.850910,-0.385305,+0.393264,-0.199144,
-0.151718,+1.042966,-0.400248,+0.237007,+0.213520,+0.063406,+0.303295,+0.787457,
+0.223773,+1.186837,-0.499290,-0.221028,+0.329929,+0.419439,+0.211926,+0.037449,
+0.524372,-0.201554,-0.462575,-0.747764,-0.912936,-0.228128,+0.121148,-0.023212,
+0.865996,+0.635758,+0.125869,-0.741874,-0.658245,-0.315437,+0.744861,+0.055132,

channel --> 8
-0.523013,+0.178565,+0.378107,-0.372815,-0.751430,-0.614216,-0.216651,+0.206132,
-0.820075,+0.129735,-0.042308,-0.383076,-0.304315,-0.150398,-1.302082,-0.173741,
+0.284892,-0.102879,-0.298711,-0.703409,-1.019569,+0.122100,-0.542973,+0.076955,
+0.215239,-0.042086,-0.596475,-0.667870,-0.616034,-0.432291,+0.013462,+0.666393,
-0.430852,-0.520831,-0.259427,-0.025695,+0.097268,+0.034055,-0.151964,+0.278786,
+0.482281,-0.112320,+0.319155,-0.722629,+0.331994,+0.046949,+0.237474,+0.553771,
+0.369740,+0.000409,-0.373519,-0.501015,+0.049437,-0.009854,+0.703371,+0.113750,
-0.285032,-0.189472,+0.079565,+0.375820,+0.198701,-0.273643,-0.177508,-0.206719,

channel --> 9
+0.279362,+0.128872,+0.404059,+0.505708,+0.608256,+0.308417,+0.201386,+0.548039,
-0.117835,-0.613399,+0.413698,+0.569777,+0.251827,-0.148842,-0.102190,+0.107422,
-0.166798,-0.429015,+0.485133,+0.472544,+0.172001,+0.269854,+0.196256,+0.069142,
-0.537112,+0.339957,+1.060356,+0.338184,+0.448867,+0.741950,+0.315062,+0.136916,
-0.643816,-0.029319,+0.532622,-0.414823,-0.069286,+0.287849,-0.350002,+0.017567,
-0.353667,-0.098979,-0.341286,-0.569929,-0.200145,-0.568304,-0.220783,+0.376045,
+0.071381,+0.485411,+0.464296,-0.188571,+0.009370,+0.418665,+0.436679,+0.675587,
+0.363423,+0.557884,+0.783855,+0.406553,+0.155608,-0.207709,-0.109328,+0.404669,

channel --> 10
+0.255800,+0.490453,+0.371169,-0.187071,+0.183855,+0.649681,+0.370136,+0.194004,
-0.266112,+0.783414,+1.056447,-0.368863,-0.505432,+0.245708,-0.047777,-0.205513,
-0.063279,+0.623796,+1.120042,-0.395220,-0.003076,+0.140508,-0.796960,+0.145729,
+0.629225,+0.524147,+0.874182,+0.226147,+0.658862,+0.091530,+0.305323,-0.124610,
-0.757349,-0.005875,+0.141209,+0.352538,+0.164556,-0.436732,-0.232261,+0.354357,
+0.284824,-0.632893,-0.743603,+1.093603,+0.269889,-0.138434,-0.097888,+0.494526,
-0.009559,-0.190930,+0.269055,+0.422511,-0.002034,-0.629736,+0.739757,+0.229213,
-0.459775,-0.597483,-0.150425,+0.002044,-0.393398,-0.068362,+0.402252,-0.398578,

channel --> 11
+0.249258,-0.325576,+0.037022,-0.186254,-0.355599,-0.484127,-0.664898,+0.358266,
+0.231037,-0.367863,+0.720333,+0.533413,+0.120679,+0.367436,+0.146244,-0.039366,
+0.025320,-0.232199,+0.234993,-0.031481,+0.241104,-0.198344,+0.302268,+0.096812,
-0.333691,-0.544029,-0.294304,-0.799969,-0.779670,-0.609690,-0.313978,-0.063192,
-0.310524,+0.162967,+0.079194,+0.579875,+0.508798,-0.145846,+0.393331,+0.559524,
-0.325695,+0.226500,+0.358744,+0.680241,-0.819863,-0.088758,+0.249716,-0.308741,
+0.052410,-0.125973,-0.262755,-0.426758,-0.532602,-0.203200,-0.493869,+0.110332,
-0.342936,+0.441897,+0.173549,-0.107163,-0.300911,-0.133024,-0.676417,+0.134656,

channel --> 12
-0.321185,+0.055659,+0.080981,+0.264892,+0.069985,-0.338604,-0.644038,-0.129221,
-0.406415,-0.209597,-0.001367,-0.124158,+0.180999,+0.009017,-0.199284,-0.615726,
-0.398043,-0.939220,+0.664969,-0.104325,+0.388849,+0.295042,-0.741938,+0.100801,
-0.475891,-0.243086,+0.584415,+1.528316,+0.182330,+1.024987,+0.783537,-0.475412,
-0.415929,-0.573364,-0.358983,+0.209795,-0.058476,-0.384081,+0.617628,+0.199875,
+0.445524,+0.249503,+0.082222,-0.149377,+0.120339,+0.212850,-0.042441,-0.333738,
-0.462293,-0.183567,-0.314865,-0.132083,-0.322298,+0.405640,-0.481920,-0.410417,
-0.110107,+0.469571,-0.285824,+0.112146,+0.124179,-0.139422,-0.299321,-0.576565,

channel --> 13
+0.433791,-0.032676,-0.285746,-0.658701,-0.671014,-0.505149,-0.000925,+0.448003,
-0.057974,-0.481472,-0.246710,-0.126879,+0.141741,-0.096937,-0.349059,+0.288715,
-0.298471,-0.261005,-0.178543,+0.186428,-0.523540,+0.081388,+0.168233,-0.787701,
-0.877254,-0.316321,+0.481410,-1.086001,-0.401828,+0.168645,-1.156377,-0.335232,
-0.637371,-0.323966,+0.627714,-0.472819,-0.508939,+0.228757,-0.623187,-0.040779,
-1.056246,-0.199305,+0.115912,+0.003893,-0.754814,-0.638141,+0.251449,-0.013269,
-0.139506,+0.551552,+0.479643,+0.330300,-0.819141,-0.138111,-0.075668,+0.220775,
+0.055180,-0.540482,-0.068004,-0.148454,-0.280588,-0.394729,-0.157021,+0.664216,

channel --> 14
+0.218918,-0.122559,-0.386796,-0.822874,-0.247680,-0.114908,+0.262124,+0.538358,
-0.499250,-0.288148,-0.375058,+0.114662,+0.458292,+0.292688,-0.044101,-0.029237,
+0.083221,+0.460156,+0.259412,-0.219377,-0.096539,+0.257898,+0.382044,-0.027275,
-0.169368,-0.071006,+0.366738,-0.169369,+0.044683,-0.281154,-0.212717,+0.043028,
+0.424615,+0.348826,-0.296895,+0.047567,-0.349376,-0.419434,+0.318329,+0.237354,
-0.088434,-0.325664,+0.809478,+0.119021,-0.095229,-0.340088,+0.552379,+0.475658,
+0.939174,+0.391836,+0.702812,-0.675773,-0.291367,-0.714191,+0.873222,+0.270515,
+0.500639,+0.207799,-0.001822,+0.147804,+0.122041,-0.178909,+0.336296,+0.437476,

channel --> 15
-0.039637,-0.060699,+0.443176,-0.118104,-0.165211,-0.250746,-0.197529,+0.451354,
+0.176657,-0.112334,-0.122942,-0.647811,-0.725317,-0.529424,-0.437142,+0.750517,
-0.322221,-0.192346,+0.485146,+0.107494,-0.016304,+0.194430,-0.171916,-0.096950,
-0.282198,+0.057640,-0.648316,-1.113925,-0.519105,-0.517079,+0.402882,+0.154492,
-0.082310,+0.272385,+0.207975,+0.589257,+0.153678,+0.045296,+0.333743,+0.275966,
+0.203439,-0.604236,-0.321120,-0.088623,+0.121466,-0.005680,-0.309734,+0.219667,
+0.345456,-0.304998,-0.009804,-0.077240,+0.331459,+0.131519,-0.274734,-0.146184,
+0.159082,+0.236766,+0.391307,-0.508702,-0.447511,-0.069874,+0.494455,+0.326198,

channel --> 16
-0.408870,+0.259039,+0.449044,+0.259385,+0.043152,-0.154961,+0.126568,-0.017953,
-0.707694,+0.252040,+0.301197,+0.245602,+0.326583,-0.120675,+0.539631,+0.605930,
-0.662551,-0.200861,+0.380355,+0.078324,-0.048193,+0.603023,-0.618894,+0.402263,
-0.740030,+0.024216,-0.194473,+0.872628,-0.121336,+0.403249,+0.480550,-0.478876,
-0.231570,+0.390628,+0.080364,+0.447618,-0.117171,+0.005639,+0.405083,+0.410231,
-0.285706,+0.219594,-0.554943,-0.180522,+0.482328,-0.210752,-0.753109,-0.021640,
-0.354480,+0.264168,-0.614139,-0.807545,-0.263454,+0.222951,-0.789603,-0.136306,
+0.333178,+0.602503,+0.118000,-0.446604,+0.327340,+0.187353,+0.063548,-0.063228,

channel --> 17
-0.327322,-0.426007,+0.211527,+0.343003,+0.060121,-0.273261,-0.162285,+0.419159,
-0.256221,+0.556081,+0.887846,-0.088598,+0.036064,+0.179185,-1.158301,-0.255278,
-0.020852,+0.497225,+0.501813,+0.329529,+0.365723,+0.603862,-0.093238,-0.330553,
-0.172153,-0.048329,-0.536116,-0.767665,-0.396194,-0.763536,-0.227533,+0.098330,
-0.549269,-0.457643,+0.104261,+0.646763,+0.140471,-0.185924,-0.047332,+0.005506,
+0.503428,-0.221257,+0.026545,-0.067790,-0.119820,-0.146835,+0.233434,-0.008149,
+0.253168,-0.023862,+0.190351,+0.126512,-0.440397,-0.607188,+0.307853,-0.354271,
-0.239437,-0.039579,+0.236392,-0.058312,-0.422841,+0.037310,+0.079527,-0.373347,

channel --> 18
-0.170925,-0.460318,-0.022794,+0.181271,+0.176077,+0.009873,-0.133220,-0.539846,
-0.144700,+0.480446,+0.552658,+0.838256,+0.318660,-0.111072,-0.524290,+0.164884,
+0.193344,-0.488097,-0.380953,-0.076879,-0.254184,+0.395044,-0.052488,+0.119245,
+0.207296,+0.331285,-0.141490,-0.099486,+0.685982,+0.821395,+0.705552,-0.286837,
+0.788885,-0.028101,-0.184107,+0.143781,+0.289548,+0.221649,+0.086045,-0.260834,
+0.252113,+0.172056,-0.804090,-0.385673,+0.111586,-0.011769,+0.066426,-0.579713,
-0.437543,-0.521229,+0.053963,+0.381794,+0.198513,-0.009798,+0.308822,-0.685126,
-0.205377,+0.106590,+1.092007,-0.129584,-0.877200,-0.469827,+0.157471,-0.305184,

channel --> 19
-0.105603,-0.057078,+0.083090,+0.124143,-0.144061,-0.068269,-0.339781,-0.231037,
+0.272451,-0.232155,-0.596297,-0.386987,-0.295580,+0.056223,-0.233574,-0.047372,
+0.082062,-0.080786,-0.597819,-0.284917,-0.535196,+0.267439,-0.823709,-0.891249,
+0.646255,+0.658154,-0.711747,+0.008074,+0.417720,-0.570514,+0.356574,+0.030837,
+0.402403,-0.981221,-0.626785,+0.300935,+0.155710,-0.842586,-0.051803,-0.219210,
+0.564794,-0.759115,-0.225005,+0.812755,+0.291298,-0.361954,+0.148165,-0.124188,
+0.028069,-1.081421,-0.137693,-1.179518,+0.212261,-0.089274,-0.036533,-0.182611,
+0.089822,-0.213361,+0.014154,-0.486343,-0.401074,+0.395224,-0.083936,-0.550386,

channel --> 20
-0.000234,+0.067266,+0.254545,+0.292663,+0.174514,+0.016545,-0.268389,+0.093087,
+0.290364,-0.266545,+0.521290,+0.046342,-0.113720,-0.210156,-0.155999,+0.057212,
+0.362630,-1.035870,-0.019786,-0.000094,-0.316061,-0.746261,-0.024171,+0.223993,
+0.855164,-0.834514,+0.164820,+0.843397,+0.334443,-0.218489,+0.693825,-0.781588,
+0.439205,-1.027837,+0.246913,-0.019934,-0.099933,-0.001622,+0.164064,-0.270717,
+0.593684,-0.474569,-0.488728,-0.241102,-0.200143,-0.181321,-0.032616,-0.374957,
-0.155785,-0.662959,+0.097256,-0.251112,+0.563818,+0.145816,+0.139037,-0.593351,
-0.621727,-0.084817,+0.103616,+0.012863,-0.084550,-0.011523,-0.542556,-0.063251,

channel --> 21
-0.146317,+0.268585,+0.197289,+0.297274,-0.228305,-0.323995,+0.184576,+0.006345,
-0.237983,+0.457313,+0.207863,-0.539201,-0.250158,+0.002991,-1.075891,+0.166466,
+0.002325,+0.135145,-0.080773,+0.110790,+0.249848,+0.305443,+0.260929,+0.149293,
+0.184264,-0.079426,-0.071919,-0.693204,+0.727803,+0.241696,-0.384389,+0.482245,
-0.064237,+0.218848,-0.578624,-0.132960,-0.763963,-0.254075,-0.336541,-0.530051,
+0.801947,-0.128618,-0.430877,+0.099152,-0.780257,-0.234326,-0.022401,-0.474649,
+0.215618,-0.409080,+0.013437,+0.348643,+0.013823,-0.781839,+0.638784,+0.291703,
-0.745891,-0.834070,-0.083818,+0.262854,-0.109406,-0.328740,+0.422454,-0.384921,

channel --> 22
+0.007953,+0.506586,-0.099804,-0.583228,-0.903770,-0.717159,+0.293200,+0.298590,
-0.138258,+0.534775,+0.063239,-0.310459,-0.512805,-0.519827,-0.439885,+0.582941,
-0.380048,+0.168251,+0.386413,+0.503600,+0.253525,+0.767284,+0.001587,-0.250785,
+0.621104,+0.181374,-0.827517,-0.930927,+0.203980,-0.768304,+0.049109,-0.276332,
-0.144801,-0.429280,-0.081480,+0.446253,-0.661968,-0.640397,-0.430733,-0.474057,
+0.866261,+0.032529,+0.747644,+0.536638,-0.449705,-0.062208,-0.235241,+0.033780,
+0.073770,+0.542599,+0.233879,-0.203080,-1.133513,-0.224365,-0.275754,-0.484645,
-0.157892,+0.134063,+0.781770,-0.284339,-0.572105,+0.712251,+0.202099,+0.228075,

channel --> 23
-0.492654,-0.566320,-0.681192,-0.201898,-0.304070,-0.340379,-0.512394,-0.381733,
-0.029326,+0.363827,+1.554412,+0.450395,+1.019138,+0.791488,+0.102429,+0.036359,
-0.264130,-0.077018,+0.247344,-0.126863,-0.170905,-0.148245,-0.336400,+0.623236,
-0.813642,-0.224459,+0.061138,+0.137941,-0.120856,+0.407374,-1.150554,+0.065811,
-0.533990,+0.303195,+0.556413,-0.085062,-0.672130,+0.814659,+0.239859,+0.235235,
+0.661443,+0.769679,+0.372239,-0.053129,+0.284763,+0.904180,-0.046878,-0.238841,
-0.788910,+0.568138,-0.868190,+0.691919,+1.122202,+0.253360,-0.858421,+0.129101,
-0.742038,-0.746306,-0.598585,-0.365144,-0.599282,-0.513959,-0.201811,+0.098565,

channel --> 24
+0.224066,+0.282713,-0.183305,-0.677013,-0.237447,-0.156771,-0.287953,+0.045434,
+0.445882,-0.531913,-0.267150,+0.792463,+0.329323,-0.288881,-0.507481,-0.149318,
+0.209134,-0.195536,+0.514308,+0.189105,+0.464490,-0.537279,-0.035723,+0.075721,
+0.216797,-0.004770,+0.442402,+0.208912,+0.011989,-0.307817,+0.090236,+0.463642,
+0.017800,-0.100847,+0.060230,-0.682471,-0.614821,+0.388710,-0.331353,+0.223627,
+0.556723,+0.663598,+0.054113,-0.105348,-0.078989,+1.278562,+0.199205,+0.249163,
-0.539997,+1.008785,+1.283098,+0.327480,+0.185305,+1.681602,+0.040120,-0.121790,
-0.428778,-0.695534,+0.112677,-0.494301,-0.094496,+0.429764,-0.644838,-0.289975,

channel --> 25
-0.330570,+0.308118,-0.115319,-0.601665,-0.559557,-0.299794,-0.192179,-0.014633,
+0.116493,+0.298906,-0.254421,+0.294078,+0.081583,-0.568278,-0.874811,-0.357774,
+0.382209,+0.513341,-0.283147,+0.454280,+0.894400,-0.501219,-0.082230,+0.144334,
+0.612641,-0.173345,-0.865523,-0.180182,+0.341604,-1.213444,-0.549955,+0.204652,
+0.203739,+0.052869,-0.581952,+0.415413,-0.506375,-0.614450,-0.198520,-0.393040,
+0.503976,-0.386114,+0.006861,-0.675447,-1.510818,-0.088016,+0.219310,-0.391339,
+0.171403,+0.213351,-0.011901,-1.081849,+0.182458,+0.468778,-0.103790,-1.292164,
-0.629070,-0.707987,-0.108305,+0.624313,+0.629926,+0.859328,-0.228125,-0.391333,

channel --> 26
-0.315991,+0.039558,+0.040848,-0.113399,-0.191600,-0.115416,+0.244407,+0.281787,
-0.433361,-0.555619,-0.248701,-0.260231,-0.069047,-0.023478,+0.083309,+0.222750,
-0.290711,-0.705069,+0.536129,+0.582457,+0.425198,+1.062498,+0.375509,-0.145606,
-0.196889,+0.330747,+0.059563,-0.216100,-0.149588,+0.000578,+1.204014,+0.080245,
-0.200776,+0.014702,-0.059525,-0.502629,+0.061849,+0.414493,-0.234055,-0.435342,
+0.294699,+0.034315,-0.626031,+0.318770,+0.850347,+0.173439,-0.221859,+0.479622,
-0.029441,+0.563417,-0.052466,+0.113374,-0.238305,-0.107844,-0.158373,+0.164728,
+0.357570,+1.035372,+0.915150,+0.093529,+0.124160,+0.250881,+0.579932,+0.277778,

channel --> 27
+0.077669,-0.244126,+0.254082,+0.246833,+0.387593,+0.410008,-0.222487,-0.016231,
+0.064497,-0.391357,+0.376538,+0.339316,+0.035845,+0.638123,+0.501936,-0.342625,
+0.247838,-0.494211,-0.777888,-0.251742,-0.511256,-0.529963,+0.656281,-0.143032,
-0.236721,-0.737814,-0.363699,-0.192957,-1.027389,-0.828479,-0.269910,+0.032997,
+0.951748,+0.290762,-0.707000,-0.122308,+0.596565,+0.109789,+0.240536,+0.133662,
-0.131615,+0.045869,-0.078079,-0.463227,-0.007931,-0.034163,+0.292402,+0.300441,
+0.511691,-0.090001,-0.497336,+0.327489,+0.861903,-0.454875,-0.154802,+0.063844,
+0.191282,-0.171598,-0.215630,+0.721721,+0.723347,-0.219613,+0.359542,+0.508723,

channel --> 28
+0.311345,+0.586768,-0.119273,+0.402287,+0.313349,+0.290699,+0.010118,-0.590611,
+0.270286,+1.205472,+0.135654,+0.051951,+0.020148,-0.156140,+0.317463,+0.962179,
+0.276411,+0.333167,-0.358236,-0.084539,+0.245172,-0.193232,-0.087553,+0.113879,
-0.443315,-0.169863,-0.429436,-1.066298,-0.841436,-0.262779,-0.601807,-0.441450,
-0.380279,-0.359013,+0.325844,-0.459171,-0.387456,+0.027668,-0.360056,+0.268182,
-0.947534,+0.307606,+0.427680,-0.819698,+0.110210,+0.350735,+0.269478,+0.087300,
-0.583547,+0.008583,+0.099655,+0.520979,-0.693556,+0.093261,-0.253958,+0.096033,
+0.278350,-0.556099,-0.984934,-0.240654,+0.207736,+0.108757,+0.618644,+0.356885,

channel --> 29
+0.272280,+0.086201,+0.430656,+0.543764,+0.502897,+0.195891,+0.096863,+0.185744,
-0.182055,+0.507533,+0.349422,+0.575273,+0.375383,+0.079215,+0.192877,+0.131535,
-0.284445,-0.015838,+0.194967,+0.102268,+0.067492,+0.636795,-0.197332,+0.049492,
-0.025814,+0.634541,+0.833245,+0.678094,+0.092394,+0.668443,+0.852878,-0.045147,
+0.661065,+0.799423,+0.524921,+0.680971,+0.102626,+0.801528,+0.950193,+0.257095,
+0.037323,+0.268324,+0.095136,+1.030270,+0.881641,+0.359324,+0.126725,-0.216345,
-0.081185,-0.002814,-0.229621,+0.316407,+0.505013,-0.207651,-0.184506,+0.035924,
+0.217307,+0.632994,+0.480902,+0.241420,-0.029045,-0.210087,+0.065566,+0.244678,

channel --> 30
-0.183272,-0.040190,+0.287024,+0.247152,+0.070265,+0.325669,+0.064880,-0.114611,
-0.264763,+0.599530,+0.604338,-0.393997,+0.039336,+0.551151,+0.022234,-0.344358,
-0.075168,+1.239584,+1.307194,+0.596976,+0.950704,+0.923905,+0.557900,+0.569147,
-0.346693,-0.077704,-0.392969,+0.852672,+0.485489,+0.475024,-0.241734,+0.258485,
-0.385316,+0.768739,-0.321016,+0.934669,+0.809648,-0.029503,+0.080395,+0.599546,
-0.012601,+0.286441,+0.285160,+0.976384,+0.220587,+0.034693,+0.119262,+0.548258,
+0.579647,+0.348166,+0.208069,+0.578711,+0.037504,+0.162460,+0.520209,-0.317283,
-0.601059,+0.421559,+0.173657,-0.568504,-0.528926,+0.444599,+0.339906,-0.453626,

channel --> 31
-0.049654,-0.561804,-0.656123,-0.864398,-0.722572,-0.565020,+0.048478,+0.193341,
-0.045538,-0.311894,-0.269585,-0.977905,-0.666078,-0.507721,-0.414889,-0.064808,
+0.258017,+0.260678,+0.182736,+0.326657,-0.062504,-0.272204,-0.235525,+0.338356,
-0.163288,-0.388031,-0.485964,+0.483735,+0.443181,-0.126114,-0.748612,-0.151640,
+0.039752,-0.344347,-0.758232,-0.768691,-0.139981,-0.764672,-0.748572,+0.396613,
+0.187144,-0.431909,-0.764527,-1.211190,+0.230587,+0.414696,+0.070180,+0.842598,
+0.575270,+0.830509,-0.225711,-0.653320,+0.141954,-0.172340,+0.268760,+0.013299,
-0.110969,+0.006801,+0.019765,-0.308768,+0.193272,-0.054811,+0.477025,+0.431497,

channel --> 32
-0.035941,+0.435755,+0.468876,+0.521976,+0.188683,+0.177862,+0.129898,-0.507414,
+0.285158,+0.415386,-0.858179,-0.000932,+0.087871,+0.208555,-0.295726,-0.011262,
+0.560986,-0.434931,-0.814141,+0.685749,-0.296914,-0.175110,-0.142864,-0.131636,
-0.360774,-0.475001,-0.664702,-1.032490,-0.892952,-0.568846,-0.828349,-0.640227,
-0.028603,+0.054445,+0.039492,-0.683552,-0.808119,+0.332612,-0.572430,-0.250254,
-0.107776,-0.252315,+0.961273,+0.623404,+0.090898,+0.600426,+0.957244,-0.381362,
-0.236496,-0.132039,+0.678571,+0.004116,-0.163770,+0.012041,+0.549783,-0.963076,
-0.143792,-0.631927,-0.704092,-0.176823,+0.743873,-0.020028,+0.317906,+0.091302,

channel --> 33
-0.008096,+0.286211,+0.052890,-0.359010,-0.241716,+0.016708,-0.406830,+0.307373,
+0.347199,+0.010164,+0.491002,+0.902985,+0.962829,+0.267804,-0.179889,-0.285422,
+0.062083,+0.141208,-0.038499,+0.037385,+0.575720,+0.412018,+0.198034,-0.113943,
+0.153263,-0.177261,+0.240946,+0.068035,-0.097930,-0.327211,+0.104457,+0.048987,
+0.497624,+0.134911,+0.013993,+0.049174,+0.322971,-0.825363,+0.641159,-0.009750,
+0.115011,+0.276881,-0.196377,+0.153914,+0.134649,-0.576370,+0.192963,-0.339244,
-0.117717,-0.194492,+0.528567,+0.463522,-0.460247,+0.286971,-0.605597,-0.589309,
+0.301205,-0.860579,-1.066706,+0.129921,+0.355223,+0.443181,+0.261611,-0.122426,

channel --> 34
+0.364255,+0.249560,+0.102837,-0.306490,-0.463668,-0.256745,-0.715780,-0.162343,
+0.214782,-0.357538,-0.396845,-0.121626,+0.011030,-0.461551,+0.759207,-0.066154,
-0.294486,-0.524756,+0.142202,-0.239285,+0.080034,-0.733979,-0.365744,-0.353647,
-0.772823,+0.170574,+0.418266,-0.369144,+0.472099,-0.441231,-0.467764,+0.119111,
-0.195172,-0.690030,-0.014379,-0.343815,-0.409360,-0.176326,+0.345715,-0.002525,
-0.746607,+0.410198,+0.243553,+0.653671,-0.924031,+0.540857,+0.526206,-0.489549,
-0.698168,-0.554117,-0.367780,-0.036823,-0.353565,-0.074920,-0.205603,+0.280662,
+0.124647,+0.477468,+0.135008,-0.031833,-0.239013,+0.058979,-0.014000,+0.311786,

channel --> 35
-0.427950,+0.119123,+0.388671,+0.442203,+0.262833,-0.062564,+0.364719,+0.032306,
-0.348841,+0.268624,+0.391700,-0.081503,+0.402238,+0.911672,-0.127423,+0.362589,
-0.441965,-0.139631,+1.213812,+0.428756,+0.241729,+0.317737,+0.082996,+0.001418,
-0.152246,-0.211154,+0.845618,-0.559689,+0.107340,+0.378353,-0.698088,-0.140080,
-0.106402,+0.868916,+0.956096,+0.238575,+0.037708,+0.210560,+0.223549,-0.043653,
+0.027588,+0.458849,+0.699651,-0.730651,-0.668638,-0.246326,-0.381897,+0.554670,
+0.457644,+0.926299,+1.205983,+0.076381,+0.579881,+0.067860,-0.469189,-0.238197,
+0.173601,+0.314870,+0.273591,-0.743710,+0.597651,-0.157018,+0.108671,-0.139642,

channel --> 36
+0.460803,+0.156931,+0.050182,+0.380303,+0.084042,+0.026322,-0.172725,+0.277039,
-0.225603,-1.020814,-0.350311,-0.448057,-0.491877,+0.037430,+0.114758,-0.159768,
-0.257164,+0.754423,+0.291406,+0.234898,+0.418994,+0.414556,-0.118708,-0.135245,
-0.726179,+0.177478,-0.011516,-0.066384,-0.249757,-0.217446,+0.081810,+0.086161,
-0.169638,+0.265370,-0.432084,+0.025496,-0.110669,-0.542938,-0.288729,-0.088085,
-1.275153,+0.557303,-0.104896,+0.902660,+0.239028,+0.175230,-0.347577,-0.203762,
-0.183090,+0.587626,-0.402448,-0.387596,-0.883336,+0.152845,-0.131890,+0.438709,
+0.400293,+0.467135,-0.025465,-0.496288,-0.419285,+0.204364,-0.255297,+0.084217,

channel --> 37
+0.048164,-0.071470,-0.002248,-0.366274,-0.331425,-0.727836,-0.287928,+0.350256,
+0.081645,+0.317520,+0.013686,+0.159011,+0.389172,+0.130442,-1.692953,+0.317599,
-0.165997,+0.219795,-0.083005,-0.316176,+0.740141,-0.538536,+0.306033,-0.219994,
-0.428102,+0.228908,+0.319899,-1.113176,+0.220602,+0.291715,-0.485347,+0.308953,
+0.097746,+0.638463,+0.102340,+0.616082,-0.345557,-0.233283,+0.838551,-0.496465,
-0.227580,+0.176078,+0.133055,+0.432000,-1.001938,+0.330479,+0.548996,+0.287271,
-0.056159,-0.483284,+0.946165,+0.456019,-0.363531,+0.045340,+0.821099,+0.347469,
-0.204431,-0.349814,-0.651428,+0.204880,-0.525741,+0.190296,-0.134130,+0.091602,

channel --> 38
-0.118231,+0.092236,-0.186664,+0.021397,-0.346990,-0.147457,-0.050599,-0.246332,
+0.126039,-0.071785,+0.320291,+0.072646,-0.029329,+0.301223,+0.305565,+0.012265,
+0.033068,-0.457530,+0.746818,+0.095232,+0.309270,+0.118263,+0.390170,-0.445775,
+0.656937,-0.017650,-0.114255,+1.174091,+1.160622,+0.505394,+0.255655,-0.361416,
-0.173326,-0.021920,-0.497295,-0.254353,-0.338695,-0.486422,-0.426459,+0.010313,
+0.815139,-0.026310,-0.286729,+0.210266,-0.336606,-0.452299,-0.203165,-0.214448,
-0.193727,+0.219976,-0.057066,+0.639674,+0.117719,+0.541152,+0.098485,-0.408600,
+0.176375,+0.657980,-0.083334,-0.218643,-0.052749,+0.933868,+0.325744,-0.329299,

channel --> 39
-0.328602,-0.300717,-0.127785,-0.181828,-0.432588,-0.667115,-0.203803,+0.117486,
-0.029240,-0.019900,-0.536545,+0.096952,+0.039571,+0.126734,-0.024784,-0.562058,
+0.254275,+0.216231,+0.125309,+0.420467,+0.435827,+0.372321,+0.687235,-0.206252,
+0.086498,-0.639349,-0.445938,-0.120629,-1.308408,-0.278055,-0.535216,-0.800575,
-0.072601,+0.256363,-0.217897,+0.185564,-0.268702,-0.463172,+0.355116,-0.084872,
+0.121919,+0.201948,-0.598396,+0.420509,+0.070657,-0.858266,+0.006239,-0.235800,
-0.029434,-0.039219,-0.321768,+0.233870,+0.125939,-0.554298,-0.116756,+0.028447,
+0.094269,-0.307648,-0.611977,-0.468604,+0.448649,+0.095699,-0.348266,-0.120974,

