channel --> 0
-0.228083,+0.061000,+0.048513,-0.044454,-0.084483,+0.013596,-0.071332,-0.707609,
-0.026869,+0.309016,-0.211462,+0.224489,+0.397840,+0.309164,+0.809099,+0.456261,
+0.080729,-0.335839,+0.743789,+0.212440,-0.144600,+0.394850,+0.061751,-0.276418,
-0.759812,-0.162833,+0.431239,-0.131292,+0.054083,+1.006574,-0.367298,-0.188576,
+0.122203,+0.438716,+0.492333,+0.734405,+0.038039,-0.087258,+0.502378,-0.345674,
+0.376873,-0.483544,-0.106064,+1.051178,+0.728487,-1.444605,-0.682046,+0.294989,
+0.158204,-0.534205,-0.512053,+1.153727,+0.330336,-1.965441,-0.233241,+0.213702,
+0.343897,+0.675774,-0.272141,+0.963968,+0.245413,-0.807808,-0.214790,-0.275307,

channel --> 1
-0.028977,+0.363421,+0.307170,+0.634426,+0.430178,+0.250334,+0.330282,-0.249790,
+0.728368,+0.239540,-0.411665,-0.741088,-0.515284,+0.249139,+0.114267,-0.041532,
+0.512637,-0.431182,+0.809424,+0.876034,+0.232856,+1.171477,+0.616028,+0.131321,
+0.384400,-0.462939,+0.111046,+0.334774,+0.293423,-0.307865,-0.183587,-0.157751,
+0.128414,-0.318807,+0.442850,-0.173389,-0.681410,+0.520889,-0.322359,+0.126184,
+0.475188,-0.439740,-0.181740,+0.299475,+0.623704,+0.186425,-0.070217,-0.037601,
+0.045275,+0.006710,+0.503052,-0.126769,+0.370997,-0.256010,+0.566252,-0.384422,
+0.042509,+0.568279,+0.493179,-0.009052,-0.316263,+0.014270,-0.135380,-0.366188,

channel --> 2
-0.459034,-0.751122,-0.188186,+0.456231,+0.564627,+0.118087,-0.321375,+0.374091,
-0.341794,+0.423733,+1.242521,+0.850318,+1.236091,+0.613954,+0.033479,-0.548497,
-0.366343,+0.829661,-0.224354,+0.551113,-0.097618,-0.685491,+0.009195,+0.129034,
-0.758167,-0.446294,-0.298187,-0.730849,-1.509227,-0.267511,-0.709388,+0.106216,
-0.909245,-0.020851,+0.832516,-0.214024,-0.446904,+0.491109,+0.320464,+0.375317,
-1.016522,+1.853819,+1.319851,+0.215255,-1.012507,+1.066907,+1.049334,+0.297431,
+0.076426,+0.916891,+0.604310,+0.430507,-0.504196,+0.714202,+0.505382,+0.175648,
+0.247650,-0.378815,-0.401589,+0.219633,+0.742717,-0.199244,-0.305021,+0.012036,

channel --> 3
-0.293744,-0.309422,-0.267422,-0.203371,-0.594845,+0.283120,+0.762953,-0.905946,
-0.123519,+0.115405,+0.596035,+0.300689,+0.409609,-0.487376,-0.056505,+0.503804,
-0.924348,-0.244040,-0.031228,+0.091625,-0.524256,+0.418421,-0.808698,-0.174696,
-1.784254,+0.567790,-0.475505,-1.091951,+0.315767,-0.253372,-0.231097,-0.290424,
+0.312172,+0.820188,-0.657712,-0.123206,+0.192001,+0.325850,+0.099207,-0.032464,
-0.831971,+0.714532,-1.035293,+0.289827,-0.983423,-0.605485,+0.117323,+0.283367,
-0.044479,-0.006207,-0.407525,-0.194686,-0.672492,+0.080664,-0.616194,+0.202393,
+0.030174,+0.301343,-0.115764,-0.815580,+0.260061,-0.496125,+0.395293,+0.176900,

channel --> 4
-0.775646,+0.341105,+0.392807,+0.396706,+0.275343,-0.034918,+0.024309,+0.808455,
+0.059822,+0.173245,+0.259352,+0.747917,+0.363571,+0.090293,-0.611151,-0.230587,
+0.208298,+0.109183,-0.340410,+0.812982,-0.103617,-0.004434,+0.948549,-0.269675,
-0.527141,-1.121100,-0.022536,+0.693707,+0.243608,-0.455255,-0.666301,-0.120347,
-1.901523,-0.887488,+0.517022,-1.330594,-0.927947,-0.280960,-0.714311,-0.517189,
-0.469238,+0.608897,+0.524274,-2.507997,-0.894398,+0.233203,-0.559251,-0.227980,
+0.143941,-0.422147,-0.170932,-0.442699,-0.586710,+0.137134,+0.504112,+0.247842,
-0.433375,-0.154455,+0.687775,+0.308578,+0.404134,+0.292193,-0.882414,+0.058671,

channel --> 5
-0.239861,-0.220077,+0.251220,+0.371290,-0.022914,+0.029192,-0.212948,-0.361908,
-0.072110,+0.934709,+0.423094,-0.650985,-0.201320,-0.259100,-0.913403,+1.238355,
+0.189894,+1.120152,+0.110167,+0.427569,+0.998915,+0.202580,-0.187609,-0.245780,
+0.419083,+0.501950,-0.338261,+0.636557,+0.575023,+0.069373,+0.293916,+0.081478,
-0.135802,+0.328648,+0.287425,+0.205273,-0.854083,+0.263326,+0.928226,+0.204101,
-0.759687,+0.768738,+0.601338,+0.416882,-0.126778,+0.113999,+0.365683,-0.270903,
+0.337222,+0.067928,-0.276052,+0.351915,+0.146616,-0.196446,+0.331006,-0.178043,
+0.226023,+0.101541,+0.544448,+0.140661,-0.045237,+0.399154,-0.123239,-0.099831,

channel --> 6
-0.393563,-0.655746,-0.602332,-0.679706,-0.774347,-0.955965,-0.745187,-0.196084,
-0.175135,-0.841578,-0.029092,+0.642899,+0.808175,+0.684969,-0.053829,-0.484888,
-0.094745,-1.044883,-0.716461,-0.727850,-0.612080,-0.905369,-0.015602,-0.264983,
+0.032129,-0.997103,-0.679017,+0.766167,-0.726195,-0.629415,+0.382478,-0.535230,
-0.313916,-0.975643,-0.244987,-1.220703,-0.370336,+0.193451,-0.432254,+0.163681,
+0.518154,+0.182004,+0.768180,-1.864972,-0.987953,-0.029753,+0.565423,+0.087796,
+0.018489,+0.621311,+0.407557,-1.005546,+0.117716,+0.251874,+0.659348,+0.111138,
-0.189069,-0.105051,-0.851638,-0.486500,+0.052121,-0.181744,-0.753296,+0.505398,

channel --> 7
-0.319824,-0.446954,-0.608165,-0.404478,-0.598427,-1.047034,-0.681307,-0.452492,
-0.004376,+0.693083,-0.363271,-0.067596,-0.087348,+0.621272,+0.668202,-0.045275,
+0.116615,+0.350573,+0.007961,+0.034350,-0.518115,-0.242616,+1.294837,+0.518542,
-0.391407,+0.150814,-0.517848,-0.418332,-1.325219,-0.184306,+0.402535,-0.255479,
-0.345996,+1.117838,+0.294589,-0.201977,+0.258298,+0.242939,+0.655608,+0.542554,
+0.521105,+1.120409,-0.169565,-0.143196,+0.732698,+0.628266,+0.178315,-0.096970,
+0.885839,-0.773186,-0.734151,-0.801485,-0.092983,-0.486976,-0.172299,-0.034448,
+0.968662,+0.436270,+0.112870,-0.441784,-0.389197,-0.869707,+0.442792,-0.043836,

channel --> 8
-0.501414,+0.363279,+0.241213,-0.266478,-0.952499,-0.760066,-0.095929,+0.273159,
-0.954440,+0.041121,-0.014474,-0.387811,+0.004136,-0.184703,-0.959459,+0.117816,
+0.268599,-0.123114,-0.238317,-0.686905,-0.783426,-0.257636,-0.195361,+0.475964,
+0.100539,-0.079468,-1.090872,-0.682572,-0.760700,-0.239458,-0.085680,+0.445820,
-0.437261,-0.193256,+0.058581,-0.540873,-0.157890,+0.418879,-0.193611,+0.171137,
+0.611630,+0.729294,+1.219382,-0.554063,+0.367327,+0.369421,+0.426879,+0.505981,
-0.123840,+0.335382,-0.507467,-0.769004,-0.051507,+0.116982,+0.671353,-0.228120,
-0.538686,-0.498528,-0.138772,+0.543790,-0.094611,-0.757360,-0.469363,-0.058998,

channel --> 9
+0.348364,+0.037506,+0.543259,+0.579162,+0.605630,+0.500204,+0.408080,+0.699527,
-0.361149,-0.419500,+0.748104,+0.624399,+0.611487,-0.124495,-0.195292,-0.382998,
-0.328459,-0.519687,+0.194427,+0.203263,+0.249350,+0.400984,+0.061938,-0.118092,
-0.958215,+0.083811,+1.093429,+0.336477,+0.571982,+0.786778,+0.235921,+0.115963,
-0.693766,+0.152851,+1.288769,-0.052984,-0.033482,+0.671526,-0.414037,-0.150282,
-0.887958,+0.273156,+0.013780,-0.647613,-0.947147,-0.459226,-0.144455,+0.505802,
-0.255561,+0.768980,+0.632362,-0.479068,-1.065549,+0.340263,+0.285947,+0.895583,
+0.391563,+0.307492,+0.535877,+0.025487,+0.228953,+0.032492,+0.072921,+0.532984,

channel --> 10
+0.211977,+0.550912,+0.515857,-0.151112,-0.031058,+0.626485,+0.467372,+0.380863,
-0.535623,+0.780730,+1.041832,-0.216874,-0.533976,+0.231240,-0.026569,+0.022596,
-0.385840,+0.661053,+1.203062,-0.724299,-0.263786,+0.196825,-1.051661,-0.083704,
+0.624742,+0.697566,+1.152746,+0.167390,+0.318620,-0.159973,+0.314979,-0.294461,
-0.561181,-0.090824,+0.005529,+0.553635,+0.159473,-1.069682,-0.183646,+0.006289,
+0.153858,-1.205317,-1.282559,+0.918693,+0.037620,-0.576670,-0.124104,+0.425441,
+0.168982,-0.299582,+0.409949,+0.664125,-0.211925,-0.798115,+0.950464,+0.239147,
-0.319672,-0.635873,-0.127067,+0.139796,-0.599448,-0.158125,+0.460211,-0.271516,

channel --> 11
+0.140193,-0.326233,+0.055989,-0.216432,-0.373978,-0.697120,-0.891813,-0.061756,
+0.504280,-0.912207,+0.509090,+0.339536,-0.268848,+0.194213,-0.163753,+0.008515,
+0.580967,-0.244297,+0.081702,-0.043600,+0.518914,-0.220111,+0.473677,+0.342481,
-0.285093,-0.699272,-0.997715,-0.956291,-0.385400,-0.670589,-0.083387,+0.213226,
-0.259572,-0.060359,-0.667677,-0.386437,-0.147350,-0.734206,+0.053255,+0.277565,
-0.288485,+0.385956,-0.163305,-0.253829,-0.191567,+0.191536,+0.060969,-0.733060,
-0.019668,-0.394931,-0.354895,-0.908886,-0.992643,-0.258886,-0.511518,-0.141533,
-0.352816,+0.281684,+0.521212,-0.823081,-0.458530,+0.022187,-0.701453,+0.061488,

channel --> 12
-0.582943,+0.044653,-0.119523,+0.171497,-0.105172,-0.670542,-0.830568,-0.191588,
-0.580713,-0.849944,-0.301920,+0.072432,+0.109560,-0.425022,-0.438296,-0.722542,
-0.551488,-0.701248,+0.680693,+0.047567,+0.367405,+0.249503,-0.502478,+0.266288,
-0.801404,-0.441620,+0.109984,+1.534373,+0.006505,+1.344403,+1.264703,-0.214671,
-0.977206,-0.354623,-0.733047,-0.351635,-0.685264,-0.733457,+0.608027,-0.014562,
+0.193310,+0.692755,-0.391358,-0.728086,+0.343131,+0.718608,-0.087888,-0.479676,
-0.185405,-0.249615,-0.705282,-0.283082,-0.444819,+0.284697,-0.485319,-0.290090,
+0.140790,+0.495972,-0.536423,+0.172441,+0.799289,-0.436727,-0.467843,-0.522125,

channel --> 13
+0.663506,-0.223719,-0.493664,-0.781361,-0.746725,-0.484796,-0.063701,+0.488866,
+0.115253,-1.076483,+0.040622,-0.057983,+0.351640,-0.028919,-0.318340,+0.123844,
+0.178023,-0.221775,+0.306048,+0.613943,-0.059682,+0.440193,+0.187632,-0.367663,
-0.334664,-0.356684,-0.071657,-1.109170,-0.166421,+0.313042,-1.375765,-0.363836,
-0.082255,-0.076088,+0.657831,-0.297781,-0.201570,+0.731211,-0.748421,+0.144067,
-0.731332,+0.262726,+0.571745,-0.052326,-0.546998,-0.062703,+0.681454,+0.007955,
-0.100753,+0.675991,+0.725144,+0.060684,-0.623047,+0.300405,+0.045454,+0.253806,
-0.011181,-0.446309,+0.335052,-0.594287,-0.211915,-0.479866,-0.250473,+0.629265,

channel --> 14
+0.025298,-0.183272,-0.411762,-0.768236,-0.346525,-0.251267,+0.080546,+0.276986,
-0.627642,-0.644620,-0.538474,-0.005443,+0.271616,+0.214171,-0.367285,-0.317687,
-0.084692,+0.360390,+1.031887,-0.554488,-0.111888,+0.508543,+0.701676,-0.202527,
-0.430712,-0.473986,+0.717367,-0.699408,-0.166871,-0.546505,-0.249136,+0.084949,
+0.271838,-0.268143,-0.392898,-0.367912,-0.232045,-0.560058,+0.360468,+0.228527,
+0.061561,-0.375959,+0.955095,-0.306998,+0.020480,-0.142458,+0.392954,+0.328774,
+0.877727,+0.088341,+0.588717,-0.995904,-0.667745,-0.976652,+0.724416,-0.007184,
+0.714974,-0.049997,-0.543900,+0.022044,-0.185294,-0.441658,+0.415202,+0.375720,

channel --> 15
+0.012969,-0.210595,+0.380539,+0.298317,+0.378905,-0.206476,-0.409148,+0.349691,
+0.392960,-0.393433,-0.713839,-1.019763,-1.030709,-0.853331,-0.663170,+0.320129,
+0.109365,-0.140513,+0.012181,+0.262225,+0.669593,+0.664174,-0.032817,+0.139478,
-0.413673,+0.110185,-1.339813,-0.436650,+0.323871,-0.348718,+0.591181,+0.596766,
-0.158698,+0.436537,-0.079954,+0.167413,-0.095344,-0.188033,+0.262058,-0.094945,
+0.016462,-0.181077,-1.032736,-1.341644,+0.035017,-0.149349,-0.395396,-0.286812,
+0.318521,-0.620808,-0.337374,-0.167383,+1.059973,-0.066026,-0.142735,-0.317453,
+0.018200,-0.045405,+0.661264,-1.058476,-0.411577,-0.402912,+0.647355,+0.556366,

channel --> 16
-0.521946,+0.357459,+0.340013,-0.065593,-0.068662,-0.133343,+0.182309,+0.115588,
-0.610603,+0.239651,+0.017263,+0.170607,+0.692819,+0.007192,+0.527619,+0.851416,
-0.819844,-0.422339,+0.663617,-0.312557,+0.172861,+0.359383,-0.822869,+0.182461,
-0.863570,-0.005561,+0.719912,+0.852588,-0.633355,+0.489893,+0.456191,-0.588135,
-0.303067,-0.062586,+0.249399,+0.300597,-0.062304,+0.231222,+0.544060,+0.414605,
-0.406616,-0.180687,+0.074124,+0.020331,+0.330175,-0.040426,-1.176507,-0.183821,
-0.506290,+0.325714,+0.212905,-1.285192,-0.526890,+0.362242,-1.145484,-0.346151,
+0.284953,+0.678841,+0.733954,-0.020983,+0.350908,+0.172815,-0.120508,-0.183132,

channel --> 17
-0.103939,-0.115280,+0.582051,+0.730275,+0.291658,-0.578490,-0.130850,+0.899652,
-0.505677,+0.190097,+0.426543,-0.280273,+0.094120,-0.127011,-0.850843,-0.052794,
-0.314375,+0.790216,+0.416553,-0.279672,+0.146291,+0.559792,-0.382028,-0.229894,
-0.406195,-0.050835,-0.700448,-0.614577,-0.926606,-0.501437,+0.508261,+0.224705,
-0.064916,-0.722817,+0.127683,+0.783867,-0.604853,+0.075791,+0.084403,-0.506804,
+0.264096,-0.641276,+0.061179,-0.206896,-0.328848,-0.051238,+0.427980,-0.372695,
+0.186645,+0.034984,+0.207800,+0.067776,+0.454296,-0.752536,+0.270584,-0.178041,
-0.170625,-0.188748,-0.374324,-0.320419,-0.264710,-0.141946,-0.169631,-0.136003,

channel --> 18
+0.004215,-0.403362,+0.013930,+0.184781,+0.179585,+0.134370,-0.296752,-0.672279,
-0.315238,+0.088170,+0.563967,+0.605462,+0.004441,-0.075988,-0.527394,-0.105778,
+0.083196,-0.536307,-0.355514,-0.304064,-0.408977,+0.161507,-0.501189,-0.033713,
+0.497928,+0.524776,-0.081959,+0.077485,+0.791167,+0.722176,+0.861451,-0.326573,
+1.097915,-0.028082,-0.417149,+0.264744,+0.010043,+0.104917,-0.246265,-0.405306,
+0.272245,+0.401406,-0.319787,+0.079884,+0.241263,-0.407721,+0.072993,-0.757311,
-0.798351,-0.320529,+0.619643,+0.214724,+0.429209,-0.085334,+0.400182,-0.725342,
-0.357779,+0.095707,+1.485523,+0.151570,-1.000550,-0.788861,+0.208530,-0.365397,

channel --> 19
-0.283889,-0.262472,-0.081113,+0.142187,-0.136348,-0.132628,-0.286285,-0.402001,
+0.045171,+0.047852,-0.519240,-0.049038,-0.864844,-0.082334,-0.230231,-0.301669,
+0.296111,+0.056769,-0.454276,+0.429944,-0.071418,+0.378401,-0.122719,-1.047128,
+0.757934,+0.509636,-1.063379,+0.071654,+0.509161,-0.869319,+0.472949,+0.284844,
+0.390237,-1.413594,-0.994766,+0.848603,+0.283967,-0.941766,-0.335310,-0.021527,
+1.472823,-0.412296,-0.210918,+1.140115,+1.361694,-0.594770,+0.139756,-0.268080,
-0.082820,-1.202456,-0.351889,-1.649830,+0.943386,-0.309755,-0.027641,-0.557345,
-0.333220,-0.389562,-0.276233,-0.601810,-0.237039,+0.321022,-0.431483,-0.566945,

channel --> 20
+0.129154,-0.011084,+0.188430,+0.450190,+0.334176,+0.178766,-0.193191,+0.011397,
+0.414086,-0.253493,+0.762872,+0.013601,-0.209026,+0.310565,-0.090739,+0.173833,
+0.353273,-1.341667,-0.111969,+0.011161,-0.142764,-0.771868,-0.014864,+0.044744,
+0.894848,-0.747586,+0.932575,+1.060683,+0.716717,+0.105544,+0.888503,-0.692629,
+0.420222,-0.978422,+0.345103,+0.312432,+0.027765,+0.202251,+0.355960,-0.095378,
+0.236460,-0.460014,-0.421336,-0.522819,-0.652408,-0.003768,-0.068227,-0.503881,
-0.377599,-0.678947,+0.128371,-0.261718,+1.147374,+0.158366,+0.037803,-0.767612,
-0.527309,+0.043151,+0.071434,-0.063502,-0.308956,+0.146441,-0.575767,+0.081354,

channel --> 21
-0.136827,+0.128893,+0.071602,+0.157162,-0.216113,-0.245028,+0.153948,-0.102147,
-0.291215,+0.614100,+0.355503,-0.625264,-0.396955,+0.016837,-0.965579,+0.381891,
-0.144385,+0.024289,-0.176437,+0.064425,+0.209316,+0.291027,+0.075341,+0.292611,
+0.240646,+0.013484,+0.036195,-0.197096,+1.027833,+0.307472,-0.548356,+0.466495,
+0.043622,+0.790537,-0.088876,+0.505129,-0.699659,+0.177438,-0.179537,-0.698488,
+1.221089,+0.272821,+0.075353,+0.746831,-0.255526,-0.025432,+0.151101,-0.415138,
+0.343516,-0.712013,+0.074108,+0.461240,+0.379299,-0.822059,+0.647445,+0.370982,
-0.915132,-0.892867,+0.344547,+0.539914,+0.060580,-0.266772,+0.511791,-0.580718,

channel --> 22
-0.071575,+0.637941,-0.134177,-0.451761,-0.837985,-1.013470,+0.600463,+0.384767,
+0.109252,+0.732991,-0.216631,-0.365288,-0.541818,-0.407384,-0.065572,+1.327503,
-0.512389,+0.125582,+0.220853,+0.417621,-0.026903,+0.820796,+0.360500,-0.184287,
+0.521758,+0.168423,-1.127559,-0.822717,-0.098641,-0.538108,+0.320687,-0.327436,
+0.184345,-0.300153,-0.521905,+0.914171,-0.176184,+0.126685,-0.224402,-0.450594,
+1.061156,-0.628668,+0.520932,+0.140429,-0.375389,+0.144126,-0.253918,+0.128158,
+0.197390,+0.117325,-0.197491,+0.001349,-0.686624,-0.255771,-0.656398,-0.566439,
-0.233636,+0.093602,+0.626804,-0.441958,-0.075889,+0.833756,-0.143949,+0.399194,

channel --> 23
-0.312163,-0.564036,-0.642323,-0.192708,-0.204637,-0.149040,-0.310132,-0.294906,
+0.046050,+0.254622,+1.769324,+0.521354,+1.106696,+0.904783,+0.248759,+0.000951,
-0.165701,-0.039658,+0.170761,-0.378736,-0.372208,-0.250680,-0.561757,+0.609292,
-0.794414,-0.231608,+0.329424,+0.207501,+0.145903,+0.447845,-1.144855,-0.020826,
-0.645566,+0.578134,+0.893276,+0.095836,-0.524018,+1.067600,+0.221474,+0.246797,
+0.767063,+1.332474,+0.416296,+0.339997,+0.151722,+1.135005,+0.196138,-0.140836,
-0.800880,+0.899125,-0.747014,+0.897280,+1.091653,+0.311963,-0.839931,+0.276711,
-0.723449,-0.661058,-0.744751,-0.363631,-0.466792,-0.291379,-0.061164,+0.182145,

channel --> 24
+0.076504,-0.122327,-0.486745,-0.792698,-0.109269,-0.406286,-0.475724,-0.538424,
+0.718584,-1.132331,-0.273856,+1.138922,+0.414620,-0.018481,-0.550342,-0.142608,
+0.341118,-0.730787,+0.742002,+0.510416,+0.599565,-0.371776,+0.718521,+0.655620,
+0.455273,-0.331107,-0.059045,-0.088463,-0.043823,-0.506887,-0.044657,+0.393316,
+0.034481,+0.075202,+0.390280,-0.369454,-0.343510,+0.915820,-0.396016,+0.697971,
+0.571559,+1.125957,+1.354239,+0.128548,+0.422467,+2.502479,+0.646509,+0.073951,
-1.041039,+1.328453,+1.707883,+0.296936,+0.068654,+1.896768,-0.311406,-0.559101,
-0.710268,-0.542874,+0.166402,-0.414462,-0.132293,+0.358104,-0.798649,-0.348220,

channel --> 25
-0.299575,+0.302438,+0.093730,-0.438969,-0.444574,-0.081784,-0.477615,-0.295934,
+0.163101,+0.182786,-0.198717,+0.104225,+0.200257,-0.568141,-0.947012,-0.374551,
+0.472683,+0.321877,-0.431393,+0.491821,+1.079537,-0.921218,-0.402202,+0.115907,
+0.773930,-0.171912,-1.124995,-0.547285,+0.486696,-1.132677,-0.704623,-0.028496,
+0.417958,+0.562413,-0.079311,+0.342178,-0.408426,-0.036514,-0.381478,-0.672538,
+0.432361,+0.278353,+0.832388,+0.063845,-1.830987,+0.188158,+0.205969,-0.492453,
-0.267328,+0.125040,+0.304927,-1.106579,-0.225046,+0.398059,-0.135425,-1.247946,
-0.627706,-0.646758,+0.227455,+1.001428,+0.224435,+0.984023,-0.318363,-0.394147,

channel --> 26
-0.107375,+0.103571,+0.393999,+0.031901,-0.055395,+0.254980,+0.206196,+0.269147,
-0.488408,-0.573968,-0.279637,-0.454466,-0.174337,+0.103977,-0.136132,+0.021796,
-0.384634,-0.613500,+0.461657,+0.357916,+0.421460,+0.936516,+0.270888,-0.133144,
-0.135417,+0.322429,-0.010062,-0.249951,-0.139631,-0.243521,+1.319210,+0.221499,
-0.126905,-0.081072,-0.415864,-0.458656,-0.036042,-0.081099,-0.102208,-0.530043,
+0.422850,-0.648825,-0.980805,+0.667258,+1.055934,-0.157555,-0.102643,+0.543190,
-0.060717,+0.553752,+0.227737,+0.377607,-0.540913,+0.067990,+0.042514,+0.273892,
+0.548631,+1.181857,+1.134053,-0.043177,-0.297234,+0.566431,+0.882150,+0.140498,

channel --> 27
+0.184258,+0.051901,+0.412881,+0.184706,+0.420732,+0.220072,-0.117611,+0.072075,
+0.244866,-0.192516,+0.709305,+0.857746,+0.388359,+0.805755,+0.748646,-0.454122,
+0.170791,-0.334803,-0.476763,-0.493193,-0.954532,-0.229802,+0.933647,+0.179964,
-0.496600,-0.752290,-0.359579,-0.293602,-1.143345,-0.575978,-0.438459,+0.253097,
+0.741218,+0.479384,-0.584219,-0.428858,+0.567895,+0.500844,+0.293188,+0.438816,
+0.209450,+0.575302,-0.022804,-1.112476,+0.551929,+0.295092,+0.485890,+0.698072,
+0.500209,+0.176235,-0.802290,+0.016712,+0.421452,-0.646420,-0.337318,-0.079288,
+0.266183,-0.256442,-0.455148,+0.566573,+1.108460,-0.309194,+0.409642,+0.755795,

channel --> 28
+0.241563,+0.539993,-0.052675,+0.438295,+0.153507,+0.033074,-0.124801,-0.542436,
+0.141160,+0.786323,+0.047697,+0.001682,+0.168627,-0.187003,+0.284536,+0.903113,
+0.513710,+0.495228,-0.501727,-0.340902,+0.446887,-0.354439,-0.125378,+0.282220,
-0.687677,-0.208835,-0.562714,-1.369606,-1.063665,-0.114479,-0.393095,-0.472608,
-0.397134,-0.401399,+0.391162,-0.820855,-0.698087,+0.229959,-0.701814,-0.080362,
-0.739762,-0.027546,+0.298215,-0.915304,-0.087320,+0.395021,+0.028305,+0.060998,
-0.643494,+0.122081,+0.483051,+0.559299,-0.830068,+0.095753,-0.166785,+0.242549,
+0.083832,-0.588815,-1.046942,-0.105248,+0.320349,-0.104558,+0.663933,+0.386752,

channel --> 29
+0.487461,+0.250186,+0.537131,+0.587425,+0.700111,+0.435205,-0.024113,+0.117015,
+0.063194,+0.104686,+0.209806,+0.534875,+0.628018,+0.418698,+0.429702,-0.193770,
-0.173417,-0.207280,+0.600564,+0.222970,+0.207504,+0.373449,-0.009225,+0.213876,
+0.136596,+0.657104,+0.602240,+0.821846,+0.097484,+0.566828,+1.018092,-0.113745,
+0.987790,+0.572025,-0.105802,+0.042465,-0.083549,+0.719410,+0.415405,+0.539733,
+0.372966,+0.088591,+0.192009,+0.971692,+0.779393,+0.365455,-0.083661,-0.315661,
-0.441053,+0.120036,-0.238396,+0.033316,+0.456403,-0.209071,-0.381356,-0.260371,
-0.360838,+0.408009,+0.607339,+0.120191,-0.310876,-0.420331,-0.233941,+0.282525,

channel --> 30
-0.493799,-0.358288,+0.137034,-0.140415,-0.425018,+0.017207,-0.332805,-0.290410,
-0.561252,+0.662874,+0.998653,-0.023385,+0.169595,+0.882551,-0.275335,-1.141896,
-0.471691,+1.185241,+1.662541,-0.123948,+0.213064,+1.386811,+0.345034,+0.326346,
-0.798644,-0.227781,-0.461455,+0.616569,+0.284039,+0.225183,-0.537219,+0.564990,
-0.983684,+0.987358,-0.496784,+1.276382,+1.157421,-0.218010,+0.345677,+0.840283,
+0.207918,+0.531668,+0.482213,+1.486454,+0.267413,-0.140953,+0.066307,+0.753595,
+1.028304,-0.023042,+0.017263,+0.508745,-0.939222,-0.280275,+0.549784,-0.286544,
-0.307542,+0.029293,+0.477045,-0.360324,-0.523731,+0.044087,+0.348675,-0.680621,

channel --> 31
-0.057432,-0.735266,-0.796586,-0.774829,-0.893395,-0.727916,+0.139264,+0.175204,
-0.225524,-0.411990,-0.408869,-0.811854,-0.515036,-0.847484,-0.492234,-0.162739,
+0.243146,+0.177675,-0.033720,+0.867667,-0.180091,-0.298904,-0.007294,+0.658384,
-0.685116,-0.526494,-1.117701,+0.246384,+0.320572,-0.213393,-1.000502,-0.126176,
-0.233583,-0.111557,-0.484011,-0.720300,+0.289170,-0.680635,-0.676051,+0.396858,
+0.547200,-0.021735,-0.899359,-1.067831,+0.208773,+0.478127,+0.014175,+1.197291,
+0.472650,+0.798302,-0.656186,-0.716316,-0.571182,-0.321091,-0.064902,-0.053406,
-0.404468,-0.190576,-0.100183,-0.479315,+0.018326,-0.026929,+0.411648,+0.566319,

channel --> 32
-0.081887,+0.392764,+0.447313,+0.553728,-0.315352,-0.017731,-0.050272,-0.572351,
+0.052217,+0.245386,-0.842898,-0.413938,-0.545374,-0.251629,-0.504214,-0.195791,
+0.216138,-0.168531,-0.505911,+0.884242,+0.025909,+0.247690,+0.194285,-0.072677,
-0.247927,-0.209422,-0.623935,-0.917036,-0.443657,-0.518014,-1.003863,-0.425238,
-0.398211,-0.252087,-0.323541,-0.841493,-0.964831,-0.088151,-0.585647,-0.353421,
+0.505259,-0.281026,+0.136127,+0.876703,+0.189347,-0.107445,+0.936652,-0.200440,
-0.068283,-0.536589,+0.791584,+0.299350,-0.372525,-0.114673,+1.198851,-0.831703,
+0.393910,-0.415444,-0.431265,-0.383062,+0.433525,+0.012977,+0.534664,+0.096897,

channel --> 33
-0.266525,+0.093018,-0.459864,-0.711405,-0.235587,-0.286820,-0.263709,+0.693429,
+0.255951,+0.107945,+0.118040,+0.886473,+1.313493,+0.059694,-0.408927,+0.065657,
+0.501239,+0.573201,-0.396586,+0.152557,+0.755010,+0.487306,+0.224163,-0.070522,
-0.293982,-0.569838,-0.173565,+0.428588,-0.747150,-0.261641,+0.411267,-0.087667,
+0.612121,+0.201016,-0.144995,+0.588678,+0.360467,-0.658740,+0.768884,+0.212603,
+0.076676,+0.021935,-0.158590,-0.855588,-0.460550,-0.378554,+0.373919,-0.516834,
-0.000915,+0.010985,+0.704188,-0.206621,+0.137855,+0.832723,-0.566329,-0.872492,
-0.396550,-1.015375,-0.897913,+0.000939,+1.378765,+0.195613,-0.194301,-0.179337,

channel --> 34
+0.260045,+0.102401,+0.099612,-0.540969,-0.406929,-0.205860,-0.642953,-0.164187,
+0.418758,-0.327794,-0.623480,-0.297030,+0.227956,-0.526894,+0.891456,+0.185870,
+0.142599,-0.934499,+0.293523,+0.184049,+0.451696,-0.911948,-0.259863,-0.416486,
-0.285304,+0.002710,+0.750579,-0.810956,+0.384190,-0.660389,-0.756386,-0.152152,
+0.438525,+0.186960,+0.772255,-0.507434,+0.386371,+0.504788,+0.132730,+0.074402,
-0.600249,+1.048784,+0.766126,+0.853553,+0.069413,+1.226279,+0.481366,-0.497291,
-0.766943,-0.387972,-0.489458,-0.539567,+0.414945,-0.245513,-0.540850,+0.068273,
-0.863908,+0.251644,+0.228343,+0.232083,+0.144927,-0.071846,-0.092602,+0.173105,

channel --> 35
-0.657320,-0.264922,+0.169928,-0.051413,+0.312821,+0.183511,+0.106618,-0.055855,
-0.373287,+0.302345,+0.631051,+0.909846,+0.863422,+1.625230,-0.174025,+0.296416,
-0.471331,-0.681951,+1.147854,+0.426654,-0.080419,+0.287661,+0.371145,+0.212340,
-0.327148,-0.418208,+0.524921,-0.997311,-0.125198,-0.010582,-0.831518,-0.784286,
-0.606197,+0.917550,+1.260722,+0.150265,+0.522385,-0.363999,+0.186346,-0.645697,
-0.049987,+0.283979,+1.717077,+0.273105,-0.463133,+0.152631,+0.085299,+0.355646,
+0.299763,+0.336038,+1.161812,+0.176530,+0.714629,+0.171469,-0.540243,-0.800533,
+0.116370,+0.067940,+0.751477,-0.509556,+0.569785,-0.431252,-0.255183,-0.264218,

channel --> 36
+0.293633,-0.033440,+0.061131,+0.415244,+0.209859,+0.215860,+0.023426,+0.109568,
-0.214577,-1.021934,-0.088834,-0.067184,-0.505615,+0.007771,+0.181631,-0.578249,
-0.397601,+0.664017,+0.282597,-0.034518,+0.342629,+0.627345,+0.217052,-0.107050,
-1.020083,-0.225430,-0.273025,+0.010245,+0.122574,-0.509504,-0.318647,+0.099451,
-0.477967,+0.405855,-0.353926,+0.496731,-0.226230,-0.749101,-0.480773,-0.078003,
-1.617447,+0.664980,+0.237171,+0.456804,+0.186681,+0.279435,-0.300927,-0.305893,
-0.471341,+0.712268,-0.356616,-0.602045,-2.066296,-0.137755,-0.076973,+0.234654,
+0.387554,+0.455352,-0.101815,-0.984942,-0.687492,+0.373133,-0.135018,+0.100775,

channel --> 37
+0.137308,-0.095707,+0.126143,-0.249966,-0.244324,-0.560603,-0.062207,+0.499090,
-0.046054,+0.296961,+0.383493,+0.105862,+0.384578,+0.214304,-1.647822,+0.140164,
-0.231194,+0.084299,+0.149756,-0.463114,+0.402113,-0.503588,-0.236647,-0.608691,
-0.369014,+0.301231,+0.775881,-1.367244,+0.372088,+0.453631,-0.462697,+0.482054,
+0.353507,+0.682785,+0.182660,+0.510772,-0.059590,-0.132584,+0.838472,-0.382099,
-0.306396,+0.207774,+0.034997,+0.366241,-1.070903,-0.217025,+0.511718,+0.405412,
+0.174295,-0.369738,+1.147834,+0.529180,-0.220453,+0.069971,+1.108426,+0.447314,
-0.062468,-0.503680,-0.612878,+0.350211,-0.540374,+0.060806,+0.086379,-0.067266,

channel --> 38
-0.009668,+0.116830,-0.183771,+0.042140,-0.089631,+0.138406,+0.029894,-0.180997,
-0.131689,-0.163742,+0.273971,-0.206026,-0.120230,+0.536616,+0.482939,+0.034200,
+0.456579,-0.419150,+0.884787,+0.620601,+0.457704,+0.030156,+0.304001,-0.500548,
+0.733092,+0.014534,-0.032865,+1.291917,+1.164625,+0.544938,+0.200658,-0.250295,
+0.349842,-0.042690,-0.471013,-0.305870,-0.404911,-0.332896,-0.674599,+0.123904,
+1.461116,+0.275596,-0.248216,+0.469042,+0.111229,-0.348038,-0.333666,-0.126059,
+0.182979,+0.234781,+0.085748,+0.291370,+0.567076,+0.552746,-0.074660,-0.461288,
-0.128709,+0.402165,+0.406654,-0.192534,+0.194909,+1.010946,+0.397917,-0.560675,

channel --> 39
-0.379751,-0.488985,-0.282688,-0.170133,-0.646707,-0.841143,-0.230017,+0.136000,
-0.019337,-0.054646,-0.740821,-0.050695,-0.256680,-0.047782,-0.020721,-0.614890,
+0.202668,+0.242813,+0.405351,+0.298836,+0.508355,+0.098021,+0.879775,-0.460270,
+0.002654,-0.911474,-0.317002,-0.396451,-1.431578,-0.415726,-0.620320,-0.836962,
-0.005521,-0.273968,-0.170962,+0.236438,-0.483260,-0.697144,+0.722568,-0.289708,
+0.115844,-0.544312,-0.991990,+0.461738,+0.047809,-1.255326,+0.042115,-0.349830,
+0.267082,-0.445314,-0.483667,+0.222452,+0.342724,-0.576554,-0.078527,+0.161668,
+0.350119,-0.058862,-0.362281,-0.604332,+0.447774,+0.494241,-0.494356,-0.305785,

