channel --> 0
-0.052314,-0.185332,
+0.024019,-0.015315,

channel --> 1
+0.014385,+0.096153,
+0.051463,-0.059644,

channel --> 2
+0.001327,+0.058477,
-0.023620,-0.006032,

channel --> 3
-0.018118,-0.012335,
-0.000788,-0.131382,

channel --> 4
-0.101326,-0.308561,
+0.168350,+0.010560,

channel --> 5
-0.003900,-0.095914,
+0.019152,-0.008002,

channel --> 6
-0.116252,+0.073942,
-0.051886,-0.108834,

channel --> 7
+0.122704,-0.086356,
+0.253206,+0.058217,

channel --> 8
-0.009188,-0.147899,
-0.041615,-0.080013,

channel --> 9
+0.022036,-0.053286,
+0.012624,+0.020914,

channel --> 10
+0.001133,+0.073428,
+0.022969,+0.015614,

channel --> 11
-0.010540,-0.092934,
-0.006620,-0.121924,

channel --> 12
-0.181958,-0.093450,
+0.444054,+0.174757,

channel --> 13
-0.012647,+0.807801,
-0.400587,+0.303844,

channel --> 14
+0.072046,+0.230837,
+0.116234,+0.194416,

channel --> 15
+0.009578,-0.080110,
+0.070246,+0.133023,

channel --> 16
+0.098967,+0.119343,
-0.009257,-0.038888,

channel --> 17
-0.040992,-0.009324,
-0.064922,-0.060059,

channel --> 18
+0.061221,-0.124800,
+0.094036,-0.238684,

channel --> 19
-0.046665,-0.059350,
+0.116820,-0.012401,

channel --> 20
-0.181849,+0.040209,
+0.264287,-0.081852,

channel --> 21
+0.114983,+0.129222,
-0.104481,+0.088894,

channel --> 22
+0.053717,-0.304452,
+0.047075,-0.091648,

channel --> 23
-0.106630,-0.044502,
-0.367433,+0.126824,

channel --> 24
+0.013886,+0.113076,
-0.003352,-0.039475,

channel --> 25
-0.159882,-0.366135,
+0.265327,+0.029205,

channel --> 26
-0.004014,+0.147943,
-0.054051,-0.272324,

channel --> 27
-0.049260,-0.252655,
+0.112725,-0.208124,

channel --> 28
-0.150804,-0.240263,
+0.167880,+0.000156,

channel --> 29
-0.001533,+0.145676,
-0.286979,-0.249149,

channel --> 30
+0.026356,-0.161344,
-0.049497,+0.023970,

channel --> 31
+0.112358,-0.026594,
-0.018757,+0.030493,

channel --> 32
+0.084429,+0.279818,
-0.135663,+0.110538,

channel --> 33
+0.256234,-0.005899,
-0.050334,+0.091014,

channel --> 34
-0.000450,+0.161919,
-0.101873,-0.127641,

channel --> 35
+0.319000,+0.243582,
-0.010133,-0.036013,

channel --> 36
+0.210225,-0.072576,
-0.027974,-0.043161,

channel --> 37
-0.015808,-0.303003,
-0.340157,-0.196220,

channel --> 38
-0.103149,+0.435989,
+0.148372,+0.049600,

channel --> 39
+0.033196,+0.104609,
-0.239459,+0.065003,

channel --> 40
-0.268550,+0.038723,
+0.207438,-0.100955,

channel --> 41
-0.234411,+0.014161,
-0.154114,+0.119963,

channel --> 42
-0.001321,-0.004256,
+0.011627,-0.107009,

channel --> 43
-0.338485,+0.183240,
-0.095080,-0.073195,

channel --> 44
+0.055297,+0.226378,
-0.033189,-0.042661,

channel --> 45
+0.034595,+0.266730,
-0.023158,+0.134671,

channel --> 46
+0.004917,+0.257511,
+0.065046,+0.062936,

channel --> 47
-0.073239,-0.043851,
+0.075033,+0.045717,

channel --> 48
+0.097443,-0.036486,
+0.005701,-0.060492,

channel --> 49
+0.002285,+0.131788,
-0.091710,-0.021678,

channel --> 50
+0.026358,+0.384576,
-0.155530,+0.037748,

channel --> 51
+0.184783,-0.033321,
-0.006735,-0.067976,

channel --> 52
-0.271415,+0.111619,
-0.238072,+0.003222,

channel --> 53
-0.051250,+0.315010,
+0.045918,-0.190868,

channel --> 54
+0.044404,-0.040062,
-0.025320,+0.152221,

channel --> 55
-0.123675,+0.002353,
+0.341502,-0.051689,

channel --> 56
+0.021737,-0.032910,
-0.143118,+0.061294,

channel --> 57
+0.134050,-0.035599,
-0.082943,-0.214049,

channel --> 58
+0.167777,-0.097791,
+0.187648,-0.090043,

channel --> 59
-0.095297,-0.240473,
+0.121467,+0.064341,

channel --> 60
+0.072211,+0.176198,
-0.047390,+0.040884,

channel --> 61
-0.230319,+0.143939,
-0.167505,-0.094852,

channel --> 62
-0.069931,+0.406131,
-0.282963,-0.055055,

channel --> 63
-0.011271,+0.160016,
-0.084222,-0.052338,

channel --> 64
+0.032658,-0.211305,
+0.035371,+0.186220,

channel --> 65
+0.182486,-0.034811,
-0.085645,+0.028008,

channel --> 66
-0.159936,+0.015915,
+0.121457,+0.158616,

channel --> 67
-0.433776,-0.088614,
-0.063752,+0.057248,

channel --> 68
-0.316420,-0.000602,
+0.055911,+0.359069,

channel --> 69
+0.028992,-0.091415,
+0.018799,-0.003725,

channel --> 70
-0.109662,-0.025575,
-0.003203,-0.085322,

channel --> 71
-0.077854,-0.242733,
+0.189039,+0.052861,

channel --> 72
-0.017439,-0.013810,
+0.102573,-0.178704,

channel --> 73
-0.096621,+0.101774,
-0.139645,+0.116159,

channel --> 74
-0.009765,+0.349007,
-0.180934,-0.411308,

channel --> 75
+0.022617,-0.129368,
+0.111594,+0.176756,

channel --> 76
-0.117417,+0.000653,
+0.339564,-0.181263,

channel --> 77
-0.199117,-0.176016,
+0.154579,+0.062674,

channel --> 78
+0.243141,+0.510447,
-0.084323,-0.532121,

channel --> 79
-0.117973,+0.232985,
-0.040825,-0.041769,

channel --> 80
-0.237384,+0.017801,
-0.167896,-0.158795,

channel --> 81
-0.172495,-0.103017,
-0.088170,-0.162879,

channel --> 82
+0.271080,-0.104474,
-0.159965,+0.085748,

channel --> 83
-0.001781,+0.286953,
+0.012885,+0.044843,

channel --> 84
+0.016396,-0.171399,
-0.089703,-0.227731,

channel --> 85
-0.004117,-0.008624,
-0.035482,-0.015657,

channel --> 86
-0.112059,+0.537210,
-0.291745,-0.277701,

channel --> 87
-0.085556,-0.046128,
-0.066490,+0.040040,

channel --> 88
+0.023563,+0.491635,
-0.253269,+0.452322,

channel --> 89
-0.668417,+0.302560,
-0.439861,+0.355611,

channel --> 90
-0.004638,-0.182576,
+0.197212,-0.138319,

channel --> 91
+0.032795,-0.082971,
+0.014689,+0.003806,

channel --> 92
-0.031951,-0.042685,
+0.100973,+0.008849,

channel --> 93
-0.019962,+0.115224,
+0.044336,-0.028489,

channel --> 94
+0.078730,-0.279134,
+0.010509,-0.105057,

channel --> 95
-0.011341,+0.249497,
-0.028934,+0.020907,

