channel --> 0
-0.363050,-0.163736,+0.637151,-0.438064,+0.140358,+1.025874,+0.871765,+0.804699,+0.809802,+0.600225,+0.623399,+1.261725,+0.747416,-1.872758,-1.650320,-1.402793,
-0.050097,-0.009874,+1.511064,+0.813464,+1.970948,+2.203603,+1.488192,+0.719757,+0.692834,+0.987167,+1.722312,+1.411232,+1.363666,+1.235372,-1.096550,-1.179322,
-0.432090,+1.000574,+1.172544,+1.429083,+0.342107,-1.817210,-1.315247,-0.825176,-0.746123,-0.954716,-0.341751,-1.105623,+1.087927,+1.478052,+0.852098,-1.214570,
-0.416423,+1.203813,+1.804450,+1.458188,-0.908287,-0.850825,-0.611531,-0.213867,-0.512037,-0.449679,-0.188921,-0.074281,-2.190857,-0.008697,+1.318476,-0.225763,
-0.293286,+0.987521,+1.565397,-0.009378,-1.409912,-1.501442,-1.614781,-1.534889,-1.364744,-1.399050,-1.499069,-2.096594,-1.768219,-0.679092,+1.224187,-0.080026,
-0.307734,+1.494986,+1.024971,-2.163388,-0.058748,+0.566659,+0.302366,-0.727622,-0.911793,-0.814374,+0.918690,+0.386374,-0.657599,-1.862686,+0.760728,-0.625345,
+0.159555,+1.556916,+0.844364,-1.628716,-1.124573,-0.711292,+0.135921,+0.833780,-0.121528,+1.779946,+0.923668,-0.947823,+0.290654,+0.510045,-0.168073,-1.311176,
+0.321517,+1.531660,+2.534595,+0.479207,+1.055113,+1.433897,+1.180842,+0.416260,+1.177035,+0.754112,+0.897933,+2.190917,+2.041772,+0.479159,+1.087617,-1.712661,
-0.606430,+1.187735,-0.351243,+0.244386,-0.375426,-0.112134,-0.512765,+0.717115,-0.277892,+1.369761,+0.232138,-0.409213,-0.660715,+0.214668,+0.552322,-1.051035,
+0.384911,+2.172717,-0.345244,-1.534999,+0.669630,+0.378195,+0.915990,-1.546905,-1.755718,-2.256661,+0.525758,-0.063447,+0.409153,+0.461158,+0.287590,-0.802957,
+0.146844,+1.857695,+1.604298,-0.973800,-0.758149,-0.498033,+1.022101,+0.174351,-0.619137,+0.433842,-0.025109,+0.565185,+0.102486,+0.949391,+0.252676,-1.830209,
+0.250786,+1.108809,-0.981969,-1.601448,-1.118045,+0.177404,+0.049382,-0.081595,+0.449397,+0.289645,+0.534580,-0.182032,+0.377871,+0.964122,+0.143962,-1.459337,
+1.670680,+0.223865,-2.379476,-1.837495,-1.296779,-0.616800,+0.349259,+1.053879,+0.411862,+0.940267,+1.422822,+0.500103,+0.844056,+1.080182,-1.834928,-2.590463,
-0.277906,-0.771358,-3.101481,-0.332592,-2.114640,-0.511215,+1.462285,+1.147828,+1.989077,+2.296720,+0.716087,+0.269392,+0.835918,-0.484837,-0.479385,-1.750806,
+0.144385,-0.243636,-1.134033,-1.733956,+0.047766,-1.940991,-0.740470,-1.084704,-0.232675,-0.071713,-0.511558,-0.188307,+0.790622,-0.586507,-1.512400,-1.128121,
-0.892658,-0.601410,-0.488879,-1.108150,-0.104118,+0.467987,-1.189167,-0.313606,+0.520749,+0.222383,+0.454029,+0.807321,+1.015151,+0.019344,-1.394344,-0.970991,

channel --> 1
-0.232436,-0.100599,+0.695380,+0.336646,+1.225130,+1.307116,+1.313781,+1.357573,+1.488006,+1.295013,+1.185996,+1.648745,+1.116008,-0.319001,-1.123394,-1.464958,
-0.068170,+1.420358,+0.870228,+1.139067,+0.687427,+0.179158,+0.274086,+0.179052,+0.120059,+0.521365,-0.023621,+0.498997,+1.132151,+1.652667,-1.101391,-1.237322,
-0.367098,+1.166175,+1.142351,+0.597342,-1.642094,-1.520308,-0.994994,-0.720721,-0.952304,-0.209219,-0.672997,-1.029430,-0.180512,+1.128449,-0.444538,-1.319380,
-0.422723,+1.190989,+0.136432,-0.898318,-1.464080,-0.083681,+0.190523,+0.485552,+0.226180,+0.231566,+0.035024,-0.861262,-1.691055,-0.205711,+1.130468,-1.757730,
-0.352240,+1.101091,-0.019285,-1.976516,-1.117481,-0.929496,-0.235230,-0.139898,-0.010075,-0.396754,-0.625152,-0.700586,+0.026745,-0.304500,+1.280517,-1.863403,
-0.345706,+1.370900,+0.324354,-2.156996,-0.222568,+0.804719,+1.257231,+0.499087,+0.476028,+0.571286,+1.217389,+0.939743,-0.141837,-0.449745,+0.415085,-1.124644,
-0.485305,+1.464591,-0.596981,-0.487437,-0.687475,-0.953317,+0.165568,+0.423718,+0.611838,+1.788472,+0.136168,-0.408367,+0.355592,-0.762424,+0.146982,-1.435344,
-1.606931,+1.909617,-0.319075,-0.958583,-0.412256,+0.961365,+0.285112,-0.513113,+0.623132,+0.251780,-0.262047,+0.766067,+0.433982,-1.026687,+0.494461,-1.352418,
-1.131168,+2.762174,-2.499782,-1.677745,-0.066150,-0.230745,-2.032475,+0.079310,-2.688987,+0.634086,-0.586781,-1.117652,-1.542326,+0.555637,-1.452341,-1.650365,
+0.570558,+1.909152,-0.779280,-1.519255,+0.576377,+0.764619,+0.992046,-1.659289,-0.781015,-1.062276,+1.973453,+0.418294,+1.298055,-0.036091,-0.589032,-1.305806,
-0.355841,+1.173262,-0.013751,-0.428509,-0.404519,+0.093634,+0.525692,+0.258341,+1.239451,+1.470531,+0.695594,+0.498842,+0.371542,+0.365950,-0.973714,-1.143180,
-0.093413,-1.040217,-2.782044,-1.153132,-0.102852,+0.114487,-0.386805,-0.820206,+0.156122,-0.321991,-0.293932,+0.677743,+0.765805,-0.000415,-1.933125,-1.284593,
-1.023342,-1.685567,-0.980443,-0.649066,-0.091153,-0.012386,+1.118086,+0.409043,+1.204660,+1.354395,+1.457262,+0.838044,+0.773673,+0.056183,-1.467303,-1.591578,
-2.589716,-0.958838,-1.707108,-0.370915,-0.298264,+0.699244,+0.794952,-0.542540,+0.673052,+0.195685,-0.044266,+0.291172,+0.030036,-1.499067,-0.684634,-1.177526,
-1.795521,-1.247173,-2.068012,-1.996855,+1.276169,+0.007590,-0.360142,-0.730365,+0.013841,-0.200766,+0.484051,+0.372232,+1.252012,-1.966788,-1.507179,-1.095627,
-2.069431,-2.113285,-0.672666,-2.073121,-1.704468,+0.440900,+0.303516,+1.675138,+1.797931,+1.735969,+1.503941,+0.760722,+0.786526,-1.471522,-1.521060,-0.890796,

channel --> 2
-1.927313,-0.701371,-0.548527,-0.604115,+0.202436,-0.578315,-1.033897,-1.127667,-0.734729,-1.003803,-0.865987,-0.931864,-1.065347,-1.616109,-0.263913,+0.193897,
-1.264577,+1.419249,+0.218494,+1.331723,-0.313308,+0.173053,-0.106727,-0.459305,-0.490159,-0.654815,-0.882539,-0.722538,-0.688851,-0.975368,+0.023959,+0.385385,
-0.895750,-0.216973,-0.230180,+1.130362,+3.637696,+1.215943,+0.897501,+0.603995,+0.867141,+0.423178,+1.136376,-0.617876,-1.308197,-0.443671,-0.408147,-0.752923,
-0.877190,-0.430011,+1.101878,+1.488405,+1.220683,-0.223422,-0.139378,-0.334131,+0.033575,-0.063753,-0.271456,+0.136748,+0.858463,-0.685302,-0.903265,-0.094130,
-0.862297,+0.809821,-0.434327,+0.423563,+0.074998,-0.548346,-0.984522,-0.589996,-0.117334,-0.305259,-1.808165,-1.023822,-0.454921,-0.732830,-1.040927,-0.256743,
-0.685821,-0.823110,-1.367278,-0.436377,+1.512642,+1.193156,-0.908302,-0.217601,-0.296199,+2.636397,+1.160677,-0.071075,-0.668107,-1.337679,-0.550520,-0.551939,
-0.775022,-1.026812,-0.031458,+0.802247,+2.315806,+0.733585,+0.344904,-0.667611,+0.129427,+0.206806,+2.264525,-0.126318,+0.493805,-1.303411,-1.395059,+0.097054,
-0.716002,-2.327557,+1.256465,+1.622259,-1.557857,+0.657248,-0.215689,-0.456398,+0.813418,+1.080869,+0.504578,-1.087391,-1.934023,-0.037425,-0.831324,-0.255739,
-0.993715,-0.230301,-1.444912,-1.146316,+0.207096,+0.488867,+1.075458,+2.987185,+2.852503,-2.184109,-1.184510,+1.125905,+0.417468,+2.305396,+2.202225,-0.947019,
-0.057306,-1.279425,-2.612770,+1.279389,+0.154713,-0.202877,+1.028301,+3.799781,-0.609592,-1.957414,-0.834499,-0.214751,+1.041788,+2.391505,+0.208410,+0.008039,
-0.113866,-1.318339,+1.884425,+1.314867,+0.199916,+0.389564,+0.479323,+1.888943,-0.657895,-0.604071,-0.321129,+0.377119,+0.686941,+2.263476,-0.144632,+0.335366,
-0.539627,+0.923057,+3.387730,+0.193884,+0.049934,+1.109861,+0.347159,+0.536268,-0.160322,+1.587995,+0.581976,+0.469719,+1.289645,+0.967641,-0.071610,-1.040858,
+0.499387,+0.230321,+0.091266,-0.454730,-0.285540,+1.012783,+1.012107,+1.160441,-1.584380,-1.114094,+0.044587,+0.543866,+1.250419,-0.590181,+0.577232,-0.523340,
+0.725268,-0.809802,-1.278131,-1.676491,-1.780786,+0.582045,+2.540768,+0.989756,-0.033124,+0.722843,+1.106772,-0.033475,+0.189578,-1.723026,-0.075567,-0.166119,
+0.317672,+0.112499,-2.531166,-0.840414,-1.239805,-0.818239,+0.828405,+0.565570,+0.090044,+0.179883,-0.346180,+0.293998,+2.495360,+1.374496,-0.992419,-0.188776,
+0.862556,+0.435563,+0.339404,-1.277766,+0.669240,+0.185129,+0.004203,+0.879110,+0.752702,+0.947995,+0.264320,+3.288425,+4.552990,+0.262206,-0.185520,+0.113901,

channel --> 3
+2.105703,+0.282877,+0.760848,+1.175751,+0.309129,-0.776776,-0.399141,-0.947683,-1.240293,-0.588790,-0.974372,-0.884156,+0.579147,+1.733343,+0.531881,+0.925818,
-0.248463,+0.415454,-0.473451,-0.172619,-1.781557,-2.332100,-1.892828,-1.185186,-1.425749,-1.292176,-1.017409,-1.844936,-1.715612,-1.087481,+1.836375,-0.245658,
-0.353379,+0.251250,-0.411443,-1.407506,-0.457465,-0.001702,-0.325533,+0.415924,+0.732801,+0.167275,-0.151303,+1.146184,+0.663048,-1.487764,-0.130792,-0.216109,
-0.134289,-0.009113,-1.143666,-1.368724,+0.343510,-0.070161,+0.111279,+0.146985,+0.038303,+0.390498,+0.430774,+1.418400,+3.014534,+0.734516,-2.895620,-0.173531,
-0.645326,+0.796815,-0.412528,-0.268655,+2.035681,+1.629804,+0.852140,+1.076469,+1.064058,+1.622168,+2.099524,+2.062369,+1.600492,+2.807418,-1.767160,-0.882024,
-0.530821,+0.193748,-0.779898,+3.858753,-1.147196,-1.340276,-2.457551,-0.089528,+0.068434,+1.028819,-1.524065,-2.242434,-0.051274,+5.651548,-0.766715,+0.209515,
-1.006119,+0.710849,+0.597055,+1.511275,+1.383078,+1.031932,-0.809473,-2.172625,-0.462494,+0.469768,+0.501817,+0.779892,-1.290862,+2.323798,+1.922543,+0.455826,
+0.867014,+0.823392,+1.392590,+1.080063,+1.727034,-0.803095,-0.230784,+2.035893,-2.089873,-1.076789,+1.050114,-1.244493,+0.274477,+2.933998,-2.404387,-0.533633,
+1.630958,+0.161082,+3.518153,-0.872486,+0.616215,+1.156224,+2.607090,+0.346469,+2.688345,-0.973399,+2.355949,+0.466226,+1.811769,+0.794464,-0.793086,-1.412336,
+0.253435,-0.920563,+0.966854,+1.105601,-0.786053,-1.427372,+0.101728,+2.803428,+1.774571,+4.422800,+0.153553,-0.416216,+0.067004,+0.551800,-0.205009,-0.442874,
-0.730907,-0.622609,-2.438638,+0.882096,+0.263100,-0.709497,+0.324659,-1.103479,-1.782471,-1.604599,+0.320247,-0.440456,+0.182238,+0.217059,-0.123143,+0.240842,
-0.562821,+1.066761,-0.854427,-1.332042,-0.602318,+0.240428,+1.897481,+1.523916,+0.443339,+0.518231,+0.310869,+0.014347,-0.525243,+0.567869,+0.232426,-0.544379,
+0.149042,+1.062528,+0.109372,-0.280888,+0.639905,+0.651980,-1.345508,-1.506358,-1.144364,-1.307299,-1.770097,-0.604005,+0.219603,-0.434646,+0.844602,+0.833647,
+1.763626,-0.716593,+2.505556,+0.346792,+1.957388,+0.097829,+0.286760,-1.371662,-1.548216,-1.411690,-0.114369,-0.691292,+1.846382,+2.126131,-0.635332,+0.524148,
+0.871687,+0.160591,+1.159526,+3.819994,-0.333337,+2.092931,+2.311530,+2.102871,+0.353917,+0.349358,+0.881745,+2.664013,+0.231910,+0.038244,+0.719827,-0.397696,
+0.691904,-0.181918,-1.446945,+2.639998,+0.785860,-2.225730,-0.815621,-1.034572,-1.518532,-1.649986,-0.672390,-0.286163,-2.045035,-2.083245,-0.164825,-0.278782,

channel --> 4
-1.661084,-2.207762,-0.353484,-0.702266,-0.090907,+0.473246,+1.276549,+1.029314,+0.948325,+0.853460,+0.734980,+0.595630,+0.165138,-0.701310,-1.536114,-1.408998,
-0.464167,-0.852612,+0.692111,+1.132907,+0.984174,+1.527471,+2.297379,+2.734493,+2.566385,+2.214108,+1.263858,+1.306048,+0.912829,+0.440999,-0.432771,-1.021587,
+0.419719,+0.155515,+1.028976,+0.841582,+1.774229,+0.671710,+0.379425,+0.675720,+0.349976,+0.541437,-0.006844,+0.834071,+0.839416,+0.645008,+0.754302,-0.850465,
+0.400326,+0.720378,+1.088275,+1.058115,-1.114255,-0.269241,-0.269008,-0.361847,-0.179830,-0.182332,-0.346997,-0.153613,+0.521824,+0.088531,+0.234725,-0.056029,
+0.386466,+0.755531,+0.882727,-0.993357,+0.067621,-0.052514,-0.591978,-0.572169,-0.495087,-0.119537,+0.027240,-0.901198,-1.555675,-0.550591,+0.561319,-0.030739,
+0.522395,+0.515740,+0.124941,-1.233968,-2.055254,+0.185660,+1.138994,+1.038572,-0.122552,-0.768727,-0.327279,+1.298572,+0.834893,-0.717102,-0.021120,-0.358316,
+0.631997,+0.505608,-0.009915,-1.660017,-0.472022,+0.210016,+0.632394,+1.187653,+1.053594,+0.108551,+1.561879,+0.327882,-0.677993,+1.174374,-1.372674,-0.383861,
-0.806180,-1.419722,-2.228554,+0.156276,-1.220551,-0.203170,+0.583986,+0.427661,+0.000569,+0.436554,-0.869029,+1.279948,+1.198019,-0.062880,-0.051405,-0.491053,
-1.267563,-0.410666,+0.949205,-1.846468,-1.236114,+0.254828,+0.294589,-2.855018,+0.941237,-0.934985,+1.129586,+0.794996,-0.019386,-2.546337,+0.185034,-0.331571,
-0.772085,+0.847277,-0.141400,-2.006395,-0.208836,+0.237401,-0.912050,-0.248133,-1.351591,-0.099661,-0.957069,+0.029004,-0.495055,-0.043463,-0.524441,-0.997470,
+0.477062,+1.281802,-0.017590,-0.518861,-0.115778,-0.434951,-1.147870,-2.933862,+0.153571,-0.353174,-0.204277,+0.209735,-0.194182,-0.412527,-0.010380,-1.066194,
+0.232295,+1.655559,-0.534444,-1.319908,-1.032023,-0.642416,-0.197944,+0.925960,+0.698427,+1.044067,+0.310399,-0.410308,-0.029260,+0.064049,-1.288260,-0.893813,
-0.259737,+0.181599,-1.639823,-0.867955,-0.810888,-0.897308,-1.664800,-1.546889,-0.326669,+0.551271,+0.514964,+0.382417,-0.156992,-0.366355,-1.033853,-1.186439,
+0.207525,-2.132729,-0.761269,-1.836339,-0.582785,-1.268092,-0.302943,+0.077640,+0.799296,+1.254027,+0.691027,+0.492317,-0.088152,-0.737877,-1.288298,-0.942585,
-0.552460,-0.428514,+0.082871,-1.885740,-0.304323,-0.043038,-0.503704,-0.209759,-0.349306,-0.214304,+0.148365,+0.495814,-1.791500,-0.205881,-2.021770,-1.720549,
-0.357272,-1.066936,-1.130322,+0.999871,-1.325216,+1.463817,+0.990051,-0.850835,+0.405310,+0.328388,+0.597591,-0.308032,+1.621884,+0.018698,-1.936929,-2.054742,

channel --> 5
+0.136460,+0.634631,+0.561279,+1.403653,+0.869801,+1.270728,+1.208699,+1.127919,+1.077935,+1.238439,+1.208177,+1.167858,+0.428078,+0.577266,+0.482199,+0.330175,
+0.109354,-0.496509,+0.878381,+0.919832,+0.262271,-0.083454,-0.132484,+0.162859,+0.001813,+0.260413,+0.368835,+0.092524,+0.512082,+0.156932,+1.083739,-0.045473,
+0.731152,-1.154766,+0.595738,-0.277359,+0.190312,+1.703772,+1.682384,+1.147393,+1.229483,+1.077322,+1.253090,+0.970551,+0.161983,-0.127333,+0.003080,+0.482905,
+0.711736,-1.580246,+0.287142,+0.144495,+1.471059,+0.164096,+0.544088,+0.391122,+0.632977,+0.604916,+0.289041,+0.864597,+1.479757,+0.440944,-0.551333,+1.043062,
+0.786694,-1.509822,+0.886083,+0.133339,+0.399832,+0.533980,+0.567104,+0.440560,+0.451152,+0.538372,+0.171791,+0.921253,+1.430282,+0.860756,-0.785192,+1.030656,
+0.738514,-1.565336,-0.496075,+1.129637,-0.112488,-1.775808,-1.425568,-0.604089,-0.474224,-1.060612,-1.945606,-2.066523,+0.344064,+0.802005,-0.372270,+0.891632,
+0.871559,-2.064567,-0.730569,-0.290725,+0.990770,+1.908457,+0.893909,-0.985385,-0.204584,-1.022806,-0.059870,+1.407744,-0.145644,-0.390292,+0.317018,+1.000739,
+1.237131,-1.518587,-0.687291,+0.286019,+1.907907,-0.168596,+0.187070,+0.159747,-0.367777,-0.978155,+0.549278,+0.373456,+0.287367,+0.190510,-0.824186,+0.470983,
+1.606855,-2.925151,+0.605208,+0.405293,+1.696936,+0.483443,+1.233810,+0.256832,-0.475765,+0.349282,+1.814813,+0.837742,+1.309692,-0.647074,-0.067904,+0.746527,
+0.672121,-2.297159,-0.653177,+0.722291,+0.898399,+0.368765,-0.298671,+0.511142,+1.033926,+0.388299,+0.352963,+0.667522,-0.010159,+0.046124,-0.587827,+0.943840,
+0.805138,-2.343664,-0.954189,+0.926425,+1.009839,+0.845702,-0.701743,-0.216983,-1.167537,-1.978382,-0.594432,+0.027539,+0.492352,-0.927413,-0.136125,+0.592213,
+0.569948,-3.271911,-0.288584,+1.172288,+0.928047,+0.217074,+0.745456,+0.437762,+0.953473,+0.280523,+0.723071,+0.078530,-0.111116,-0.793932,+0.735661,+0.494176,
-0.369065,-1.123387,+0.475156,+0.607818,+0.888519,+0.691274,-0.284146,-0.072550,-2.691651,-2.572240,-1.959507,+0.493559,-0.360351,-0.106908,+1.286464,+0.485658,
+0.376476,-1.343052,+0.769542,+0.415285,+1.072728,+0.928391,+0.125447,+1.049415,-1.066767,-0.678731,+0.379848,-0.280753,-0.343071,+0.530793,+0.464117,+0.541673,
+0.651283,-1.181141,-0.660680,+0.595903,-1.234552,+0.982306,+0.433827,+1.276014,+0.585863,+1.000839,+0.526574,+0.154801,-0.952765,-0.726973,+0.351839,+0.469252,
+0.710975,+0.115381,-1.257547,+0.108323,-0.164025,-0.885299,+0.048741,-0.510630,-0.299631,-0.233516,-0.015899,-0.813820,-2.527089,-0.505269,+0.694978,+0.446599,

channel --> 6
+0.078479,+2.082150,+0.174468,+2.108294,+0.335169,-0.227281,-0.083226,+0.315277,+0.176587,+0.151148,-0.295274,-0.215231,+0.891646,+0.602905,+0.368050,-0.136636,
+0.987915,+0.939986,+1.001150,+0.351296,+0.739347,+1.669267,+1.952148,+1.843626,+1.715061,+1.411545,+1.135302,+0.657061,+0.076362,+1.655015,-0.346148,+0.015229,
-0.312691,-0.153650,+0.334800,-1.051129,+1.819304,+0.926033,+0.320800,-0.101144,+0.108486,+0.095218,+0.468703,-0.161020,-0.004056,-0.029202,+1.120728,-0.512523,
-0.582712,-0.815380,-0.826743,-0.780019,+0.301278,-0.211814,-0.027359,+0.049965,+0.096481,-0.359237,-0.415018,-1.107550,+0.026044,+0.004650,-0.610753,-0.021472,
-0.778062,-0.494849,-0.712486,-1.540678,+0.418511,+0.798077,+0.149501,+0.339144,+0.391184,+0.948586,+0.938681,+0.934048,-0.428255,-1.225284,-1.283367,+0.037591,
-0.708112,-0.559396,-2.097960,+0.100252,+1.658423,+2.134601,+2.354380,+2.518991,+1.046507,+2.589418,+2.472894,+2.320825,+2.238465,-1.759485,-2.010496,+0.252368,
-1.188899,-1.025731,-1.221440,+0.562916,-0.207780,+0.663607,+0.201147,+0.379515,+0.517776,-1.820407,+1.339132,+1.496226,+1.445519,+0.043987,-2.660954,+0.072872,
-3.524521,-1.585395,-0.774534,-0.334413,+1.326112,+1.341456,+1.707473,-0.939573,+0.093027,-2.013901,+0.303593,+2.273663,+1.463765,+0.611418,-0.449597,+0.819129,
-0.713121,-1.707226,-2.361881,-0.338426,+1.788601,+0.782835,+0.263918,-1.960315,+0.245733,-2.178184,-0.528471,+0.484649,+1.013129,-0.767563,+0.169110,+0.519217,
+1.063030,-1.482817,-1.555553,+0.620169,+1.937791,+2.144619,+1.136426,+1.234133,+0.296745,+0.540062,+0.647275,+2.640289,+1.721190,+1.348414,-0.620062,-0.052802,
-0.962257,-1.800224,+0.297082,-1.094958,-0.722069,+0.412071,-0.932993,+3.676555,+1.793858,+0.763070,+0.041825,+0.713519,+0.773637,-0.459660,-1.164115,-0.259488,
-1.615235,-4.465255,+0.762937,+0.279132,-0.143513,-0.356146,-0.460878,-0.389339,-0.187874,+0.410141,+1.187275,-0.044227,+0.418172,-0.801074,+0.323049,-0.083139,
-4.107050,-1.536727,-0.549773,-0.125548,-0.421548,+0.525647,+2.467986,+2.910764,+1.351376,+1.450955,+1.482909,+1.593686,-0.060190,-0.513180,+0.981222,+1.073847,
-2.030153,-1.197977,-0.836030,-0.843516,+0.281674,-0.316359,-0.560095,+0.272247,-1.594594,-0.844576,+0.457943,+0.590271,-0.385765,-1.990814,+0.464299,-0.939720,
-0.266322,-1.046988,-0.339260,-2.072653,-0.565142,+0.067668,-0.560724,-0.150731,-0.171915,+0.568934,+0.009208,+0.579777,-0.214220,-0.878669,-1.050861,-0.098840,
+0.027884,-0.348950,-0.571370,-0.568812,-1.692644,+2.844328,+2.492323,+1.215537,+1.336027,+1.275969,+0.880074,-0.146363,-1.162779,-0.100310,-1.256750,-1.294052,

channel --> 7
-0.012389,-1.761815,+0.325659,-0.366546,+0.011566,-0.657599,-0.088025,-0.275610,-0.245937,-0.157298,+0.035692,-0.226033,+0.417217,-0.971361,+0.251588,+0.379178,
-0.343795,-0.304546,+0.380436,+1.040330,+1.368568,+1.018421,+0.728384,+0.508709,+0.251483,-0.062130,+0.500188,+0.901805,+1.110175,-0.004945,+0.370382,+0.779682,
-0.192744,-0.927973,+1.452305,+2.264131,+1.306587,-0.077523,-0.053461,-0.377620,-0.757686,-0.917740,+0.037171,-1.133836,-0.171575,+1.379758,+1.333931,-0.019738,
+0.087383,-1.380625,+1.694678,+1.753074,-0.511404,+0.066060,+0.131535,+0.213055,+0.120351,+0.092107,+0.157622,-0.932540,-1.583315,-0.322211,+2.670334,-0.234247,
+0.021447,-1.267674,+1.768662,+0.793177,+0.201674,+0.402963,+0.783657,+0.418988,+0.323099,+0.348698,+0.164678,+0.464807,+0.422246,-1.109130,+2.867665,+0.416866,
+0.057264,-1.204953,+2.427418,+0.546647,-0.229612,-1.597792,-1.210823,-0.085280,+0.053057,+0.477954,-0.910592,-0.724305,+0.002828,-0.853008,+2.939944,-0.140668,
-0.116779,-1.516651,+2.590446,+0.637648,+0.162241,+0.180820,-0.226111,+0.032578,-0.873297,-0.974041,-0.886925,-0.502623,-0.883207,-0.326946,+0.549228,+0.402266,
+1.172119,+0.470749,-2.950929,+2.491827,-1.009295,-0.284422,+0.913638,-2.496462,+0.709740,+1.566558,-1.711173,-0.725597,-2.069838,-1.244160,+2.207656,+0.153955,
+0.756914,-0.489542,+0.254129,+1.162992,-0.341716,-0.722576,+0.375599,+1.230293,+0.188859,+1.391142,-0.273068,-0.021449,+0.549009,+0.605827,+1.006638,+0.147606,
-1.448836,-1.809759,+0.624026,-1.601214,-1.917322,-1.045815,-0.705283,+0.787127,+0.493763,-1.257071,-0.362010,-1.365283,-1.013551,-0.254522,-0.254624,+0.218050,
+0.202557,-2.097454,+0.270018,-0.047964,+0.247516,-0.516266,-0.390369,-0.879646,+0.197832,-1.212297,-1.911992,-0.472029,-0.204338,-0.539450,+0.951684,+1.060034,
+0.226109,-0.346271,+0.023226,+0.304654,+0.418679,+0.032551,-0.277450,-0.512679,-0.188127,-0.355502,+0.273198,-0.014569,+0.116325,-0.266909,-0.065457,+0.772322,
+0.739741,+0.095233,+0.157049,+0.455136,+0.511712,+0.342201,+0.275357,-1.186741,-1.691834,-2.439018,-1.268610,+0.215859,-0.486768,-0.133827,-0.887159,-0.105465,
+1.521824,+1.966664,-0.287024,+0.019134,+0.522866,+0.336083,-0.603802,-1.481472,-1.352430,-1.514111,-0.723491,-0.088369,+0.060572,-0.045262,+0.001035,+0.066175,
+1.442746,+1.843610,+1.562869,-0.914712,+1.160104,-0.125948,-0.035269,+0.019946,-0.390331,-0.004011,+0.140979,+0.096367,+0.381184,+1.499292,-1.096825,+0.601817,
+1.654879,+1.441020,+1.055946,+0.361600,-0.249085,-0.784323,+0.002081,-0.271652,+0.084760,+0.167861,+0.341313,-1.202022,+2.458152,+1.217564,-0.319548,+0.400343,

channel --> 8
-1.319923,+1.626574,-1.541318,+2.503938,-0.404738,-0.213834,-0.087707,+0.532555,+0.377129,+0.234305,+0.118504,-0.719157,-0.060141,+1.353550,+0.785238,-0.431632,
-0.898724,-0.438071,-0.748148,-0.745161,+0.345094,+0.732716,-0.003219,-0.390994,-0.672403,-0.193430,-0.795839,-0.825368,-1.227162,-3.449230,-0.921540,+0.015220,
+0.762410,+0.476681,-0.587000,-1.201537,-0.901439,+1.041913,+1.008648,+1.147566,+0.688780,+0.444744,-0.689514,+0.018411,-1.234669,-0.860676,-3.655890,+0.367550,
+0.885022,+0.894384,-0.309522,-1.033614,+0.394083,+0.270771,+0.036453,-0.051800,+0.151372,+0.175785,+0.161267,+0.032347,+0.653674,-0.609527,-2.152559,-0.714780,
+1.244293,+0.137018,-0.154448,-0.737831,+0.332205,+1.131216,+0.476501,+0.320903,+0.293028,+0.288116,+0.458297,+0.336241,-0.431935,-0.234327,-0.904326,-0.674365,
+1.166899,-0.149067,-1.697086,+0.191371,+1.705786,-0.699143,-0.851092,-1.203403,-0.406341,+0.319076,-0.081147,-1.218094,-2.195158,+0.205085,-0.108114,+0.336514,
+1.754538,+0.940094,-1.246198,+1.401325,-0.405456,+1.606990,+1.262981,+0.363921,-0.043007,+0.237063,+0.787561,+1.194266,+0.792408,-2.261862,+0.844727,+0.266711,
+2.035009,+0.995218,+0.677760,-2.311465,+0.411978,+0.371105,-1.258578,+0.307363,+0.100863,-1.589399,+1.188565,-0.381494,+0.352794,-0.405030,-2.205186,-0.509039,
+0.833692,+0.360458,-0.722667,+0.270672,+0.437050,-0.742240,+0.416120,+1.291389,-0.278475,+0.015759,+0.188013,+0.369530,+0.143467,+1.457655,-0.958589,+0.017887,
+0.004602,+1.386291,-2.177177,+0.575288,-0.714506,-0.208548,-0.977710,-1.259253,+0.072296,-0.606871,-1.497328,+0.547144,-0.874598,-0.316918,-0.921354,+0.226949,
+1.020155,+1.005913,-2.342285,-0.607318,+0.446696,+1.579152,-0.083128,+1.834026,-0.544318,-0.379587,+0.113946,+0.640780,+0.237710,-0.275127,-1.636726,+0.080846,
+1.003243,+1.542370,+0.834004,+0.316892,+0.248691,-0.508528,-0.320257,+0.299799,-0.556199,-0.028978,+1.187924,+0.148304,-0.472013,-0.933352,-0.473955,-0.106693,
+3.171545,-0.812304,-0.566757,+0.195580,+0.005204,+0.370953,+0.591529,+0.188729,+0.838993,+1.044008,-0.526520,-0.921471,-0.678913,-1.161854,-0.526346,-0.423171,
+0.054691,-1.624660,-0.862128,-0.444751,+0.071186,+0.160678,-0.207268,+2.915089,+2.669087,+2.021206,+0.641345,+0.529936,-0.073657,-0.473313,-1.083007,-0.758650,
-1.394441,-1.437234,-1.715354,+0.505181,-2.132347,-0.140697,-0.184596,+1.499164,+1.991111,+1.849421,+0.594703,-0.252739,+0.467937,-2.471034,-1.146686,-1.054802,
-1.494213,-1.040129,-0.926468,-1.197868,+0.985689,-2.931985,-0.460180,-0.697856,-0.652155,-0.590018,-0.425021,+0.954429,-1.316047,-1.792632,-1.063534,-1.497513,

channel --> 9
-0.033028,+0.279652,+0.049233,+0.591181,+0.735371,+0.080574,-0.147073,-0.076272,+0.139503,+0.220232,+0.255419,+0.214855,-0.037071,+0.250132,+0.533503,+0.069093,
+0.213680,+1.240235,-0.324176,+0.144986,-1.369822,-2.230064,-3.771817,-4.031267,-3.796196,-3.266671,-3.151096,-2.341369,-0.740626,+0.664812,-0.113118,+1.644163,
+0.192070,+0.428738,-0.548605,-1.766221,-1.789152,-0.674304,+0.374121,+0.310833,+0.207551,+0.196466,+0.122045,-1.829543,-3.439088,-1.450124,-1.293197,+0.516518,
+0.305522,+0.088443,-0.882330,+0.207646,+0.963203,+0.886328,+1.666007,+1.550465,+1.464805,+1.473843,+1.353064,-0.031278,-0.433137,-1.245545,-0.583269,-0.851274,
+0.328548,+0.529901,+1.163195,+0.761511,-0.796685,+0.939199,+1.673176,+2.247939,+1.560250,+0.752086,+0.511783,+2.223933,+2.104548,+0.534673,-0.528100,-0.575395,
+0.554294,+1.318582,+0.665519,-0.318325,-0.696362,-1.762593,-1.381490,+0.160792,+1.246276,+0.355745,-0.768571,-1.117618,-0.833523,-0.609096,+0.715326,+0.009635,
-0.567839,+0.241445,-0.833493,+0.016182,-0.233794,-0.379932,-0.267945,-1.729603,-0.826026,+0.120028,-0.212000,-1.647903,-0.721748,-1.493669,-1.196879,+0.992554,
-0.009883,+0.480574,-2.858472,-2.493229,-1.244065,-1.049807,-1.815944,-3.754506,-0.778855,-1.330963,-2.383278,-2.412964,-3.225608,-1.812524,-0.676649,-0.899455,
+1.126211,+0.290285,-0.633230,-1.420842,-0.491080,+1.052632,-0.297730,-1.047256,-0.916313,-1.853241,-1.654681,+1.782340,+0.206854,+0.176342,+0.944055,-1.093978,
-0.029243,+0.200490,-0.708734,-0.169910,-3.115782,-1.666998,-1.428602,+0.840618,+0.601440,-0.265057,-0.302319,-0.748748,-0.243501,-0.000478,-0.136386,+0.309190,
+0.209407,-1.199040,-0.573738,-0.180892,+0.314691,+0.123515,-1.420134,+0.067666,+0.038602,+0.143788,-0.540866,+0.214030,+0.977144,+0.490890,-0.046281,+0.695659,
+0.022094,-1.971885,-0.000655,+0.120642,+1.386748,+0.543285,-1.078663,-1.442992,-1.761788,-0.324018,-0.039835,+1.581152,+0.943540,-0.946908,-0.448200,+0.124609,
-1.145131,+0.801745,+1.960093,+0.469066,+1.264466,+0.004743,-0.745119,+0.026486,+1.065495,+0.561722,-0.256867,+0.495293,+0.268929,-0.847717,-0.697021,+0.132626,
-0.042035,+0.649695,-0.511982,-0.460097,-0.325440,+1.012655,-0.985609,-1.197664,-2.449137,-1.875124,-0.125859,-0.448776,-0.656800,-0.578628,+0.396048,+0.505606,
-0.019860,-0.907169,-2.466892,-1.970247,-0.590390,-0.522020,+1.769595,+0.436666,+1.231456,+1.047725,+1.697462,+0.427572,+0.532849,+1.222318,+0.137610,+0.441787,
+0.482483,+0.609068,+0.147571,-0.997571,-1.018784,-0.662709,+0.497111,+1.568548,+1.778088,+1.649048,+1.233246,+0.592157,+0.329663,+0.140625,+0.350617,+1.334714,

channel --> 10
-0.981516,-0.474192,-1.716085,-0.839127,-0.045449,-0.230947,-0.659635,-0.028612,-0.069830,-0.308787,-0.194568,-0.934911,-1.646581,-0.045331,+1.546877,+1.274942,
-0.614716,+0.765609,-0.270847,-0.605878,+0.381050,+1.751477,+3.984271,+4.079198,+4.492005,+3.236366,+2.419906,+1.436999,-0.241561,-1.474286,-1.863609,+0.087065,
-0.343178,-0.004875,-1.062089,+0.379673,+2.349610,+2.510266,+2.618018,+1.861693,+1.279679,+1.783448,+1.175549,+1.140173,+2.110394,+0.747794,-2.126956,+0.550101,
-0.376586,-0.249479,+0.768335,+0.012726,+0.252597,+0.313505,+0.112339,+0.441276,-0.078069,+0.333597,+0.103562,-1.182420,+0.072921,+1.353510,-0.949210,-0.339335,
-0.112969,-0.050447,-0.464117,-0.364903,-0.364009,+0.374952,+0.080188,-0.191662,-0.288373,-0.635527,-0.134311,+0.102032,-0.441666,+0.129499,+0.021943,+0.192639,
+0.277685,-0.340406,-0.385637,-1.950954,+0.730531,+3.005280,+2.470337,-1.167082,-0.478201,-1.617681,+1.376635,+2.696837,-0.998192,-2.092778,-0.889493,-0.288354,
+1.131216,-0.706627,-1.923501,-0.833538,+1.681210,+3.107205,+2.527428,+0.792890,-0.289574,-0.870100,+0.986523,+1.767186,+0.599492,-1.834189,-1.594032,-0.616460,
-0.427555,-2.792549,-0.498840,-0.205852,+0.594551,+2.856038,+2.239303,-0.067967,+0.168039,-2.155310,+0.628774,+2.679854,+2.146044,-0.312890,+0.079391,+0.237295,
-1.631649,+0.188602,-3.030482,+0.006089,+0.051211,+1.283328,+0.136728,-1.457327,+0.740903,+0.364591,-2.032521,+2.060847,+0.591147,-0.711415,-0.243813,+0.711610,
+0.321728,-0.221137,-3.333109,+0.380535,+1.942533,+1.528685,+0.360962,+1.905580,+0.217031,+2.297570,+0.793521,+0.160425,+1.057312,-0.128674,-0.641750,+0.183075,
+0.496679,-0.548269,-0.041202,-0.390283,+0.785764,+0.256575,-1.546741,-0.195487,+0.471563,-0.098440,-0.253992,-0.160099,+0.239234,-0.459388,-0.462767,-0.221227,
-0.309301,-0.709499,+1.049543,+0.106678,+0.216806,+0.025978,+0.980561,+4.430163,+3.470339,+3.246819,+0.442845,-0.074430,-0.448984,-1.198265,-0.254969,+0.217944,
+0.493184,-2.390046,+0.325979,+0.496990,+0.150480,-0.954707,-0.245114,+0.544797,+0.947390,+1.057119,+1.608415,-0.529918,-0.586817,-1.363986,-1.787620,+1.383712,
-0.856855,-0.895524,-2.118140,+0.195473,-1.706618,-0.238347,-0.292470,+0.840284,+1.700074,+1.372874,+0.778329,-0.010258,-1.601645,-0.484413,-0.045317,-0.572871,
-0.577367,+0.449680,-1.331278,-1.827349,-0.593340,-1.442893,+1.433440,+0.573964,+2.203503,+0.902429,+0.016225,-0.951995,-1.942331,-1.764340,+0.603676,-0.237461,
-0.161208,-0.250039,-0.761429,-2.524614,+0.957251,-0.614602,-0.876692,+0.672400,+0.395107,+0.683481,-0.909253,-0.803542,+0.319378,-0.753988,-0.509817,+0.008907,

channel --> 11
+0.649716,-1.469686,+0.307903,-2.277290,-0.382950,-0.144659,-0.007427,-0.603534,-0.665386,-0.352404,-0.389627,+0.326172,-0.808818,-3.005395,-1.125132,+0.203410,
+1.149101,-0.671035,+0.424652,-0.439109,-0.228954,-2.250604,-2.496377,-1.617562,-1.420983,-0.939602,-1.320011,-0.893339,-0.016548,-0.194753,-1.561715,-1.071679,
+1.414727,+0.839003,-0.032465,-1.025935,-1.320414,-0.703565,-0.095217,+0.383424,+0.051290,-0.345071,+0.414180,-0.974947,-1.112907,-0.713021,-0.918791,-1.082061,
+1.401231,+1.153711,-0.559972,-0.137064,+1.019497,+1.402930,+1.432563,+1.643977,+1.393678,+1.481052,+1.652042,+0.819401,-1.645942,-1.135919,+0.543627,-0.793228,
+1.267564,+1.217531,-0.069735,+1.210368,+0.592902,-0.636562,-0.083658,+0.509127,+1.006366,+0.653018,-0.039023,-0.616768,+0.467795,-0.328857,-0.001729,+0.003616,
+1.226523,+2.142419,-0.176032,+0.644520,-3.093843,-5.036731,-3.472959,-0.773890,+0.605895,-0.216500,-3.868911,-3.986688,-1.414670,-0.211077,-0.499927,-0.972811,
+1.061219,+1.419715,-0.672464,-3.958411,-0.499656,-0.771969,-1.124146,+1.029176,+0.300381,+0.629837,-0.119986,-1.115590,-0.635931,-0.887323,-1.573736,-0.481397,
+0.685317,+0.418888,-2.450950,-1.214665,-1.936062,-4.109390,-1.958145,-0.111326,-2.178731,-1.975371,-0.781442,-2.256542,-2.410392,-1.286958,-2.166444,-0.902463,
-0.239541,+1.296375,-1.244933,-1.328561,-1.583074,-1.388380,-0.154730,-3.202266,-1.667272,-0.463884,-0.525802,-0.739735,-0.114627,-2.685456,-0.154323,-0.304337,
+0.229153,+2.437389,+0.369590,-2.397936,-0.919373,+0.315826,+0.286115,-1.191132,-0.286979,-1.942383,-0.296232,+0.293943,+0.345087,+0.756172,+0.169488,-0.274870,
+1.087454,+1.867396,+0.183454,+0.813408,+0.798730,+0.300414,+1.300085,-2.833360,-1.198522,-1.593235,-0.349656,+1.689448,+1.197010,+1.792068,+1.164429,-0.245285,
+1.177721,-0.473404,-1.682163,+0.864487,+0.769545,+1.427683,+0.382372,-1.313397,-0.574711,-0.337030,+1.146992,+1.193287,+1.779646,+1.558317,-0.019331,-0.565337,
-0.269377,+0.055611,+0.478526,+0.671983,+0.719107,+1.211847,-0.869102,-2.696915,-1.428613,-0.658301,-1.172141,+1.080791,+1.834899,+2.090409,-1.612595,-1.305529,
-0.372470,-0.644888,+0.102069,+0.179978,-0.429758,+0.341779,+0.336448,-0.317011,-0.590924,+1.259281,+1.196596,+1.702150,+0.963622,-0.075377,+0.377066,+0.257416,
+0.121445,-0.486334,-1.436051,-1.289176,-2.257828,-0.510703,+0.574505,-0.093227,-0.747480,+0.120889,+0.578614,+1.263659,-1.981840,-0.991028,+0.024284,+0.847064,
+0.211997,-0.343297,-2.096006,-2.868217,-2.507461,-1.517600,-0.985186,-0.193947,+0.096782,-0.136480,+0.611168,-1.525074,-1.721082,+0.672620,+0.649897,+0.905097,

channel --> 12
-0.368040,-0.184572,-0.245307,+1.340936,+0.172161,+0.852724,+1.221353,+1.705985,+1.709929,+1.786158,+1.230045,+1.113775,+1.874252,+2.395934,+1.815866,+1.337045,
-0.609306,-0.636697,-0.415581,+0.791465,+0.485866,+0.892056,+1.538098,+1.038382,+0.904883,+0.910511,+0.553616,+0.147643,+0.479037,-0.155876,-0.465794,+0.904334,
-0.514430,-1.211275,-0.046974,-0.622917,-0.897365,-0.593428,+0.047944,+0.445921,-0.088592,+0.567547,-0.516453,+0.145039,+0.781072,+0.563234,-0.219060,+1.387125,
-0.750594,-0.679378,+0.454860,-1.857141,-1.191266,-0.532573,-0.441195,+0.418297,+0.121499,+0.149962,+0.343466,-0.459947,-2.194749,+0.256530,-1.609398,+0.742502,
-0.304177,-0.573268,+0.759650,-1.415325,-1.731907,+0.832161,+1.015562,+0.439687,+0.222713,-0.606052,+0.003031,+1.217248,-0.106690,-0.972780,-0.772325,+0.106060,
-0.095378,-0.544713,+0.184250,-2.371784,-0.394279,+2.009089,+1.438222,-0.320708,-0.141908,-1.575396,+0.882725,+1.855488,+1.179280,-1.243289,-2.104861,+0.658744,
+0.488779,-0.129333,-2.473381,+0.634194,+0.933923,+0.767162,+2.193864,+1.351677,+0.995221,+1.313811,+0.598969,+0.778126,+1.321638,+0.504917,-0.094949,+0.234922,
-0.299362,-2.624077,-0.383355,+0.584322,+0.383658,+2.097583,+0.611516,-0.553287,+1.555525,-1.386035,-0.510745,+1.647481,+3.216730,-0.609619,-1.604467,+0.448705,
-0.685889,-1.705189,-2.802202,-3.288079,+1.815412,+2.066205,-1.151322,-2.902918,-1.868002,-2.513169,+1.857410,+1.100331,-0.073952,-1.897952,-1.891284,+0.575936,
+0.291356,-1.027512,-0.729279,-1.373003,+3.564932,+2.119562,+1.106049,-0.980801,-0.755450,-0.282362,+0.879422,+2.058840,+1.538426,-0.274885,+0.099540,+0.336344,
-0.795911,-1.347237,-0.537045,-0.316695,-0.399597,+0.396655,-1.011649,-0.768753,+1.539513,+0.563392,-1.410212,-0.081230,+0.083353,-0.062971,+0.312876,+0.173036,
-0.488224,-2.272719,-1.616971,-0.930850,+0.112306,+0.509709,+0.327616,+3.803000,+2.747695,+1.329033,+0.290691,+0.056680,+0.275404,+0.532672,+0.496859,+1.276239,
-0.278256,-1.721757,-0.765311,-0.223321,+0.469612,-1.221599,+0.213779,+0.666039,+0.435543,+1.304949,+1.338984,+0.447511,+0.348212,+0.558694,-0.082030,+1.151257,
-1.032237,-2.152546,-1.610536,+0.221973,+0.474923,+0.832365,+1.321851,+1.302830,+1.788638,+1.605533,-0.305039,-0.352095,-0.642283,+1.107568,+0.716588,+0.245390,
-0.120559,-0.245301,-1.166417,-1.104808,-1.653293,+1.266676,+0.443507,+0.008234,+1.008439,-0.063049,+0.284402,-0.724827,-2.361735,-1.298293,+0.584599,+1.067809,
-0.692479,-0.440169,-1.553365,+0.100105,-1.449866,-1.731256,-1.085361,+0.622888,+1.337822,+0.881798,+1.070897,-0.684834,-1.690691,-1.392010,-0.417170,-0.250220,

channel --> 13
-0.263556,+2.032057,+0.515386,+0.044479,+0.145353,+0.083093,-0.550258,-0.645921,-0.450796,-0.395962,-0.171872,+0.311205,+0.264651,-0.004708,-0.742618,-0.469799,
-0.641520,+1.401335,+0.657781,+0.638799,+0.749698,+0.104247,+0.295840,+0.531580,+0.677970,+0.498825,+0.898973,+0.997435,+1.315265,+2.509866,+0.182369,-0.969527,
-1.302969,+0.957675,+0.523159,+2.227664,+1.834686,+0.033268,-0.397539,-0.814643,-0.510482,-0.477864,+0.558032,+0.588061,+1.831922,+1.723907,+1.657828,-1.053517,
-0.975274,+0.785554,+1.118515,+1.787150,-1.216340,-2.169544,-2.060597,-2.037521,-2.137820,-2.025784,-1.933692,-1.391657,+0.179280,+1.799667,+2.557726,-0.698186,
-0.845897,+0.915958,+0.423978,-0.061173,-2.302838,-1.776342,-1.682047,-1.852806,-2.192191,-2.088055,-1.946506,-1.424625,-1.680541,+0.253872,+2.032111,-0.844842,
-0.847887,+0.717629,+1.249322,-0.804353,+1.017129,+1.003516,-0.068762,-1.641077,-2.012752,-0.791943,+1.629223,+0.480502,-0.971252,-0.541231,+2.635058,-0.805452,
-0.676935,+1.217552,+2.137455,+1.772553,+1.221758,-0.332866,+0.104571,-0.994306,-1.574722,-0.090401,+1.203965,+0.779943,+0.705795,+0.195985,+3.643030,-1.463676,
+1.125075,+3.800162,+3.764949,+3.097748,+0.131703,+0.920243,+0.883141,+2.412487,+2.253645,+3.311822,+2.048766,+1.544809,-0.166283,+1.878978,+3.519961,-1.540051,
+1.259568,+2.789566,+2.337368,+2.623634,+0.633420,+0.214463,-0.417336,+3.778424,+3.012456,+3.121899,-0.072968,-0.030885,-0.475226,+2.541084,+1.619565,-1.541362,
+0.865426,+1.565930,+0.685425,+1.739121,+0.708246,-0.615114,+0.136862,+2.503857,-1.684556,+1.762275,+1.814589,-0.807622,-0.635729,+0.916964,-0.303717,-1.283985,
-0.067130,+0.779711,+1.839940,-1.543129,-1.674750,-1.524272,+0.876923,+1.631005,-0.394908,+0.737379,+1.835111,-1.668954,-1.543282,-1.323145,-0.681036,-1.470619,
+0.570025,+2.620769,+1.544436,-1.951868,-1.929950,-1.447216,-0.797317,+0.983968,-0.079136,+0.946779,-0.919067,-1.445648,-1.874897,-0.907937,-0.446886,-1.796205,
+1.396954,+0.848585,-1.809060,-1.889205,-1.976859,-1.658274,+0.211480,+1.597362,+1.086832,+0.029469,-0.068422,-1.691868,-1.488408,-0.647938,-0.519836,-0.686957,
+1.090087,+1.712220,-1.378622,-0.647160,-1.295866,-1.393340,+0.431544,+0.283639,+0.232081,-0.093304,-0.771472,-1.830365,-0.931622,+0.854804,-0.609730,-1.228735,
-0.334767,+1.451755,-0.168148,+1.499617,+3.022489,-1.204663,-1.205480,-1.345047,+0.006431,-0.987069,-1.782398,-1.947608,+2.659426,+1.250615,+0.050952,-0.592769,
-0.612218,-0.460069,+2.907040,-0.511170,+3.464174,+1.839910,-1.306777,-0.591659,-1.071519,-1.270434,-1.298840,+1.553188,+2.823718,+0.378303,-0.352097,-0.418317,

channel --> 14
+0.622367,+0.533216,-0.065910,+0.486699,+0.941592,+0.302905,+0.123313,+0.251237,+0.149080,+0.227798,+0.036494,-0.441748,-0.527408,+0.491313,+0.246002,+0.682296,
+0.063096,-1.316892,+0.065358,-0.226033,-0.732110,-0.179144,-0.511642,-1.585790,-1.004181,-0.721173,-0.879323,-0.274126,-0.881675,-0.965223,+0.397976,+1.382615,
+0.602423,-0.329499,-0.548897,-1.367657,+0.955857,-0.556697,-0.784361,-1.220203,-0.926276,-1.486030,-1.241106,-0.213548,+0.092693,-0.626500,-0.806340,+1.950574,
+0.700754,-0.760851,-1.392213,+1.069325,+2.784123,+0.918620,+0.563022,+0.156252,+0.171967,+0.512872,+0.513520,-0.320600,-0.191594,-0.540870,-0.933758,+0.921639,
+0.369020,-1.392825,-0.990529,+2.417938,+3.907390,+1.534137,+0.763636,+0.951692,+1.157249,+1.826884,+1.800145,+1.237181,+1.290535,-1.210753,-1.052693,+1.312513,
+0.422233,-0.914554,-1.354710,+3.686638,-0.389858,-1.212635,-1.321071,-0.346677,+0.088695,-1.370901,-3.090248,-2.100122,-0.191276,+2.048613,-0.165362,+2.377309,
-0.006010,-1.205019,+2.231088,+0.135723,-0.587341,-0.812355,-1.137495,+0.191052,+1.150182,-1.280299,+0.238121,-0.329446,-0.320567,-1.485493,+0.001656,+1.812846,
+0.721380,-0.685785,-0.191847,+1.023804,+1.828561,-0.825483,-0.946618,+1.828553,-1.869100,+0.322607,-0.526783,-1.042299,-0.747520,+1.065582,-0.551763,+1.666075,
+0.029469,-0.745588,-1.756505,+2.307102,-0.137065,-1.208878,+2.301325,-0.582699,+2.148769,+1.077418,-0.681773,-0.368364,+1.335160,-0.734400,+0.612877,+2.042281,
-0.373343,-0.747702,-1.032587,-0.137856,-0.522721,-0.868853,-1.018338,+0.564583,+1.632986,-0.495381,-0.395832,-1.149821,-1.513475,-0.549140,+0.579516,+0.907486,
+0.852973,-0.578004,-0.209149,+1.296220,+0.501203,+1.060859,+0.737732,-0.169967,-2.998016,-2.762154,-0.133131,+1.894021,+0.577594,+0.539643,+0.333947,+0.573848,
+0.208467,-1.145574,+2.549958,+2.317863,+0.380676,-0.643157,-0.241225,-0.799186,-0.814515,-0.301335,+1.421861,+0.473704,-0.607868,-1.783098,+1.870807,+1.072369,
+0.027328,+2.322951,+1.750782,+0.940983,+0.777709,+1.405149,-2.656772,-1.437705,-0.983253,-1.758890,-1.689998,-0.152847,+0.811139,+0.019957,-0.209163,+1.435952,
-0.489174,-0.699902,+2.043096,+1.277229,+1.178003,+0.330406,-0.504840,+0.614862,+0.048532,+0.221502,+1.298223,+1.656668,+1.723535,+1.334469,+1.214123,+0.377520,
-0.396695,-1.684041,+0.715195,+0.889728,-1.131248,+0.833433,+1.667740,-0.034296,-1.047324,+0.740019,+0.853630,+1.496763,-1.787269,-1.100845,+0.764437,+0.861101,
+0.114131,-0.955428,-2.083329,-1.380320,-0.654507,-0.231261,+0.641105,-0.661525,-1.330124,-0.958126,-1.006992,-0.418295,-1.096023,+1.405340,+1.400300,+1.360784,

channel --> 15
+0.534483,+0.751541,+0.554517,+1.208055,-0.206348,-0.736319,-0.817243,-0.866583,-0.599500,-0.481885,-0.627107,+0.064374,+2.681039,+4.471090,+1.841442,+0.840411,
+0.382665,-1.192269,-0.624764,-0.126177,-2.203031,-3.023085,-2.215563,-1.870664,-1.954862,-2.158797,-2.223738,-2.397364,-0.439440,+2.829751,+2.782496,+0.249604,
-0.016238,-1.500040,-1.714176,-1.719951,-0.296739,+1.184916,+1.550886,+1.591521,+1.387252,+1.186050,+0.355752,-1.154343,-2.981873,-0.991584,+3.251829,-0.432442,
+0.185202,-1.343168,-1.393431,-0.197887,+0.866592,+0.316136,+0.584211,+0.233480,+0.540676,+0.439343,+0.125020,+0.758309,+2.366635,-1.812715,+0.733942,+0.921728,
+0.211591,-0.372198,+0.268428,+0.589441,+0.401306,+0.800312,+0.791372,+0.584001,-0.013453,+0.407671,+1.052699,+1.355550,+0.019868,-0.715247,-0.854422,+0.757434,
+0.223320,-0.132409,+0.106590,-0.367625,-2.029600,-0.937522,+0.633088,+1.810263,-0.248844,-1.636580,-1.992990,-0.223237,+1.309967,+0.833755,-0.544662,+1.235570,
+0.495905,-0.948515,-0.627408,+0.884672,+0.158283,+0.578377,+0.932811,-0.650849,+0.423701,-0.812546,+1.133765,+1.823557,-0.640053,+1.608860,+0.883015,+1.736884,
+0.032773,+0.214047,-3.015350,+0.558980,-1.404679,-1.876934,-0.631029,-0.779924,-1.367100,+1.550863,-0.611342,+0.940461,+0.430749,-0.539278,+0.523611,+0.805826,
+0.243652,-1.205697,+0.412246,-0.308922,+1.100125,+1.177701,+0.250709,-3.345696,-1.273519,-1.146342,+2.862135,+1.348023,+0.490835,-1.878740,-0.405102,+0.027128,
-0.380744,-0.399507,+1.975461,+0.817185,-0.355275,-0.140513,-1.343243,+1.100653,-0.075626,+1.010743,-0.312292,+0.363610,-0.842023,+0.722974,+0.814524,+0.257571,
+0.569966,-1.414955,+0.770585,+1.307168,+0.553520,+0.589112,-1.178854,+0.029355,-0.117270,+0.728416,+1.495030,+0.154468,+0.521813,+0.346171,+0.598010,+0.403606,
+0.446460,+0.451974,+0.844148,+0.347180,+0.258088,-0.102914,+0.444380,+0.521231,-0.467313,+0.155108,+0.865353,-0.019716,+0.397964,-0.035373,-0.492314,-0.152290,
-0.385083,+3.796534,+0.899075,+0.426288,-0.361306,-0.789754,-1.341058,+0.462469,+0.157716,-0.172811,-0.509871,-0.407616,-0.054948,+0.305736,+2.046888,-0.065028,
+0.937838,+1.647073,+1.374917,-0.279122,+2.183463,-1.399681,-0.753215,+0.101306,+0.529932,+0.650513,+0.605559,-0.632829,+0.190416,+0.382879,+0.516888,+1.601030,
+0.720042,-0.298321,+3.071523,-0.325215,+1.082773,+1.927008,+0.646137,+1.242572,+3.121267,+2.142274,+0.550146,-0.647871,-1.174871,+1.742955,+0.529552,+0.634702,
+1.950597,-0.307560,-0.299561,+2.708374,+0.114312,+2.642859,+1.705619,-0.298558,+0.907887,+0.469897,+0.233987,-0.918763,-0.703161,+1.180269,+0.811899,+0.715051,

channel --> 16
+1.418286,-0.144688,-0.849475,+0.503312,+0.343562,-0.117163,-0.056115,+0.386985,+0.079548,-0.032724,+0.017524,-0.452940,+0.022854,+0.962542,+1.222165,+0.739434,
+0.658566,-0.177060,-1.285921,-0.813845,-0.707422,-1.058568,-0.879204,-0.800685,-0.511612,-0.668692,-0.389846,-0.833974,-2.176655,-2.966160,-0.050240,+1.041602,
+0.442392,+0.176177,-1.016369,-0.973871,-1.563177,-0.564818,-0.101465,+1.042560,+1.193608,+0.989363,+0.121198,+1.160998,+0.198470,-2.918502,-3.445075,+1.322996,
+0.401552,+0.265364,-0.787053,-1.588089,+0.846890,+1.737129,+1.342082,+1.286262,+1.183787,+1.343125,+1.634076,+1.986395,+1.086253,-0.473180,-3.110823,-0.217921,
+0.429144,+0.271886,-0.402403,+0.512073,+1.736613,+1.346647,+0.844440,+0.903880,+1.198664,+1.134476,+1.495276,+0.954414,+1.421671,+1.434855,-1.456217,-0.042886,
+0.563279,+0.335055,-0.325810,+1.359255,+0.367209,-1.660361,-1.784036,-1.832394,+0.095197,-0.005701,-0.982157,-1.971358,-1.506463,+0.107412,-1.077295,+0.450934,
+0.461409,+0.078286,-1.506209,-0.743531,-0.355175,-0.361438,-0.348089,-0.483142,-0.718298,+0.387958,-1.075549,-1.865904,-1.063745,-0.782299,-0.913177,+0.002132,
+0.717389,-0.155026,+0.038510,-2.176205,+0.573715,-0.152501,-0.475361,+0.641102,-1.778434,-2.744096,-0.206415,-1.346030,+0.202212,+0.348901,-2.908887,+0.223706,
+0.013650,-0.617472,-1.079126,-1.261293,-1.140065,-0.372507,+0.774298,+0.003313,-0.816890,-1.577366,-2.165183,+0.375970,+0.469202,+0.317876,-1.207755,+0.269571,
+0.329151,-0.335002,-0.614866,+1.595279,-0.878396,+0.061749,+0.171040,-0.772028,+0.882845,+0.954320,-1.562373,-0.182066,+0.576108,+0.263381,+0.692572,+1.467282,
+0.109396,-0.135144,-2.316771,+0.151265,+1.428386,+1.421967,+1.118598,-0.080040,-0.568907,-0.250018,-0.443103,+0.746300,+0.817430,+0.935880,+0.620440,+1.585037,
+0.222890,+0.124813,-1.467040,+0.204808,+1.015305,+1.579366,+1.198362,+0.231653,-0.221287,-0.594986,-0.011465,+0.888712,+0.444050,+1.208414,+0.389010,+0.728757,
+0.861187,-0.885772,+1.591487,+0.992914,+1.262808,+1.147376,+0.378996,-0.767473,-0.232026,+0.017904,-0.251354,-0.332481,+0.488908,+1.223106,-0.017800,+0.510598,
-0.210408,-0.594542,-0.193043,+0.778321,-0.552762,+0.778506,+0.958180,+0.280115,+0.180353,+0.024352,-0.137703,+0.264486,+1.033384,+0.988078,+0.033636,+0.996359,
+0.714005,-0.031600,-0.691468,-0.661437,-2.426914,-0.801866,+1.723654,+1.741920,+0.775953,+0.878075,+1.160233,+1.350528,-0.315648,-1.076490,+1.261724,+0.380681,
-0.619108,+0.162946,-2.101340,-0.787213,-1.308183,-3.415891,-0.779729,+0.065038,-0.341227,+0.063867,-0.129131,-0.419257,-2.101719,-1.374379,+0.607967,+0.858933,

channel --> 17
-0.823811,-2.400910,+0.757617,-2.409738,-0.859229,-0.669374,-0.307479,-0.634952,-0.512513,-0.632905,-0.463417,+0.171645,-0.589173,-2.325832,-1.510811,-1.243518,
-0.307965,+0.572721,+0.398954,+0.553885,-0.215002,-1.365352,-1.840503,-1.069796,-1.408533,-0.956805,-1.271812,-1.278944,+1.011788,+2.010473,+0.900272,-1.478476,
-0.142481,-0.267737,-0.059309,-0.806960,-2.132804,-1.275065,-0.831556,-0.867101,-1.233633,-1.076766,-1.366457,-2.955392,-2.047212,+0.042317,+2.851051,-1.639471,
-0.138794,+0.218907,+0.156627,-1.083606,-1.468130,-0.372179,+0.146262,+0.112503,-0.031910,+0.007402,-0.350091,-0.475077,-1.934111,-1.513120,+1.942243,-0.319938,
+0.162377,+0.282916,-0.127338,-1.057848,-0.410178,-1.101622,+0.323931,+0.255788,+0.033514,+0.115597,-0.208560,-0.584739,-0.030870,-0.520734,+0.963614,-0.801928,
+0.146192,+0.169741,+0.423587,-1.538490,-0.634445,+0.298325,+1.571325,+2.657032,+1.161512,-0.141039,+0.096690,+1.471603,+3.607838,+0.738196,+0.918233,-1.348360,
+0.219849,+0.105851,-0.279263,+0.949445,+1.091401,-0.909084,-0.389893,+1.152702,+0.317162,+1.550837,+0.176751,-0.567844,-1.054204,+2.641746,-0.750115,-0.912329,
-0.494593,+0.024659,-3.093431,-1.307723,-2.560453,-1.984404,-0.990219,-1.749666,+0.355472,+1.356754,-0.823152,-0.767313,-0.523173,-2.167776,-0.358648,+0.001480,
-0.778945,+1.599799,-0.549546,-0.348252,+0.644526,+1.188465,-2.000673,-0.900544,-2.866719,-0.119498,+2.291620,-0.050696,-1.539311,-0.757274,-1.084503,-0.481997,
-0.589996,+0.939831,+1.399762,-2.646602,+0.466991,-0.163524,+0.014435,-1.135357,-0.706804,-1.432571,+0.917134,-0.499584,-0.272013,-1.141527,-0.714207,-1.378069,
-0.049709,+0.938118,+1.875460,+0.665798,-0.705359,-1.421582,-0.702628,-0.613018,+3.423519,+2.817786,+1.204831,+0.000056,-0.343016,+0.313348,-0.550157,-1.134612,
+0.191143,-0.018468,-2.544436,-0.387062,+0.043503,+0.602512,+0.105481,-1.133365,-0.031718,-0.985027,-1.359616,-0.123980,+0.766710,+0.689331,-1.585202,-0.411162,
-0.732435,+0.368639,-0.533595,+0.582586,+0.370849,-0.813687,+0.120812,+0.211992,+0.916718,+0.423529,+0.976831,+1.123121,+0.527746,-0.254156,-0.485632,-1.521606,
-0.250278,+2.044162,+1.123698,+0.447795,+1.524186,+0.455737,-0.899320,-2.311497,-0.471920,+0.420836,-0.707548,-0.120718,+0.862015,-1.709752,-0.629571,+0.310836,
-0.792795,-0.857031,+3.370368,-0.838277,+3.186269,+1.753249,-0.291194,-1.192664,-0.389885,-0.793558,-0.065293,+0.109766,+1.274496,+1.171408,-0.715890,-0.555628,
+0.460327,-0.103323,+0.689733,+2.533832,-1.010967,+3.633044,+2.992705,+1.711851,+1.593951,+1.307453,+1.670483,+1.105325,+2.125427,+1.050606,+0.162751,+0.431653,

channel --> 18
+0.453142,-2.269270,-0.422061,-0.379902,-0.414063,-0.287735,+0.298882,+0.908311,+0.569384,+0.901398,+0.869367,+0.054624,+0.036022,-1.100592,+0.330155,-0.369529,
+1.055944,+0.569867,+1.747377,-1.161114,-0.213207,-0.740754,-0.851431,-0.988285,-0.473992,-0.866744,-1.190500,-0.528982,+0.535912,-2.084112,-2.738588,-0.093846,
+0.915703,+1.281588,+0.386924,-1.520391,-0.098990,+1.093900,+0.788108,+0.908235,+0.969698,+0.875882,+0.925487,+0.328504,-0.825585,+0.483478,-2.320963,-0.262981,
+0.988722,+0.887157,-0.342290,+0.460397,+0.570171,+0.882223,+1.267537,+0.940915,+0.888337,+0.730647,+1.498908,+1.136074,+0.164678,-0.341407,-0.404232,-1.073169,
+0.481395,+0.711041,-0.006861,+0.860824,+1.371059,+0.636740,+0.808706,+1.186967,+1.383744,+1.361026,+1.179990,+0.867000,+0.062349,+0.271858,-0.046531,+0.360099,
+0.688547,+1.421471,-0.435538,+0.675296,-0.841159,-1.702950,-0.104250,-0.664666,+0.490015,+1.399399,-1.125673,-0.709757,-2.302547,-3.453547,+0.220700,+0.151505,
+0.084397,-0.835425,-0.550816,-1.927429,-2.452572,+0.276974,+1.317371,-0.678731,+0.734007,-0.911462,-0.906008,-0.200460,-0.547181,-3.656336,-4.282443,-0.234824,
-0.274953,-0.584528,-2.598654,-3.765181,-0.889683,-1.706338,-1.095386,-0.516764,-0.742584,-4.496499,-2.477525,-3.362567,-2.821751,-0.464792,-2.518960,-1.943354,
-0.856400,-0.059230,-0.851976,-1.257693,-3.898177,-0.204516,+1.070865,-3.268493,-0.711583,-1.671893,-4.585374,+0.776739,+1.398664,-1.819524,+0.507916,+0.124945,
-1.068015,+1.267981,-0.835958,+0.746122,-2.275623,-0.022399,-2.288318,-1.120084,+1.266886,+0.043831,-2.049199,-1.419234,-1.448175,+0.319435,+1.167359,+0.798310,
+0.679102,+1.293040,-2.402926,-2.171533,+0.973853,+0.845532,+1.295295,-2.018076,+0.195602,-1.357217,-1.684774,+0.082157,+1.019989,+0.848419,+0.797819,+1.174116,
+0.585492,-2.309011,-0.417033,+0.765443,+0.176978,+0.255076,+1.271806,-0.086548,-0.508462,-0.296651,-0.755096,+0.603107,+0.768527,+0.027355,-0.134631,-0.837800,
-0.517269,-1.682960,+0.597429,+0.661039,+0.410739,+1.669731,+1.318719,-0.974797,+0.683352,-0.168599,-0.946358,-0.387893,+0.440480,+1.422776,-1.104941,-0.258417,
+0.342103,-0.996029,-1.713422,-0.210035,-2.228005,-0.929554,-0.209047,+0.596587,+0.405539,+0.071649,+0.775288,+1.039178,+0.072925,-0.310546,-1.257242,-1.432750,
+0.268936,+1.486819,-2.758541,-2.358112,-4.428813,-3.383596,-0.158710,+0.244183,+1.237158,+0.657208,+1.321140,+1.763197,+0.079771,-0.508636,-0.088832,-0.370918,
-0.255313,+1.201490,-0.639754,-2.805341,-1.852093,-3.101091,-1.255033,-0.657236,+0.444885,+0.759097,+0.595483,-1.136398,-1.169436,-0.115074,-0.058113,+0.683256,

channel --> 19
-1.245883,+0.277520,+0.057699,+0.270324,-0.673612,-0.583435,-0.170894,-0.290731,+0.119405,-0.184563,-0.076868,-0.186782,+0.520943,-0.325035,-0.286248,-0.846516,
-0.336844,-1.239582,-1.372093,-0.453689,-0.554517,+1.720758,+3.424472,+2.728621,+2.461052,+1.826767,+1.882544,+0.272075,+0.081429,+0.968237,-1.857672,-0.001005,
-0.792772,-1.315245,-0.278216,+1.034205,+2.539160,+1.342006,-0.509613,-0.744399,+0.168857,-1.230406,-0.121139,-1.104562,-0.147257,-0.516730,+0.387736,-0.171602,
-0.959727,-0.687037,+0.050827,+0.870965,-0.271342,-1.285948,-1.465258,-1.064247,-0.888328,-1.340387,-0.775536,-0.106220,-1.016741,-1.809548,+1.543465,-0.325844,
-0.624868,-0.356273,-0.663057,+0.119403,-1.057692,+1.222884,+1.065153,+0.320268,+0.343031,-0.303426,+0.474530,+1.789911,-1.523659,-2.762953,-0.650660,-0.631270,
-1.129477,-0.882630,+0.452051,+0.472692,+2.268038,+2.522601,+1.361660,+0.115357,-0.516961,-0.201831,+2.200212,+1.938424,+0.454403,-2.320039,+0.990241,-0.164280,
-0.633390,-0.658650,+2.844134,+2.219953,-2.352604,+0.334734,-1.796574,-1.063654,-0.522667,-1.527677,-1.061203,-0.024378,-0.532028,-0.867519,-1.510606,-0.484980,
-0.852177,+1.099249,+1.318823,+1.469302,+1.351397,+1.960040,+2.023658,-0.502790,+1.030267,+1.376795,+0.150541,+2.883369,+1.198530,+1.323731,+3.479722,-1.004901,
+0.199366,+1.468685,-0.557529,+0.574989,-0.959195,-1.377963,-0.737083,+1.374919,+0.079364,-0.230846,-1.522972,-0.472773,+0.589790,+1.457415,+0.130700,-0.992218,
+0.468114,-0.583772,+1.680863,-0.204104,-0.503739,-0.109891,+0.413050,+0.202787,-0.124388,-1.074761,+0.365920,+0.181852,+1.181872,+0.327213,-0.015656,-0.655988,
-1.915498,-0.366400,+1.359269,-2.205784,-1.015787,-0.486381,+0.234709,+2.291042,-0.812573,+1.629051,-1.787648,-0.626276,-0.696864,-1.107516,-0.246263,+0.228148,
-0.680575,+2.004092,+1.802304,-0.983313,-0.984170,-1.349738,-0.251927,-0.015089,+0.677661,+0.506089,+0.855008,-1.093774,-1.330851,-0.595406,+1.152781,-0.259562,
+0.497273,+1.900686,-0.783927,-0.882857,-1.004089,-0.568775,+1.083639,+1.532460,+0.208101,+0.562065,+0.843094,-1.426002,-1.665222,+0.945683,+0.518059,+0.643797,
-0.725432,+1.519337,-2.670767,-0.730527,+0.288361,-1.390079,-1.022351,+0.464450,-0.028415,+0.369901,-0.181023,-0.733658,-0.722874,+1.111191,+0.125587,-0.201861,
-0.572472,-0.657238,-0.221538,-2.365299,+0.562766,-1.445590,-0.767674,+0.310392,-0.710658,+0.321969,-1.356162,-1.037330,+2.501887,+1.441291,-1.056243,+1.115156,
-0.913075,-0.639339,-0.900454,-1.695838,-1.443964,+0.910014,+0.214936,-0.686337,-0.868077,-0.612168,-0.413621,+1.374419,+0.662464,+1.455347,-0.075597,-0.057913,

channel --> 20
+0.019006,-1.125163,+0.726350,-1.117052,-1.055127,-0.639118,-0.463412,-0.416076,-0.328270,-0.212432,-0.347630,-0.800211,-0.867061,-0.248582,-0.669244,-0.843520,
-1.082625,-0.852877,-1.810731,-0.763266,+1.185989,+2.025309,+1.812391,+2.326145,+2.041535,+1.608415,+2.347170,+1.316875,+0.635688,-0.922066,+0.885429,+0.907041,
-0.588458,-0.345550,+0.289862,+1.935803,+2.913147,+1.083376,-0.177724,-0.497676,-0.515345,+0.244966,+0.459829,+2.219203,+0.857874,-0.937773,-0.382623,+1.403961,
-0.099956,+0.797469,+2.172410,+1.856798,-1.562449,-1.626119,-0.554224,-0.367060,-0.112353,-0.159375,-0.318705,+0.606081,+1.395934,+0.412036,-0.030262,+0.677744,
+0.141880,+0.676714,+1.661509,-0.307491,-2.323860,-1.917718,-0.369334,+0.274738,+0.011834,-0.952163,-1.981314,-1.381656,-0.340420,+0.730444,-0.923965,+0.326523,
-0.180624,-0.550176,+0.828133,-0.089842,-0.997921,-0.644744,-0.281599,+0.531554,+0.358188,-0.604773,-0.668199,-0.290467,+1.457954,+2.009577,+0.219038,+0.913093,
-0.547982,-0.216983,+1.068630,-0.138286,+0.235139,-3.298201,-1.966836,-1.158265,-2.178542,-0.605271,-1.259749,-2.272959,-1.568392,+0.857100,+0.298352,+0.462672,
+1.730416,-0.007625,-0.803163,+0.702443,+0.871288,+0.659787,+1.852853,-0.527840,+0.387953,+1.471315,+1.000691,+1.303346,+1.179644,+0.640755,+1.546206,+0.433131,
+0.703632,-1.858240,+3.449342,-0.470755,-0.787082,+0.002670,-0.767319,-0.104344,+2.890460,-0.999767,+1.038574,-0.788725,-1.082148,-0.168134,+0.198125,-0.372926,
-0.827821,-1.915902,+1.335464,+2.200063,+0.234773,-0.414442,-0.057566,+0.057129,-2.263417,+0.174374,+0.255726,+0.569977,+0.259911,+0.208075,-0.103058,+0.127023,
-0.958085,-0.685138,+0.375736,+0.341623,-0.590656,-0.324570,+0.266074,-1.770188,-0.740706,+0.015714,+1.087952,-0.174142,-0.746024,-1.958788,+0.106895,+0.517376,
-0.426376,+3.140715,+0.701637,-0.339511,-0.149027,+0.106846,-1.312327,-0.712076,-0.209013,-0.939871,-0.790644,-0.469755,-0.200263,+1.210552,+1.444111,+1.073575,
-0.746589,+0.063394,-1.467932,-1.199371,+0.384188,+0.080959,-0.610862,-0.622392,-1.034369,-0.910315,-0.273746,+1.010274,-0.055034,-0.000407,+1.021839,+0.900831,
+1.454946,-1.730986,+0.547152,-0.470393,-0.085909,+1.610465,+1.995695,+0.268925,-0.226471,+0.428819,-0.181491,-0.639327,-0.796195,+1.348869,+0.374199,-0.098053,
+0.014329,-1.329707,-1.065886,+1.765451,-1.437252,+1.277977,-0.128852,-0.927149,-1.119590,-0.976965,-0.817402,-1.058435,-2.968989,+1.427728,+0.776953,+0.021478,
-0.073772,+0.446857,-0.966888,+1.413837,-0.337323,-0.763685,+0.348692,-1.087904,-1.260990,-1.389622,-0.391338,-0.704600,-0.036694,+0.084736,-0.879422,-1.329878,

channel --> 21
-0.328948,-0.276787,+0.754333,+0.846558,+0.695703,+0.853995,+0.601998,+0.430304,+0.340821,+0.469736,+0.954265,+0.535417,+0.342241,+1.582318,+1.080058,-0.091001,
-0.273488,-0.043605,+0.330089,-0.518930,-0.714028,-2.584189,-3.459967,-3.021567,-3.367349,-2.851480,-3.373200,-2.469168,-0.635425,-1.992095,+1.764051,+0.630244,
-0.044287,+0.003617,+0.278383,-0.504339,-2.503232,+0.401745,+0.968791,+0.706569,+0.579981,+0.607470,+0.365399,-1.480083,-3.121227,-0.301183,+0.024275,+0.855803,
+0.287662,+0.042635,-0.563017,-1.936595,-0.294953,+1.142966,+0.792503,+0.368798,+0.635368,+0.703739,+0.780096,+0.847391,+0.315715,-1.289784,+0.085583,+0.056100,
+0.481222,-0.065058,+0.025150,-0.474366,+2.584219,+1.478790,+2.122769,+2.130389,+2.101590,+2.276051,+2.484434,+1.137831,+1.508371,+0.212114,+0.005633,-0.493479,
+0.244068,-0.113288,+0.096324,+1.217820,-0.353896,-3.399044,-1.128064,+1.539965,+1.673446,+1.328665,-2.089762,-1.939973,+0.829260,+2.982079,+0.335868,-0.061855,
-0.341531,+0.194312,-0.963367,+0.702478,-0.589541,+0.710273,-0.273958,+0.602143,+1.295490,+0.412841,-1.834594,+0.652811,-1.005030,-0.289654,+0.872315,+0.570957,
-0.273487,-0.995759,-2.321306,-2.389604,-0.063952,-1.017891,-1.398795,-1.714093,-0.395131,-1.883371,-1.147310,-2.305586,-1.983733,-2.279788,-1.419672,+1.286665,
+0.353958,-0.616696,-0.589215,-1.346294,-0.253208,-0.350595,-0.864727,+0.395179,-5.077739,-1.872247,+1.540114,-0.521989,-0.808008,-0.102206,-2.888369,+0.615174,
-1.456460,-1.065572,+0.467332,-2.064486,-2.326060,-1.039850,-0.252999,-2.466365,+2.731418,-0.301580,-0.375173,-0.223494,-0.905314,-2.246389,+0.061407,+0.481038,
-0.110929,-0.135440,-3.264449,+1.248467,+1.113304,+0.301988,-2.437836,-2.447268,-1.586613,-0.701054,-1.000827,+0.657331,+0.295927,+0.329556,-0.616065,+1.166626,
+0.680856,-0.779490,-2.572360,+1.624474,+0.979999,+0.285470,+1.749635,-0.957671,-0.328105,-0.747294,+0.100479,+0.712813,+0.753475,+0.186284,-1.065964,+0.674923,
-1.018560,-1.424501,+0.746191,+1.939490,+1.135543,+0.717050,-0.732011,-2.598376,-1.727479,-1.365873,-1.996280,+0.153522,-0.019201,-0.158590,+1.166448,+0.379395,
-0.239982,-1.112999,+2.635841,+0.646931,+2.966996,+1.717565,-2.322685,-2.474057,-2.261153,-1.962292,-1.347498,+1.404262,+1.964914,-0.415800,-1.189506,+0.544550,
-0.271986,-1.386168,+1.191787,+1.172974,-1.216391,+3.612599,+1.135491,+1.208794,+0.736374,+0.593685,+1.558471,+1.600679,+0.160377,-1.226243,-0.428730,-0.153665,
+0.770751,+0.526281,-0.742669,-0.151079,-1.021351,-0.861826,+1.753742,+0.420199,-0.340006,+0.188300,+0.336114,-0.024753,-1.834059,-0.670963,+0.918256,+0.326844,

channel --> 22
-0.206564,-1.096656,-0.729474,+0.440546,-0.108667,-0.239694,-0.053489,-0.219819,-0.232113,+0.055297,-0.027906,-0.730612,+0.162723,-0.771826,-0.580999,-0.916964,
-0.649782,+0.118416,+0.388884,+1.709355,+0.298933,-0.561343,-0.050523,-0.670479,-0.518112,-0.871971,-0.418562,-1.554259,-1.739215,-1.454393,+1.896737,+0.939106,
-0.161613,-0.198797,+0.719640,-0.156748,+0.278569,-1.423769,-1.559388,-1.459380,-1.168356,-1.917557,-1.712714,-1.244405,-1.356635,-2.758291,+0.407247,+0.854192,
+0.065161,-0.504848,-0.475468,-0.868344,+1.192842,+0.915508,+0.304810,+0.220980,+0.254132,+0.185100,-0.084896,-0.377284,-1.875917,-3.023653,-2.170099,+0.825031,
+0.105889,-0.573156,-1.394253,+0.478086,+2.679025,+1.969261,+0.643744,+0.199628,+0.483558,+1.044808,+1.644511,+0.744576,+0.526359,-2.277564,-2.987545,+0.252349,
-0.019224,-0.706922,-0.552774,+1.599755,+1.494008,-0.277248,-0.767034,+0.778887,+0.818170,+0.958612,-0.129301,-0.681574,+1.669400,-0.590834,-2.426601,+0.375760,
+0.627162,-0.362816,+0.708792,+1.610160,-0.470923,+0.087370,-0.922447,+0.696037,+1.120288,+0.701833,-0.517008,-0.481187,-1.499007,+0.095811,-0.552396,+0.383795,
+0.365588,+1.708225,+0.795961,+1.839293,+0.817994,-0.407928,+0.988576,+1.072962,+0.261026,+2.765193,+0.024585,-1.356868,+0.784052,+1.427334,-2.193916,+2.266970,
-0.670303,+0.016090,-2.629030,-1.001948,+0.970451,-0.711999,+1.525648,+2.276696,+0.417229,-1.330729,-0.654938,-0.729148,+1.209162,+1.644973,-1.099204,+1.367408,
+0.118080,-1.007678,-0.508898,-0.957402,-1.143301,-0.512024,+0.868907,+0.465005,+1.252494,-1.298157,-2.193255,+0.019447,+0.481952,+0.450232,+0.203062,+0.476183,
-0.033919,-0.864159,-0.480698,+0.371923,+0.260330,+0.486055,+0.285030,+2.462544,+0.844960,+0.255133,+0.889497,+1.170264,+0.201603,+0.297973,+0.246250,+0.351851,
+0.441269,+0.586852,-0.935538,+1.122474,+0.422924,+0.591567,+0.552651,+0.033208,-0.184595,-0.993833,+1.509625,+0.379575,+0.121300,+0.036661,+0.245386,+0.436966,
+1.546338,+0.381548,+0.920167,+0.873928,+0.529339,+0.500960,+0.341672,+0.976221,+0.685630,+0.499021,+0.333742,+0.673234,+0.025787,-0.572475,-0.520171,-0.630185,
-1.223656,-0.629451,+0.790392,+0.464352,+1.225346,+0.303785,+0.353848,+0.406009,+1.064471,+1.000053,+0.457260,+0.636794,+1.427191,-0.557914,-0.385356,+0.609044,
-0.571201,-1.204678,+1.556901,-0.330811,-1.371480,+1.036248,+0.479661,+0.756133,-0.490327,+0.618104,+0.421895,+0.893940,+1.390592,+0.103866,-0.459586,+0.237346,
-1.667614,-1.195657,-3.301432,-0.074699,-2.565153,-0.022162,+2.199178,+0.862119,+0.120693,+0.300251,+0.618971,+1.890757,+1.361525,+0.567013,+0.604385,+0.357161,

channel --> 23
+0.084904,-2.409225,-1.064387,-1.243438,-0.537661,-0.792827,-0.453409,-0.360110,-0.574180,-0.443823,+0.033716,-0.940923,-1.557614,-1.542362,-0.774528,-0.841865,
+0.045638,+1.323253,+0.274567,-0.939862,+0.293035,-0.030727,-0.087581,+0.419902,+0.450806,-0.188943,-0.339368,-0.502468,-0.184610,-5.628736,-0.969849,-0.868922,
+0.189282,+1.560014,-0.168700,+1.174497,+0.573275,+0.962086,+1.190405,+1.134335,+1.045645,+1.447888,+1.457384,+1.302464,+0.013958,-0.721482,-3.248142,-0.851868,
+0.290030,+2.074474,+0.896666,+0.515473,+0.515914,+0.846693,+1.134408,+1.160624,+0.935034,+1.222035,+1.141348,+0.288740,+0.954492,+0.101001,-1.881959,-1.314689,
+0.581220,+2.199651,+0.247967,+0.031146,+0.102696,-0.192818,+0.462402,+0.852826,+1.055782,+0.715106,+0.351825,+0.020789,+0.095255,+1.866314,+0.181424,-0.358071,
+0.580268,+1.687845,+0.018521,+0.227620,-0.791332,-3.112670,-3.162094,-0.885813,+0.511996,+0.496663,-2.682943,-3.276007,-1.957605,+1.515843,+0.055394,-0.488396,
+0.148221,+1.859455,-0.830086,-0.898391,+1.011035,+0.517230,+0.061705,-0.738550,-0.519695,+1.113201,+0.755139,+0.125825,-1.012394,-3.000613,-0.826738,-0.653713,
+0.100743,+0.811407,-1.023877,-1.151306,-1.607251,-0.831989,-0.534504,-0.889340,-2.036062,-1.462178,+0.422514,-3.554775,-2.063094,+0.683558,-3.536386,-1.208220,
+0.422232,+1.658375,+1.549343,-3.862145,-0.878528,+0.479135,-0.328701,+0.114367,+0.193757,-2.301995,-0.452231,+0.532270,-0.295226,+0.955591,+0.260742,-1.253489,
-0.920011,+1.613179,-0.763055,+0.842325,-2.156853,-0.788393,-0.084379,+0.864160,+0.107150,+1.315488,-1.165963,-0.980773,-0.223932,+0.797327,+0.020791,+0.057114,
+0.468110,+1.619455,-3.028832,+0.847694,+0.938036,+0.679271,+0.481009,-1.872958,-0.404578,-1.847147,+0.947815,+0.463577,+1.145163,+1.087955,+0.097894,+0.128520,
+0.686961,+1.519991,-1.004508,-0.213012,+0.854798,+1.035966,+0.734515,-0.154770,-0.937667,+0.054271,-1.269331,+0.709145,+0.910628,+1.152830,-1.235907,-0.605257,
-0.243588,-1.063684,+0.484045,+0.578950,+1.021970,+0.976416,-0.445431,-2.257206,-0.820767,-1.377339,-0.510234,+0.688010,+1.247619,-0.282093,-0.118038,+0.307287,
+0.244281,-2.846466,-0.301035,-1.134416,-0.341133,+1.391307,+1.008704,-0.515108,-0.445997,+0.214160,+0.800496,+0.245721,+0.480173,-0.274717,-1.670169,-0.339609,
-0.242180,-1.148059,-2.804698,-0.262099,-4.674299,-0.064466,+1.021503,-0.009218,+0.360675,+0.243118,+0.542292,+1.080902,+0.487491,-1.604985,+0.185249,-0.804067,
-0.056380,-0.516925,-3.432422,-2.543132,-2.149532,-5.853221,-0.778249,+0.006409,-0.089762,+0.394777,+0.296245,+0.551708,+0.106791,-1.247797,+0.219648,+0.239707,

