channel --> 0
-0.229093,-0.022764,-0.144644,-0.516689,
-0.711951,+0.203212,+0.002988,-0.187042,
-0.206329,+0.432815,-0.045280,+0.159468,
-0.271189,-0.362650,-0.268809,-0.362283,

channel --> 1
+0.032919,-0.084784,+0.046250,+0.271503,
-0.068603,+0.233261,-0.019351,-0.548913,
+0.307639,+0.402286,+0.138497,+0.014589,
-0.350378,-0.049934,-0.306426,+0.044283,

channel --> 2
+0.382283,-0.080304,-0.185899,-0.181752,
+0.145830,-0.052999,+0.144642,+0.202208,
-0.265660,+0.057858,-0.694938,-0.260197,
-0.043948,+0.146739,-0.244761,+0.380003,

channel --> 3
-0.083662,-0.907630,-0.144691,-0.088334,
+0.157080,-0.986880,+0.490760,-0.063849,
-0.036638,-0.651317,+0.929842,-0.184941,
+0.002067,+0.546462,-0.349143,+0.196373,

channel --> 4
+0.085876,-0.058413,-0.103583,-0.122036,
+0.061407,-0.003290,-0.027562,-0.105160,
+0.400086,+0.593253,+0.940839,+0.688164,
+0.358307,-0.144333,+0.008744,-0.072561,

channel --> 5
-0.059233,+0.631659,+0.259204,-0.494544,
+0.036953,+0.192826,-0.163766,+0.407871,
-0.142232,+1.134203,-0.002209,-0.142980,
-0.657058,-0.320813,-0.478604,+0.034390,

channel --> 6
-0.164991,-0.082749,-0.275398,-0.062764,
+0.303818,-0.112836,-0.261454,-0.337791,
+0.047517,+0.295650,+0.383037,-0.239156,
+0.298593,-0.163411,+0.368343,-0.045504,

channel --> 7
+0.092001,+0.038746,+0.048790,-0.224575,
-0.309207,-0.558245,-0.027325,+0.099619,
+0.013714,-0.554216,+0.411396,+0.132906,
+0.225290,-0.187571,-0.163227,-0.274899,

channel --> 8
+0.044372,-0.041859,-0.055670,+0.108182,
+0.168682,-0.127089,-0.271003,+0.000709,
-0.422511,-0.465661,-0.738915,-0.749738,
+0.142116,+0.004043,+0.037048,-0.031251,

channel --> 9
+0.333013,+0.212173,+0.162625,+0.112730,
+0.079779,+0.467333,-0.068800,-0.117292,
+0.070878,+0.106882,-0.131515,+0.695691,
+0.216292,+0.327773,-0.212176,+0.219967,

channel --> 10
+0.053108,+0.270247,+0.303305,+0.109689,
-0.842260,-0.569227,-0.898541,-0.098729,
+0.402756,+0.589141,+0.424495,+0.466846,
-0.161296,-0.144773,-0.090526,-0.400276,

channel --> 11
-0.278152,+0.661400,-0.057237,-0.127473,
-0.204862,+0.359351,+0.183313,-0.062402,
+0.387846,+0.075322,+0.733573,-0.115720,
-0.385353,-0.453531,+0.111733,-0.316826,

channel --> 12
-0.100542,-0.502358,-0.539309,-0.246064,
-0.418108,-1.173625,-0.250850,-0.594444,
-0.093786,+0.425436,+1.109267,-0.107924,
+0.078254,+0.140879,+0.739408,+0.047326,

channel --> 13
-0.565123,-0.378577,-0.475367,-0.237083,
-0.983914,+0.351258,+0.160219,+0.336106,
+0.008250,-0.472223,-0.272179,-0.274409,
+0.116665,+0.023086,+0.302074,+0.704311,

channel --> 14
+0.178720,+0.202323,-0.048010,+0.078114,
-0.709683,-0.127374,+0.329107,+0.221788,
-0.278058,-1.287556,-1.879727,-0.103778,
+0.000405,-0.339100,+0.042157,+0.346895,

channel --> 15
-0.063971,-0.522023,-0.245927,+0.181662,
+0.022012,+0.086599,-0.039389,+0.054067,
-0.673113,-0.106709,+0.224476,-0.703818,
+0.234975,+0.058612,-0.384674,-0.497343,

channel --> 16
-0.070854,-0.022498,+0.917962,+0.072283,
+0.201715,-0.173967,+0.423607,+0.505292,
+0.509101,+0.451598,+0.474142,+0.410319,
-0.043158,-0.322285,+0.333461,-0.004031,

channel --> 17
-0.301867,+0.062366,-0.203380,-0.195271,
-0.391768,+0.388920,+0.114033,+0.069500,
-0.217112,+0.214616,+0.507510,-0.340910,
-0.441666,+0.082021,-0.413210,+0.310710,

channel --> 18
-0.282052,+0.071681,+0.324230,-0.292274,
-0.282292,-0.317169,+0.112271,-1.088074,
+0.048469,-0.069790,-0.545105,-0.664356,
+0.420995,+0.386540,+0.130819,-0.296851,

channel --> 19
-0.145213,-0.265005,-0.364914,+0.058092,
-0.553222,+0.621389,+0.076824,+0.344253,
-0.352070,-0.135077,-0.694229,-0.115858,
+0.040417,+0.065302,-0.115154,-0.039715,

channel --> 20
+0.361824,-0.367137,-0.299430,+0.358168,
+0.053546,+0.513156,+0.069789,+0.400626,
+0.591013,-0.177344,+0.379163,+0.233573,
-0.248392,+0.003666,-0.520603,-0.397215,

channel --> 21
+0.222812,+0.159772,+0.431561,+0.142322,
-0.548368,+0.939452,-0.032971,+0.488994,
-0.274402,-0.155962,-0.284748,-0.420949,
-0.184445,-0.198450,-0.303811,+0.242792,

channel --> 22
+0.321426,+0.260781,+0.133489,+0.464146,
+0.236409,+0.430583,+0.073638,+0.203080,
-0.529732,-0.496094,-0.894234,-0.389977,
+0.162198,+0.219301,-0.146229,-0.073083,

channel --> 23
-0.127719,+0.320896,-0.438730,-0.285654,
+0.428877,+0.939683,+0.113227,-0.040613,
+0.326889,+0.631331,-0.430529,-0.289783,
-0.551579,+0.078902,-0.118239,-0.453212,

channel --> 24
+0.081897,-0.036232,-0.304775,-0.162220,
+0.358122,-0.532010,-0.154980,-0.128876,
+0.261904,+0.186086,+0.283898,+0.176547,
-0.008645,+0.520477,+0.137417,+0.108642,

channel --> 25
+0.119419,+0.018537,+0.431285,+0.145923,
+0.419603,+0.380417,+0.645858,+0.131885,
-0.077619,-0.022753,-0.044389,+0.043782,
+0.170642,+0.250109,+0.334240,-0.337966,

channel --> 26
+0.111631,+0.289255,+0.090378,-0.330617,
+0.027280,-0.034304,-0.694411,-0.225274,
+0.340961,-0.544574,-0.083453,-0.265439,
-0.432655,-0.266697,+0.017644,-0.070504,

channel --> 27
-0.278926,-0.119345,+0.296748,+0.303385,
-0.019520,+0.307268,-0.261147,-0.272591,
-0.137572,+0.489675,-0.379422,-0.193751,
+0.923571,+0.691060,+0.877082,-0.060876,

channel --> 28
-0.367995,-0.266418,-0.260168,+0.282217,
+0.000457,-0.342217,+0.329623,+0.307644,
-0.923294,-0.355069,+0.008022,-0.273448,
-0.074324,+0.377924,+0.145431,+0.390431,

channel --> 29
-0.222327,-0.037424,+0.113344,-0.045317,
+0.101180,+0.224640,+0.370709,-0.021252,
-0.042761,-0.350062,-0.610940,-0.104246,
+0.198294,+0.000706,-0.255852,+0.169730,

channel --> 30
-0.015053,-0.094715,-0.241343,-0.269116,
+0.496485,+0.050281,-0.148516,+0.088291,
+0.150390,-0.332706,+0.258708,-0.772670,
+0.175144,+0.269756,+0.610496,-0.499575,

channel --> 31
-0.312251,+0.304805,-0.255492,+0.390091,
+0.373925,+0.682137,+0.494114,+0.274383,
-0.028324,+0.556707,+0.053304,+0.550951,
+0.172232,+0.553797,-0.160489,-0.858205,

channel --> 32
+0.159636,+0.282549,+0.625824,+0.429116,
-0.446902,-0.004531,-0.153925,+0.057038,
-0.093789,+0.245033,+0.571241,+0.025666,
+0.073405,+0.054876,-0.275966,+0.257269,

channel --> 33
-0.386368,-0.111499,-0.364491,-0.233135,
-0.224021,+0.547621,-0.383560,-0.115947,
-0.217701,+0.005105,-0.303423,-0.116312,
-0.292122,-0.347417,-0.825234,-0.058641,

channel --> 34
+0.534402,+0.680908,+0.715071,+0.589706,
-0.001072,-0.298437,+0.493369,+0.005140,
+0.421431,+0.152987,-0.458017,+0.184511,
-0.202557,-0.324740,-0.079964,+0.176665,

channel --> 35
+0.074969,-0.266994,-0.459530,+0.189959,
+0.134153,+0.065676,-0.156256,+0.891615,
-1.075597,+0.005779,-1.222594,+0.732110,
+0.010524,+0.152403,-0.339638,+0.195365,

channel --> 36
+0.177759,-0.349174,-0.565002,-0.044478,
-0.092494,-0.457643,-0.614511,-0.332353,
-0.322343,-0.728765,+1.002846,-0.556092,
-0.064469,+0.382416,+0.475214,+0.176208,

channel --> 37
+0.176945,+0.327228,-0.277641,+0.035457,
-0.134288,+0.156191,+0.271537,+0.053455,
-0.253600,-0.096260,-0.131424,+0.390578,
+0.142034,-0.205962,-0.040764,+0.246610,

channel --> 38
+0.369436,+0.609425,+0.716543,+0.048059,
+0.149998,+0.003599,+0.288414,+0.170594,
+0.405643,-0.428314,-0.004342,-0.249605,
-0.024706,-0.027785,-0.077076,-0.084017,

channel --> 39
+0.060366,-0.178214,+0.107209,-0.114238,
-0.422793,+0.385425,+0.442672,+0.019286,
-0.569973,-0.259925,-0.650790,+0.129055,
+0.082771,-0.308311,-0.236533,+0.005834,

channel --> 40
+0.188618,-0.192153,-0.161405,-0.171130,
+0.331649,+0.399087,+0.176372,+0.608701,
+0.214521,+0.220584,+0.090591,+0.356533,
+0.310754,+0.280826,+0.309914,+0.092312,

channel --> 41
+0.277167,+0.948431,+0.676626,+0.290356,
-0.410267,+0.711147,+0.313190,+0.076175,
-0.152106,+1.127049,-0.534083,+0.001578,
-0.630372,-0.328472,-0.285143,-0.336441,

channel --> 42
-0.346734,-0.357290,-0.696885,-0.713712,
-0.143877,-0.545094,-0.144975,-0.848390,
-0.248564,+0.387898,+0.149458,-0.611033,
+0.569894,-0.229158,+0.398915,+0.032006,

channel --> 43
-0.276080,+0.143062,+0.202956,+0.259817,
-0.501458,+0.398116,-0.555436,+0.124782,
-0.506309,+0.035115,+0.020823,+0.144041,
+0.153362,+0.126801,-0.367809,+0.395094,

channel --> 44
+0.016335,+0.105413,-0.179514,-0.172139,
-0.176714,-0.362105,-0.517491,-0.475741,
-0.374746,+0.051595,-0.048078,+0.283370,
-0.013943,-0.022746,+0.028882,-0.121900,

channel --> 45
+0.358209,+0.620923,+0.317829,-0.356514,
-0.532251,+0.022418,+0.306807,+0.065494,
+0.212008,+0.528294,+0.585916,+0.196950,
-0.374410,+0.158955,-0.697227,+0.197476,

channel --> 46
-0.157926,+0.121008,+0.062709,-0.165343,
+0.115594,-0.587759,-0.116874,-0.153444,
+0.480609,-0.047684,+0.485076,-0.238579,
+0.344710,+0.407716,+0.115047,+0.021122,

channel --> 47
-0.053755,+0.134834,+0.048610,+0.031867,
+0.598539,+0.751674,+0.436121,+0.072475,
+0.404148,+0.270189,+0.083135,-0.461780,
-0.274423,+0.267948,+0.014223,-0.171068,

