channel --> 0
+0.769121,-0.187797,
-0.041508,+0.441358,

channel --> 1
+0.385783,-0.277036,
+0.537976,+0.315604,

channel --> 2
+0.071440,+0.020276,
+0.272765,-0.521010,

channel --> 3
+1.263532,-0.307399,
+0.689082,-0.559453,

channel --> 4
-2.118865,+0.443506,
+2.306003,+0.672918,

channel --> 5
+0.056210,-0.003715,
-0.099442,+0.477544,

channel --> 6
+1.470537,-0.187653,
+0.152029,-0.262942,

channel --> 7
+0.209520,-3.741023,
+4.164679,-0.767372,

channel --> 8
+0.201834,+1.647148,
+0.106387,+0.206755,

channel --> 9
-0.493629,+2.356213,
+1.117171,-0.934861,

channel --> 10
+0.386628,+0.055167,
+0.488088,-0.106816,

channel --> 11
-0.618891,+1.738071,
+0.340374,+0.405934,

channel --> 12
+0.085832,-0.377108,
+0.768093,+0.580984,

channel --> 13
+0.226388,+1.054941,
+0.109659,+0.011001,

channel --> 14
+0.135096,+0.369923,
-0.086257,+0.032710,

channel --> 15
+0.759414,-0.034793,
-0.082712,-0.011380,

channel --> 16
+0.287241,+0.707816,
-0.030014,+0.077370,

channel --> 17
+0.874424,-0.450834,
-0.275626,-0.205816,

channel --> 18
+0.083047,+1.537513,
+0.303718,+0.042141,

channel --> 19
+0.112672,+0.814828,
-0.020522,+0.199491,

channel --> 20
-0.580783,-3.297388,
+4.993168,-1.262713,

channel --> 21
+0.385205,+0.187325,
+0.751466,-0.289402,

channel --> 22
+0.090135,-0.333110,
-0.030194,+0.200534,

channel --> 23
+0.296456,+0.844311,
+0.300814,+0.175721,

channel --> 24
+0.011555,+0.333608,
+0.656849,-0.078251,

channel --> 25
+0.670744,-0.246161,
+0.746957,+0.137950,

channel --> 26
+0.308047,-0.450392,
+0.762081,+0.149462,

channel --> 27
+0.004639,-0.391082,
+0.208889,+0.287050,

channel --> 28
+0.431705,-0.520300,
+0.820482,-0.253367,

channel --> 29
+0.137891,-0.575469,
+0.777625,+0.405614,

channel --> 30
+0.506180,-0.462732,
+0.430310,+0.118854,

channel --> 31
+0.124927,-0.191500,
-0.082043,+0.255424,

channel --> 32
+0.988688,+0.700976,
+1.484171,+0.069885,

channel --> 33
+0.272713,+1.249526,
+0.096548,+1.004266,

channel --> 34
+0.034228,-0.305752,
+0.560307,+0.033891,

channel --> 35
+0.019013,+0.592031,
+1.658314,+0.275309,

channel --> 36
+0.064897,+1.760753,
+0.104803,+0.985069,

channel --> 37
+0.950121,-0.234552,
+0.315224,-0.181330,

channel --> 38
+0.318952,+0.750885,
+0.248341,-0.108488,

channel --> 39
+0.358768,+0.454268,
+0.083397,-0.144958,

channel --> 40
+0.304755,+0.122788,
-0.276820,+1.025226,

channel --> 41
-0.095393,+1.082472,
-0.039513,+0.527817,

channel --> 42
+0.265457,-0.311563,
+0.308009,+0.523076,

channel --> 43
+0.280010,+0.909768,
-0.078612,-0.053352,

channel --> 44
+0.126165,-0.293444,
+0.354128,+0.885309,

channel --> 45
+0.166922,+0.693765,
+0.202638,+0.070660,

channel --> 46
+0.032019,-0.475136,
+0.506517,+0.774627,

channel --> 47
+0.395480,-0.342603,
+0.386386,+0.754501,

channel --> 48
+0.119362,-0.387906,
+0.482926,+0.306849,

channel --> 49
+0.579642,+0.430014,
-0.487260,+1.264490,

channel --> 50
+0.253448,-0.263384,
+0.491494,+0.019075,

channel --> 51
+0.419173,-0.409032,
+0.508721,+0.388321,

channel --> 52
+0.092888,+0.792508,
+0.049637,+0.905893,

channel --> 53
+0.506486,-0.397276,
+0.918450,+0.008291,

channel --> 54
+0.105086,-0.487310,
+0.190107,+0.578857,

channel --> 55
+0.422313,+0.205531,
+0.412422,+0.127359,

channel --> 56
+0.426741,+3.597858,
-0.091212,+1.331917,

channel --> 57
+0.026927,+0.920651,
+0.202638,+0.749643,

channel --> 58
-0.022930,+3.342636,
-0.111192,-0.133236,

channel --> 59
-0.040673,-0.237509,
+0.612040,-0.009767,

channel --> 60
+0.104713,+0.402042,
+0.064222,-0.055335,

channel --> 61
+0.171231,-0.455223,
+0.343765,+0.311620,

channel --> 62
+0.624668,-0.351855,
+0.875427,-0.103373,

channel --> 63
+0.156407,-0.236751,
+0.064564,+0.630781,

channel --> 64
+0.557896,-0.331066,
+0.825411,+0.005723,

channel --> 65
+0.262601,-0.307859,
+0.175428,+0.668742,

channel --> 66
+1.737383,-0.516783,
+0.495149,-0.588184,

channel --> 67
+0.195896,+0.780018,
+0.080826,+0.117306,

channel --> 68
+0.165858,+0.961253,
+0.135251,+0.046626,

channel --> 69
+0.270513,+0.347445,
+0.408637,-0.223500,

channel --> 70
+0.260447,-0.443393,
+0.459934,+0.285383,

channel --> 71
+0.064481,-0.423881,
+1.161786,-0.641676,

channel --> 72
+0.220966,+1.769768,
+0.421053,+0.163991,

channel --> 73
+0.125694,-0.275745,
+0.091476,+0.500191,

channel --> 74
+0.028499,+0.027493,
+0.124185,+0.341922,

channel --> 75
+0.011870,+1.680720,
+0.215778,+0.095352,

channel --> 76
+0.296687,+1.367078,
+0.158427,+0.090549,

channel --> 77
+0.330993,-0.379919,
+0.357356,+0.138287,

channel --> 78
-0.094036,-0.152923,
-0.014830,+0.201754,

channel --> 79
-0.260660,+0.076443,
-0.137243,+0.830563,

channel --> 80
+0.456983,+0.707411,
+0.150677,+0.044626,

channel --> 81
+0.025788,+1.936190,
+0.338226,+0.161556,

channel --> 82
+0.306352,-0.309179,
-0.139624,+0.229150,

channel --> 83
+0.019625,-0.263484,
+0.077478,+0.688910,

channel --> 84
+1.301492,+0.488817,
+0.094407,+0.300325,

channel --> 85
-0.010766,+0.588590,
+0.015318,+0.175194,

channel --> 86
+1.776791,+0.973460,
-0.749647,-1.053926,

channel --> 87
+0.347714,+0.279033,
+0.371465,+0.307988,

channel --> 88
-0.374350,+3.661020,
+0.563305,+0.474844,

channel --> 89
+0.204406,+0.233540,
+0.009628,+0.298237,

channel --> 90
-0.393547,+1.344100,
-2.321757,+4.361280,

channel --> 91
-0.000517,+0.240289,
-0.426105,+1.193790,

channel --> 92
+0.814198,-0.133161,
+1.496512,+0.068833,

channel --> 93
+0.129565,-0.471804,
+0.525864,+0.224897,

channel --> 94
-0.442908,+1.126947,
+0.571167,-0.280704,

channel --> 95
+2.519050,-0.676631,
+1.211666,+0.585754,

channel --> 96
+0.451894,+1.351964,
-0.029623,+0.021947,

channel --> 97
+0.574906,+1.080720,
+0.095423,+0.039719,

channel --> 98
+0.287356,-0.340375,
+0.815512,+0.412770,

channel --> 99
+0.223198,+0.673874,
+0.378661,-0.147784,

channel --> 100
+0.048277,-0.290859,
+0.247994,+0.292337,

channel --> 101
+0.161155,-0.018996,
+0.311669,+0.463854,

channel --> 102
+0.602874,-0.482654,
-1.105082,-0.359323,

channel --> 103
+0.408369,-0.308873,
+0.005330,-0.497613,

channel --> 104
+0.146383,-0.201814,
-0.002225,+0.090599,

channel --> 105
+0.059870,+1.373008,
+0.369816,-0.129306,

channel --> 106
+0.165148,+1.159155,
+0.082405,+0.026498,

channel --> 107
+0.689502,-0.171241,
+0.283581,-0.518189,

channel --> 108
+0.183618,-0.042811,
+0.633056,-0.111533,

channel --> 109
+0.175038,+1.345273,
-0.155566,+0.377931,

channel --> 110
-0.069266,+2.337387,
+0.107987,+0.752101,

channel --> 111
+0.896198,+1.329872,
-0.101210,+0.548164,

channel --> 112
+0.419627,-0.469284,
+0.677177,+0.334758,

channel --> 113
+0.019244,+1.396765,
+0.157983,+0.175906,

channel --> 114
+0.415896,+2.101484,
-0.108475,+0.439859,

channel --> 115
+0.293088,-0.445781,
+0.493101,+0.277524,

channel --> 116
+1.196063,-0.012566,
-0.107000,-0.294262,

channel --> 117
+0.553762,+0.009696,
-0.114735,-0.416992,

channel --> 118
+1.300576,-0.043266,
+0.076566,-1.916884,

channel --> 119
+0.323194,+2.025599,
+0.099203,+0.229574,

channel --> 120
+1.118648,+2.469172,
+1.086380,+0.666579,

channel --> 121
+0.394002,+1.551656,
+0.202680,+0.111880,

channel --> 122
+0.188640,-0.199582,
+0.550926,-0.043254,

channel --> 123
-0.067645,+0.851381,
+0.547825,-0.612565,

channel --> 124
+0.087374,+1.612096,
+0.542527,+0.276730,

channel --> 125
+0.203836,+0.219834,
-0.329839,+0.979560,

channel --> 126
+0.051633,+0.161462,
-0.247316,+0.537719,

channel --> 127
+0.028388,-0.287734,
+0.159705,+0.296658,

channel --> 128
+0.046823,-0.398476,
+0.301285,+0.500951,

channel --> 129
+0.795418,+1.533528,
-0.283625,+0.359303,

channel --> 130
+0.314094,-0.175509,
+0.040743,-0.132585,

channel --> 131
+0.314129,+2.214839,
+0.195105,+0.322683,

channel --> 132
-4.367190,-3.310645,
+2.161900,-0.282554,

channel --> 133
-0.013959,+0.017354,
-0.145710,+0.237251,

channel --> 134
+0.198069,-0.701698,
+1.093817,+0.403496,

channel --> 135
-0.739991,+2.707834,
+1.723907,+0.571065,

channel --> 136
+0.324810,-0.065163,
+0.086785,+0.340314,

channel --> 137
+0.254696,+2.693331,
+0.188195,+0.562965,

channel --> 138
-0.083674,+0.749130,
+0.058606,+0.178446,

channel --> 139
+0.531228,+1.044169,
-0.042718,-0.016259,

channel --> 140
+0.111757,-0.420702,
+0.638268,+0.462901,

channel --> 141
+0.247510,-0.314883,
+0.855064,+0.100663,

channel --> 142
+0.394841,+2.535693,
+0.329922,+0.290273,

channel --> 143
+0.815933,+0.910716,
+0.163385,+0.489227,

channel --> 144
+0.052597,+0.129169,
+0.564594,+0.007159,

channel --> 145
+0.033917,-0.046393,
+0.051054,+0.177216,

channel --> 146
+0.115410,-0.550650,
+0.653927,+0.395620,

channel --> 147
+0.331229,-0.335983,
+0.120042,+0.262589,

channel --> 148
+0.743031,+0.015332,
+0.110398,+0.146644,

channel --> 149
+0.448020,+0.758047,
+0.284901,-0.444100,

channel --> 150
+0.146224,+1.997385,
+0.207231,+0.116824,

channel --> 151
-0.226064,+1.595006,
+0.552695,+0.016676,

channel --> 152
-0.260864,+0.520424,
+1.331431,+0.640540,

channel --> 153
+0.612925,-0.572070,
+1.244872,+0.423966,

channel --> 154
+0.125959,-0.054349,
-0.189806,+0.949993,

channel --> 155
+0.788913,-0.317027,
-0.432055,-0.352931,

channel --> 156
-0.114486,-0.619382,
+0.928161,+0.412397,

channel --> 157
+0.398220,+2.134597,
-0.086347,+0.307255,

channel --> 158
+0.175955,-0.243805,
+0.162859,+0.408391,

channel --> 159
-0.059063,+0.280935,
+0.000464,+0.132240,

channel --> 160
+0.136677,+1.062274,
-0.044662,+0.671695,

channel --> 161
+0.103085,+1.313582,
+0.227373,+0.071461,

channel --> 162
-0.087202,-0.028674,
-0.108546,+0.621408,

channel --> 163
+0.021650,+1.381441,
-0.031168,+0.541797,

channel --> 164
+0.085701,+0.363114,
+0.156458,-0.240311,

channel --> 165
-0.314899,+2.310910,
+0.363345,+0.117550,

channel --> 166
+0.110886,-0.168642,
-0.342671,+0.413314,

channel --> 167
-0.058886,+0.268898,
+0.253134,+0.536281,

channel --> 168
+0.231323,-0.405663,
+0.297491,+0.256254,

channel --> 169
+0.029190,-0.193060,
+0.072335,+0.357754,

channel --> 170
+0.212087,+2.100662,
+0.048155,+0.372493,

channel --> 171
+0.577976,+0.831927,
+0.291830,-0.125374,

channel --> 172
+0.533630,-0.262395,
-0.139484,+0.019114,

channel --> 173
-0.111309,+0.744768,
+0.815103,-0.080206,

channel --> 174
-0.081355,+0.492184,
-0.122176,+0.693042,

channel --> 175
+0.020043,-0.170136,
-0.239597,+0.601688,

channel --> 176
+0.791390,-0.153333,
+0.711666,+0.417923,

channel --> 177
+0.235413,+0.359895,
+0.333725,-0.252020,

channel --> 178
-0.013788,+0.190842,
+0.274269,-0.251831,

channel --> 179
+0.735828,-0.107271,
+0.674933,-0.428530,

channel --> 180
-0.102661,+0.746817,
+0.286426,+0.050709,

channel --> 181
-0.375446,+0.107499,
+0.153299,+0.454366,

channel --> 182
+1.563599,-0.287073,
+0.009203,-0.538712,

channel --> 183
+0.199190,-0.167601,
-0.235937,+0.477754,

channel --> 184
+0.353102,+0.899934,
-0.176893,+0.144728,

channel --> 185
+0.775661,+0.484733,
-0.116280,+0.513693,

channel --> 186
+0.189969,+0.046757,
+0.016225,+0.375840,

channel --> 187
-0.848208,-0.608027,
-0.140418,-3.085238,

channel --> 188
+0.030516,-0.348630,
+0.214820,+0.692514,

channel --> 189
+0.600644,+2.987701,
+0.137565,+0.528937,

channel --> 190
+0.827193,-0.514849,
-0.109906,-0.496849,

channel --> 191
-0.010920,+0.128598,
-0.228341,+0.681518,

channel --> 192
+0.235687,+1.292397,
-0.364672,+1.723598,

channel --> 193
+0.594956,+3.017090,
+0.042558,+0.615070,

channel --> 194
+0.025416,-0.053482,
+0.222387,+0.586396,

channel --> 195
+0.074214,+0.972140,
-0.330996,+0.620284,

channel --> 196
+0.326984,+2.144394,
-0.343831,+1.245916,

channel --> 197
+0.837285,-0.140944,
-0.155459,-0.341956,

channel --> 198
+0.201351,+0.378492,
+0.181342,-0.199078,

channel --> 199
+0.351247,+1.959778,
+0.272159,+0.300033,

channel --> 200
+0.718401,+0.543973,
-0.432316,-0.133726,

channel --> 201
+0.213920,+1.139222,
+0.126173,-0.125639,

channel --> 202
+0.140188,+1.635865,
+0.324991,+0.168714,

channel --> 203
-0.140583,-0.200221,
+0.203430,+0.173332,

channel --> 204
+0.182297,+1.974058,
-0.140397,+1.085390,

channel --> 205
+0.417193,+0.634578,
+0.271617,-0.110032,

channel --> 206
+0.211135,+0.877913,
+0.400027,-0.076279,

channel --> 207
+0.218654,-0.465597,
-0.271436,+0.545293,

channel --> 208
+0.192264,-0.430203,
+0.619423,+0.933701,

channel --> 209
+0.213794,-0.295748,
+0.148281,+0.451599,

channel --> 210
+1.111637,-0.369753,
+0.789233,-0.103678,

channel --> 211
+0.854857,-0.352982,
+0.423801,+0.036147,

channel --> 212
+0.723399,+0.510040,
+0.107120,-0.202414,

channel --> 213
-0.805159,-1.741257,
+1.883262,+1.899570,

channel --> 214
+0.097290,+0.628074,
+0.275444,-0.208697,

channel --> 215
-0.137345,-0.040971,
-0.117673,+0.430589,

channel --> 216
-0.122895,+1.201382,
+0.448160,+0.035315,

channel --> 217
-0.040847,+0.023117,
+0.712236,+0.370436,

channel --> 218
+0.455155,-0.264797,
+1.415355,+0.016239,

channel --> 219
+0.175537,-0.132610,
+0.163980,+0.187153,

channel --> 220
+1.451422,-0.202494,
+0.531357,-0.196527,

channel --> 221
+0.354286,-0.680066,
+1.074515,+0.326138,

channel --> 222
+0.432350,-0.295852,
+1.422727,+0.189404,

channel --> 223
+0.654759,-0.178878,
+0.330517,+0.449683,

channel --> 224
-0.489817,-0.058469,
+0.117330,+0.508647,

channel --> 225
+0.632764,+0.030555,
+0.241735,-0.360491,

channel --> 226
+0.318609,+0.056632,
-0.249115,-0.055862,

channel --> 227
+0.363460,+2.958622,
+0.509799,+0.449665,

channel --> 228
+1.540087,-0.137203,
-0.218927,-0.469947,

channel --> 229
+1.888637,-0.295261,
-0.804532,-2.660281,

channel --> 230
+0.844215,+0.385326,
+0.219111,+0.912406,

channel --> 231
+0.555314,+2.609153,
-0.214663,+0.468202,

channel --> 232
+0.369088,-0.340690,
+0.852842,+0.265872,

channel --> 233
+0.306915,+1.089668,
+0.161230,-0.003583,

channel --> 234
+0.290481,-0.285011,
+0.169550,+0.087131,

channel --> 235
+0.123411,+1.248642,
-0.029426,+0.520156,

channel --> 236
+0.523483,-0.363715,
+0.793272,+0.345324,

channel --> 237
+0.037563,-0.127935,
+0.529419,-0.003125,

channel --> 238
+0.104661,-0.435006,
+0.088009,+0.151197,

channel --> 239
-2.426866,+1.485578,
+1.508388,-1.002777,

channel --> 240
+0.804783,+1.745386,
-0.028519,+0.476323,

channel --> 241
+0.510234,-0.406208,
+0.475238,+0.242926,

channel --> 242
-0.028402,-0.333036,
+0.865794,+0.093480,

channel --> 243
+0.049121,+0.809089,
-0.068997,+0.303954,

channel --> 244
+0.808550,+0.361185,
+0.219270,-0.465909,

channel --> 245
+0.311665,+1.830678,
+0.372908,-0.029056,

channel --> 246
+0.100542,+2.281833,
+0.306269,+0.166752,

channel --> 247
-0.239732,-0.150009,
-0.135354,+0.410484,

channel --> 248
+0.168445,+0.740257,
-0.219080,+0.168202,

channel --> 249
+1.089737,-4.035239,
+2.250166,-1.354160,

channel --> 250
-0.139300,+0.044853,
-0.009844,+0.061669,

channel --> 251
+0.162479,-0.025109,
+1.017092,+0.451870,

channel --> 252
+3.869273,-1.141921,
-0.486811,-2.062216,

channel --> 253
+0.317820,-0.392572,
+0.390542,+0.375034,

channel --> 254
+0.114026,+0.001199,
-0.011229,-0.266095,

channel --> 255
+0.330811,-0.067490,
-0.073307,+0.370818,

