channel --> 0
+0.109170,-0.069047,
-0.041802,+0.048128,

channel --> 1
+0.037902,-0.093734,
+0.068127,+0.023964,

channel --> 2
-0.063593,-0.071248,
-0.033471,-0.152234,

channel --> 3
+0.184577,-0.039585,
+0.102607,-0.075552,

channel --> 4
-0.294434,+0.014433,
+0.238938,+0.042087,

channel --> 5
-0.016903,-0.028752,
-0.047680,+0.066408,

channel --> 6
+0.226044,-0.034412,
+0.018943,-0.046237,

channel --> 7
-0.047727,-0.718551,
+0.623881,-0.213608,

channel --> 8
-0.009730,+0.234116,
-0.025834,-0.008900,

channel --> 9
-0.243736,+0.147031,
-0.022865,-0.304237,

channel --> 10
+0.060562,+0.011581,
+0.075555,-0.012356,

channel --> 11
-0.139319,+0.175204,
-0.011311,-0.002562,

channel --> 12
-0.051935,-0.144161,
+0.083983,+0.046707,

channel --> 13
-0.006124,+0.119706,
-0.023851,-0.038834,

channel --> 14
+0.013362,+0.065340,
-0.035634,-0.009301,

channel --> 15
+0.093543,-0.036208,
-0.044036,-0.032383,

channel --> 16
-0.022140,+0.052181,
-0.078203,-0.059227,

channel --> 17
+0.085437,-0.122157,
-0.094711,-0.083776,

channel --> 18
-0.036407,+0.201023,
-0.000384,-0.043084,

channel --> 19
-0.025051,+0.106155,
-0.049940,-0.008828,

channel --> 20
-0.044731,-0.473173,
+0.834350,-0.152280,

channel --> 21
+0.039843,-0.001702,
+0.116738,-0.101789,

channel --> 22
-0.032720,-0.117607,
-0.056854,-0.010578,

channel --> 23
-0.022460,+0.057812,
-0.021821,-0.040150,

channel --> 24
-0.059988,+0.004401,
+0.069028,-0.077943,

channel --> 25
+0.073614,-0.096267,
+0.087735,-0.025100,

channel --> 26
-0.015404,-0.158361,
+0.070175,-0.045296,

channel --> 27
-0.056718,-0.133283,
-0.017200,-0.002077,

channel --> 28
+0.040367,-0.149304,
+0.117825,-0.096122,

channel --> 29
-0.025133,-0.170538,
+0.105263,+0.029437,

channel --> 30
-0.005316,-0.186617,
-0.019512,-0.077792,

channel --> 31
-0.012649,-0.078853,
-0.055952,+0.014654,

channel --> 32
+0.035555,-0.010478,
+0.114831,-0.111451,

channel --> 33
-0.069906,+0.081497,
-0.097211,+0.043482,

channel --> 34
-0.045604,-0.105309,
+0.046784,-0.045663,

channel --> 35
-0.048544,+0.045945,
+0.221770,-0.006281,

channel --> 36
-0.050208,+0.213775,
-0.043996,+0.093029,

channel --> 37
+0.131842,-0.089443,
+0.013249,-0.079502,

channel --> 38
-0.011865,+0.073793,
-0.025868,-0.096631,

channel --> 39
+0.025638,+0.044232,
-0.027978,-0.072439,

channel --> 40
+0.005115,-0.030404,
-0.108405,+0.145746,

channel --> 41
-0.061370,+0.125024,
-0.052527,+0.037251,

channel --> 42
-0.012228,-0.139317,
-0.002855,+0.044513,

channel --> 43
-0.030767,+0.087890,
-0.098336,-0.093577,

channel --> 44
-0.082692,-0.165769,
-0.037558,+0.067610,

channel --> 45
-0.016799,+0.099323,
-0.008927,-0.038017,

channel --> 46
-0.080068,-0.180564,
+0.013957,+0.067084,

channel --> 47
+0.023765,-0.139276,
+0.021756,+0.103072,

channel --> 48
-0.010188,-0.116449,
+0.065969,+0.029086,

channel --> 49
+0.070157,+0.040566,
-0.140840,+0.205597,

channel --> 50
+0.024341,-0.082048,
+0.073343,-0.023904,

channel --> 51
-0.025220,-0.193703,
-0.007003,-0.031496,

channel --> 52
-0.031273,+0.066730,
-0.037332,+0.082613,

channel --> 53
+0.041051,-0.145792,
+0.126220,-0.061946,

channel --> 54
-0.054554,-0.172135,
-0.037678,+0.039482,

channel --> 55
+0.056897,+0.021553,
+0.055285,+0.008808,

channel --> 56
-0.057146,+0.358098,
-0.124970,+0.061382,

channel --> 57
-0.069361,+0.077970,
-0.040395,+0.049779,

channel --> 58
-0.103905,+0.451997,
-0.118483,-0.122125,

channel --> 59
-0.078457,-0.110736,
+0.028581,-0.073389,

channel --> 60
+0.015835,+0.071791,
+0.008214,-0.014286,

channel --> 61
-0.015858,-0.149902,
+0.021059,+0.014181,

channel --> 62
+0.052143,-0.152364,
+0.104658,-0.100326,

channel --> 63
+0.007661,-0.078403,
-0.012444,+0.111502,

channel --> 64
+0.049430,-0.144945,
+0.107923,-0.071305,

channel --> 65
+0.009830,-0.118533,
-0.009786,+0.101218,

channel --> 66
+0.173734,-0.208836,
-0.037094,-0.220955,

channel --> 67
+0.004466,+0.111027,
-0.016527,-0.009871,

channel --> 68
-0.017887,+0.126588,
-0.023446,-0.039544,

channel --> 69
+0.013033,+0.027889,
+0.039704,-0.082357,

channel --> 70
+0.028796,-0.125472,
+0.072519,+0.034261,

channel --> 71
-0.116110,-0.186820,
+0.042769,-0.218355,

channel --> 72
-0.047746,+0.204248,
-0.015192,-0.057016,

channel --> 73
+0.015261,-0.073873,
+0.007663,+0.098412,

channel --> 74
-0.056714,-0.056890,
-0.039975,-0.001886,

channel --> 75
-0.087115,+0.223698,
-0.049138,-0.071567,

channel --> 76
-0.033925,+0.144512,
-0.056973,-0.068289,

channel --> 77
+0.047381,-0.109996,
+0.053217,+0.004721,

channel --> 78
-0.057283,-0.067855,
-0.043063,-0.004179,

channel --> 79
-0.117068,-0.058248,
-0.095533,+0.073337,

channel --> 80
+0.034002,+0.088105,
-0.032172,-0.055083,

channel --> 81
-0.050788,+0.259647,
-0.000018,-0.028726,

channel --> 82
+0.002451,-0.104988,
-0.075393,-0.011025,

channel --> 83
-0.040672,-0.099162,
-0.028720,+0.097600,

channel --> 84
+0.141127,+0.008909,
-0.055259,-0.021758,

channel --> 85
-0.017039,+0.097384,
-0.012060,+0.018462,

channel --> 86
+0.286121,+0.179285,
-0.049873,-0.090339,

channel --> 87
+0.028030,+0.016803,
+0.031912,+0.021536,

channel --> 88
-0.145346,+0.387881,
-0.021446,-0.033135,

channel --> 89
+0.017909,+0.022637,
-0.013699,+0.033136,

channel --> 90
-0.067232,+0.199753,
-0.363496,+0.663334,

channel --> 91
-0.044001,+0.004199,
-0.129188,+0.195056,

channel --> 92
+0.039247,-0.148039,
+0.174135,-0.108106,

channel --> 93
-0.005668,-0.132334,
+0.077805,+0.014412,

channel --> 94
-0.145760,+0.091832,
+0.007717,-0.121211,

channel --> 95
+0.290294,-0.127494,
+0.119373,+0.037544,

channel --> 96
+0.015591,+0.138733,
-0.050286,-0.043231,

channel --> 97
+0.034525,+0.106944,
-0.034125,-0.042101,

channel --> 98
-0.011576,-0.132074,
+0.089807,+0.012497,

channel --> 99
-0.003989,+0.079529,
+0.024821,-0.072739,

channel --> 100
-0.002057,-0.076099,
+0.041546,+0.051227,

channel --> 101
-0.009333,-0.037224,
+0.013970,+0.037531,

channel --> 102
+0.083005,-0.073239,
-0.162827,-0.055488,

channel --> 103
+0.014314,-0.101201,
-0.050597,-0.131598,

channel --> 104
-0.014501,-0.073562,
-0.039707,-0.023963,

channel --> 105
-0.044737,+0.166090,
+0.005026,-0.075109,

channel --> 106
-0.008319,+0.178349,
-0.023858,-0.034357,

channel --> 107
+0.070018,-0.073865,
+0.002164,-0.131861,

channel --> 108
+0.014258,-0.027102,
+0.096355,-0.039655,

channel --> 109
-0.014326,+0.214157,
-0.078875,+0.025288,

channel --> 110
-0.054881,+0.321746,
-0.027142,+0.073658,

channel --> 111
+0.098634,+0.163017,
-0.049442,+0.046964,

channel --> 112
+0.011534,-0.182907,
+0.067871,-0.007030,

channel --> 113
-0.028244,+0.190740,
-0.006189,-0.003340,

channel --> 114
-0.002546,+0.269080,
-0.087046,+0.001316,

channel --> 115
-0.046254,-0.192142,
-0.006762,-0.049327,

channel --> 116
+0.134082,-0.056971,
-0.071899,-0.101500,

channel --> 117
+0.036781,-0.054119,
-0.074908,-0.125408,

channel --> 118
+0.081556,-0.127704,
-0.109044,-0.419459,

channel --> 119
-0.024330,+0.334973,
-0.071604,-0.044089,

channel --> 120
+0.082774,+0.293530,
+0.077738,+0.012226,

channel --> 121
-0.010280,+0.197154,
-0.044562,-0.060832,

channel --> 122
+0.011949,-0.063974,
+0.082801,-0.033401,

channel --> 123
-0.089265,+0.026330,
-0.011851,-0.157806,

channel --> 124
-0.030807,+0.214640,
+0.042462,-0.000325,

channel --> 125
+0.022799,+0.026031,
-0.085000,+0.179491,

channel --> 126
+0.003170,+0.026198,
-0.059508,+0.105085,

channel --> 127
-0.013103,-0.076858,
+0.013381,+0.041001,

channel --> 128
-0.044036,-0.135890,
+0.008453,+0.049639,

channel --> 129
+0.028796,+0.126174,
-0.113561,-0.028741,

channel --> 130
+0.076734,-0.002983,
+0.032227,+0.004006,

channel --> 131
-0.020961,+0.324281,
-0.042580,-0.019407,

channel --> 132
-0.647270,-0.485988,
+0.349399,-0.023748,

channel --> 133
-0.062973,-0.057487,
-0.086054,-0.018964,

channel --> 134
-0.050342,-0.224215,
+0.122754,-0.010645,

channel --> 135
-0.187222,+0.328503,
+0.181327,+0.008886,

channel --> 136
+0.034270,-0.035858,
-0.008534,+0.037058,

channel --> 137
-0.054578,+0.314748,
-0.064650,-0.007891,

channel --> 138
-0.041837,+0.104045,
-0.016914,+0.004079,

channel --> 139
-0.001263,+0.089460,
-0.102776,-0.098096,

channel --> 140
-0.032409,-0.140843,
+0.074813,+0.039101,

channel --> 141
+0.012400,-0.101634,
+0.135591,-0.017375,

channel --> 142
-0.032627,+0.265015,
-0.041653,-0.047165,

channel --> 143
-0.000392,+0.012428,
-0.088653,-0.044581,

channel --> 144
-0.027498,-0.013555,
+0.065731,-0.035772,

channel --> 145
-0.010986,-0.026528,
-0.007670,+0.016745,

channel --> 146
-0.017249,-0.159937,
+0.098115,+0.042779,

channel --> 147
+0.059346,-0.087291,
+0.012932,+0.044261,

channel --> 148
+0.138570,-0.003397,
+0.015150,+0.022221,

channel --> 149
+0.015127,+0.060055,
-0.008511,-0.114154,

channel --> 150
-0.027849,+0.260171,
-0.018357,-0.032423,

channel --> 151
-0.116755,+0.172269,
+0.006843,-0.078229,

channel --> 152
-0.140001,+0.002724,
+0.150879,+0.024667,

channel --> 153
+0.039604,-0.213346,
+0.174500,-0.000731,

channel --> 154
-0.012159,-0.051295,
-0.080696,+0.166696,

channel --> 155
+0.110201,-0.078938,
-0.098611,-0.085079,

channel --> 156
-0.080355,-0.176486,
+0.118163,+0.019963,

channel --> 157
-0.033725,+0.235385,
-0.108825,-0.047823,

channel --> 158
-0.002171,-0.094761,
-0.005059,+0.049100,

channel --> 159
-0.029264,+0.025506,
-0.019675,+0.001553,

channel --> 160
-0.016982,+0.144043,
-0.048529,+0.076095,

channel --> 161
-0.033849,+0.188577,
-0.011011,-0.039660,

channel --> 162
-0.081708,-0.072031,
-0.085237,+0.035460,

channel --> 163
-0.040233,+0.211818,
-0.050023,+0.056182,

channel --> 164
-0.034892,+0.017127,
-0.021624,-0.096024,

channel --> 165
-0.160433,+0.315751,
-0.037435,-0.082010,

channel --> 166
-0.041805,-0.092544,
-0.124133,+0.013091,

channel --> 167
-0.040432,+0.016735,
+0.013985,+0.063367,

channel --> 168
-0.004432,-0.137082,
+0.009348,+0.000760,

channel --> 169
-0.005524,-0.052963,
+0.003685,+0.064607,

channel --> 170
-0.035174,+0.212134,
-0.056640,-0.014169,

channel --> 171
+0.040896,+0.085528,
-0.009394,-0.082718,

channel --> 172
+0.025589,-0.105261,
-0.085057,-0.058986,

channel --> 173
-0.064677,+0.098979,
+0.112425,-0.058731,

channel --> 174
-0.051581,+0.058995,
-0.059451,+0.097720,

channel --> 175
-0.067430,-0.102715,
-0.115602,+0.040486,

channel --> 176
+0.110818,-0.047863,
+0.097427,+0.048089,

channel --> 177
-0.008242,+0.012787,
+0.008366,-0.090585,

channel --> 178
-0.028899,+0.007435,
+0.022248,-0.071166,

channel --> 179
+0.048210,-0.106972,
+0.037002,-0.166104,

channel --> 180
-0.031135,+0.119999,
+0.038089,-0.003848,

channel --> 181
-0.110988,-0.034653,
-0.027413,+0.020174,

channel --> 182
+0.221037,-0.094241,
-0.043768,-0.137110,

channel --> 183
-0.058294,-0.120858,
-0.132515,-0.010779,

channel --> 184
+0.019780,+0.134476,
-0.091385,-0.023926,

channel --> 185
+0.106202,+0.058127,
-0.041190,+0.062912,

channel --> 186
-0.038939,-0.063792,
-0.069091,-0.006682,

channel --> 187
-0.133837,-0.095744,
-0.021579,-0.488637,

channel --> 188
-0.037639,-0.120413,
+0.002597,+0.106885,

channel --> 189
-0.018258,+0.412664,
-0.101855,-0.031203,

channel --> 190
+0.091524,-0.124563,
-0.059362,-0.121665,

channel --> 191
-0.025972,+0.001134,
-0.068212,+0.108557,

channel --> 192
-0.040265,+0.125722,
-0.134568,+0.193455,

channel --> 193
-0.011014,+0.351062,
-0.093590,-0.008007,

channel --> 194
-0.034037,-0.049646,
+0.004931,+0.076945,

channel --> 195
-0.035239,+0.125062,
-0.107579,+0.062247,

channel --> 196
-0.030070,+0.246263,
-0.132066,+0.109652,

channel --> 197
+0.104532,-0.065019,
-0.067535,-0.099859,

channel --> 198
+0.021357,+0.055211,
+0.017534,-0.055169,

channel --> 199
+0.014243,+0.245046,
+0.002895,+0.006895,

channel --> 200
+0.012522,-0.011684,
-0.147170,-0.105733,

channel --> 201
-0.000278,+0.140265,
-0.013606,-0.051853,

channel --> 202
-0.027951,+0.237306,
+0.004824,-0.022892,

channel --> 203
-0.048907,-0.059788,
+0.013857,+0.008366,

channel --> 204
-0.054978,+0.221528,
-0.104777,+0.084388,

channel --> 205
+0.037818,+0.077734,
+0.011088,-0.058988,

channel --> 206
-0.020483,+0.092594,
+0.011550,-0.069225,

channel --> 207
-0.050852,-0.165124,
-0.132699,+0.003697,

channel --> 208
-0.048779,-0.177432,
+0.039507,+0.104463,

channel --> 209
+0.007382,-0.105700,
-0.007157,+0.060158,

channel --> 210
+0.111896,-0.163067,
+0.052055,-0.113680,

channel --> 211
+0.121117,-0.116253,
+0.036404,-0.039779,

channel --> 212
+0.069841,+0.035431,
-0.029553,-0.079475,

channel --> 213
-0.121842,-0.238752,
+0.213916,+0.215953,

channel --> 214
-0.031048,+0.069438,
+0.002679,-0.088977,

channel --> 215
-0.043945,-0.026792,
-0.040443,+0.057135,

channel --> 216
-0.096920,+0.129086,
+0.000538,-0.069920,

channel --> 217
-0.028937,-0.018979,
+0.088307,+0.035094,

channel --> 218
-0.046846,-0.184476,
+0.136711,-0.130751,

channel --> 219
+0.016011,-0.048397,
+0.013595,+0.018439,

channel --> 220
+0.232397,-0.074039,
+0.061928,-0.072934,

channel --> 221
+0.002758,-0.212273,
+0.152485,-0.003094,

channel --> 222
-0.019171,-0.160621,
+0.173206,-0.066362,

channel --> 223
+0.070447,-0.065302,
+0.017648,+0.037053,

channel --> 224
-0.132229,-0.058772,
-0.028833,+0.037807,

channel --> 225
+0.064750,-0.047992,
-0.008456,-0.121202,

channel --> 226
+0.019636,-0.025410,
-0.077983,-0.044754,

channel --> 227
-0.051446,+0.313866,
-0.030847,-0.039312,

channel --> 228
+0.263919,-0.035180,
-0.049754,-0.094516,

channel --> 229
+0.305637,-0.001099,
-0.072628,-0.333275,

channel --> 230
-0.013298,-0.084591,
-0.110415,-0.002704,

channel --> 231
-0.002875,+0.300044,
-0.116438,-0.015723,

channel --> 232
+0.014797,-0.127060,
+0.111480,-0.005832,

channel --> 233
-0.014130,+0.128790,
-0.040730,-0.070822,

channel --> 234
+0.013267,-0.107401,
-0.012090,-0.029371,

channel --> 235
-0.017622,+0.173996,
-0.043648,+0.049941,

channel --> 236
+0.015502,-0.166577,
+0.070871,-0.021061,

channel --> 237
-0.057133,-0.088102,
+0.034905,-0.064747,

channel --> 238
-0.044033,-0.145285,
-0.047157,-0.035302,

channel --> 239
-0.345194,+0.088589,
+0.091118,-0.187301,

channel --> 240
+0.065426,+0.197019,
-0.051156,+0.019473,

channel --> 241
+0.087206,-0.110888,
+0.079641,+0.029426,

channel --> 242
-0.058563,-0.121402,
+0.125888,-0.033422,

channel --> 243
-0.013642,+0.134835,
-0.036719,+0.036146,

channel --> 244
+0.073768,+0.001420,
-0.021530,-0.132337,

channel --> 245
-0.047298,+0.170710,
-0.038508,-0.096198,

channel --> 246
-0.062579,+0.262959,
-0.031876,-0.052698,

channel --> 247
-0.053224,-0.038287,
-0.035847,+0.055022,

channel --> 248
-0.017623,+0.099813,
-0.097210,-0.017672,

channel --> 249
+0.046707,-0.764223,
+0.230323,-0.339993,

channel --> 250
-0.043947,-0.012819,
-0.022064,-0.009976,

channel --> 251
-0.013274,-0.044594,
+0.129414,+0.035043,

channel --> 252
+0.482374,-0.142061,
-0.060429,-0.256737,

channel --> 253
-0.004161,-0.157251,
+0.011510,+0.008168,

channel --> 254
-0.015072,-0.034713,
-0.036877,-0.081246,

channel --> 255
+0.061644,-0.020039,
-0.021232,+0.069848,

