channel --> 0
+0.483152,-0.088021,
-0.020467,+0.253145,

channel --> 1
+0.217697,-0.125727,
+0.317224,+0.174403,

channel --> 2
+0.036571,+0.010207,
+0.148783,-0.215263,

channel --> 3
+0.897852,-0.137950,
+0.423680,-0.227562,

channel --> 4
-0.311168,+0.254536,
+2.039276,+0.411929,

channel --> 5
+0.028632,-0.001855,
-0.048073,+0.276780,

channel --> 6
+1.095682,-0.087958,
+0.079867,-0.119948,

channel --> 7
+0.112076,-0.000000,
+4.164679,-0.285543,

channel --> 8
+0.107707,+1.275756,
+0.055080,+0.110502,

channel --> 9
-0.206203,+2.103396,
+0.766597,-0.321770,

channel --> 10
+0.218227,+0.028091,
+0.283749,-0.051507,

channel --> 11
-0.245608,+1.372517,
+0.189496,+0.230431,

channel --> 12
+0.044144,-0.164852,
+0.482374,+0.346749,

channel --> 13
+0.121736,+0.712954,
+0.056833,+0.005521,

channel --> 14
+0.070590,+0.207769,
-0.041888,+0.016533,

channel --> 15
+0.475825,-0.017195,
-0.040216,-0.005668,

channel --> 16
+0.157372,+0.437409,
-0.014857,+0.039683,

channel --> 17
+0.564648,-0.191542,
-0.125152,-0.095848,

channel --> 18
+0.042673,+1.162748,
+0.167233,+0.021366,

channel --> 19
+0.058452,+0.518071,
-0.010191,+0.106378,

channel --> 20
-0.234173,-0.000000,
+4.993168,-0.365616,

channel --> 21
+0.217333,+0.099511,
+0.469850,-0.130742,

channel --> 22
+0.046422,-0.148061,
-0.014945,+0.106969,

channel --> 23
+0.162876,+0.540965,
+0.165488,+0.093007,

channel --> 24
+0.005800,+0.185353,
+0.400333,-0.038105,

channel --> 25
+0.410355,-0.112981,
+0.466470,+0.072147,

channel --> 26
+0.169839,-0.191387,
+0.477835,+0.078454,

channel --> 27
+0.002323,-0.170050,
+0.111717,+0.157258,

channel --> 28
+0.246914,-0.215031,
+0.522440,-0.115984,

channel --> 29
+0.072114,-0.232541,
+0.489596,+0.230228,

channel --> 30
+0.295793,-0.195679,
+0.246016,+0.061781,

channel --> 31
+0.065065,-0.089638,
-0.039900,+0.138585,

channel --> 32
+0.657261,+0.432383,
+1.109213,+0.035756,

channel --> 33
+0.148752,+0.884982,
+0.049827,+0.670224,

channel --> 34
+0.017309,-0.137295,
+0.332478,+0.017137,

channel --> 35
+0.009567,+0.354433,
+1.287491,+0.150287,

channel --> 36
+0.033150,+1.397085,
+0.054232,+0.654262,

channel --> 37
+0.625516,-0.108107,
+0.174173,-0.085185,

channel --> 38
+0.176431,+0.469414,
+0.134449,-0.052282,

channel --> 39
+0.200836,+0.261527,
+0.042858,-0.068977,

channel --> 40
+0.167857,+0.063907,
-0.125638,+0.687794,

channel --> 41
-0.046180,+0.736527,
-0.019496,+0.310340,

channel --> 42
+0.144473,-0.139603,
+0.169816,+0.307139,

channel --> 43
+0.153073,+0.592830,
-0.038276,-0.026202,

channel --> 44
+0.065736,-0.132370,
+0.197965,+0.573283,

channel --> 45
+0.088105,+0.427101,
+0.108163,+0.036162,

channel --> 46
+0.016181,-0.199942,
+0.296018,+0.487321,

channel --> 47
+0.223808,-0.151739,
+0.218075,+0.472129,

channel --> 48
+0.062056,-0.168874,
+0.280332,+0.169117,

channel --> 49
+0.345818,+0.245826,
-0.204060,+0.898734,

channel --> 50
+0.137430,-0.120130,
+0.286008,+0.009598,

channel --> 51
+0.238871,-0.176632,
+0.297493,+0.219293,

channel --> 52
+0.047882,+0.500932,
+0.025229,+0.589720,

channel --> 53
+0.295998,-0.172333,
+0.599817,+0.004157,

channel --> 54
+0.054383,-0.204077,
+0.101077,+0.345274,

channel --> 55
+0.240881,+0.109806,
+0.234560,+0.066383,

channel --> 56
+0.243722,+3.597858,
-0.044219,+0.961625,

channel --> 57
+0.013584,+0.601592,
+0.108163,+0.468482,

channel --> 58
-0.011377,+3.342636,
-0.053535,-0.063659,

channel --> 59
-0.020061,-0.109353,
+0.368452,-0.004868,

channel --> 60
+0.054184,+0.227960,
+0.032799,-0.027157,

channel --> 61
+0.090502,-0.193074,
+0.191578,+0.171994,

channel --> 62
+0.377369,-0.155294,
+0.565443,-0.049905,

channel --> 63
+0.082281,-0.109034,
+0.032977,+0.381705,

channel --> 64
+0.330823,-0.147266,
+0.526256,+0.002867,

channel --> 65
+0.142794,-0.138133,
+0.092843,+0.408907,

channel --> 66
+1.371775,-0.213881,
+0.288437,-0.236432,

channel --> 67
+0.104344,+0.491413,
+0.041502,+0.060947,

channel --> 68
+0.087514,+0.634628,
+0.070674,+0.023675,

channel --> 69
+0.147453,+0.193842,
+0.232149,-0.103424,

channel --> 70
+0.141529,-0.188930,
+0.265224,+0.156266,

channel --> 71
+0.032933,-0.181994,
+0.805850,-0.252213,

channel --> 72
+0.118621,+1.406897,
+0.240074,+0.086478,

channel --> 73
+0.065480,-0.125200,
+0.047133,+0.291794,

channel --> 74
+0.014385,+0.013873,
+0.064663,+0.190446,

channel --> 75
+0.005958,+1.311164,
+0.115649,+0.049191,

channel --> 76
+0.163014,+0.995022,
+0.083397,+0.046641,

channel --> 77
+0.183756,-0.165903,
+0.199962,+0.072331,

channel --> 78
-0.045544,-0.072564,
-0.007379,+0.107661,

channel --> 79
-0.119006,+0.039196,
-0.065482,+0.530254,

channel --> 80
+0.263297,+0.437111,
+0.079123,+0.022645,

channel --> 81
+0.013005,+1.592900,
+0.188179,+0.085128,

channel --> 82
+0.168818,-0.138658,
-0.066563,+0.123327,

channel --> 83
+0.009876,-0.120171,
+0.039739,+0.423554,

channel --> 84
+0.933060,+0.284232,
+0.048689,+0.165195,

channel --> 85
-0.005364,+0.352035,
+0.007698,+0.092713,

channel --> 86
+1.414560,+0.644668,
-0.281162,-0.341836,

channel --> 87
+0.194008,+0.152493,
+0.208730,+0.169803,

channel --> 88
-0.163819,+3.661020,
+0.334538,+0.275002,

channel --> 89
+0.109167,+0.125860,
+0.004830,+0.163943,

channel --> 90
-0.170960,+0.973151,
-0.262453,+4.361280,

channel --> 91
-0.000259,+0.129768,
-0.182792,+0.834418,

channel --> 92
+0.517585,-0.063625,
+1.121514,+0.035206,

channel --> 93
+0.067580,-0.198802,
+0.309021,+0.120878,

channel --> 94
-0.188760,+0.775142,
+0.339955,-0.127220,

channel --> 95
+2.317127,-0.262011,
+0.850522,+0.350061,

channel --> 96
+0.259982,+0.980616,
-0.014665,+0.011054,

channel --> 97
+0.342539,+0.735019,
+0.049229,+0.020123,

channel --> 98
+0.157440,-0.150878,
+0.518599,+0.234781,

channel --> 99
+0.119902,+0.412622,
+0.213228,-0.070252,

channel --> 100
+0.024527,-0.131330,
+0.134247,+0.160412,

channel --> 101
+0.084906,-0.009438,
+0.172024,+0.267787,

channel --> 102
+0.362013,-0.202501,
-0.349007,-0.158143,

channel --> 103
+0.231979,-0.138536,
+0.002670,-0.207537,

channel --> 104
+0.076763,-0.094119,
-0.001111,+0.046668,

channel --> 105
+0.030532,+1.000696,
+0.207702,-0.061866,

channel --> 106
+0.087120,+0.803517,
+0.042334,+0.013366,

channel --> 107
+0.423987,-0.080733,
+0.155194,-0.214341,

channel --> 108
+0.097428,-0.021100,
+0.383322,-0.053693,

channel --> 109
+0.092626,+0.974263,
-0.073750,+0.212771,

channel --> 110
-0.033833,+2.079257,
+0.055937,+0.470326,

channel --> 111
+0.581961,+0.959696,
-0.048898,+0.324162,

channel --> 112
+0.239161,-0.197937,
+0.415017,+0.186056,

channel --> 113
+0.009684,+1.023541,
+0.083151,+0.093110,

channel --> 114
+0.236776,+1.786781,
-0.052276,+0.252175,

channel --> 115
+0.160861,-0.189770,
+0.287075,+0.151599,

channel --> 116
+0.836459,-0.006257,
-0.051592,-0.132699,

channel --> 117
+0.327989,+0.004863,
-0.055173,-0.179516,

channel --> 118
+0.932204,-0.021321,
+0.039260,-0.346035,

channel --> 119
+0.179006,+1.696641,
+0.051242,+0.123571,

channel --> 120
+0.767887,+2.250721,
+0.739893,+0.407344,

channel --> 121
+0.222874,+1.177101,
+0.108186,+0.058026,

channel --> 122
+0.100251,-0.093152,
+0.326050,-0.021315,

channel --> 123
-0.033060,+0.546499,
+0.323931,-0.243743,

channel --> 124
+0.044960,+1.239191,
+0.320319,+0.151128,

channel --> 125
+0.108843,+0.117971,
-0.146787,+0.649703,

channel --> 126
+0.026261,+0.085076,
-0.113464,+0.317050,

channel --> 127
+0.014328,-0.130068,
+0.084104,+0.162996,

channel --> 128
+0.023777,-0.172774,
+0.165771,+0.292301,

channel --> 129
+0.503157,+1.158715,
-0.128405,+0.201168,

channel --> 130
+0.173490,-0.082621,
+0.020648,-0.063363,

channel --> 131
+0.173511,+1.925005,
+0.103897,+0.178696,

channel --> 132
-0.000000,-0.000000,
+1.859919,-0.127971,

channel --> 133
-0.006947,+0.008727,
-0.069317,+0.128007,

channel --> 134
+0.105573,-0.268786,
+0.746314,+0.228883,

channel --> 135
-0.278731,+2.575978,
+1.357263,+0.339885,

channel --> 136
+0.179989,-0.031874,
+0.044648,+0.189459,

channel --> 137
+0.138160,+2.555670,
+0.100001,+0.334304,

channel --> 138
-0.040670,+0.468097,
+0.029876,+0.094530,

channel --> 139
+0.312648,+0.703799,
-0.021055,-0.008085,

channel --> 140
+0.057960,-0.180853,
+0.387031,+0.267163,

channel --> 141
+0.133965,-0.140916,
+0.549388,+0.052020,

channel --> 142
+0.223403,+2.339470,
+0.183103,+0.159180,

channel --> 143
+0.518924,+0.593592,
+0.086142,+0.284504,

channel --> 144
+0.026759,+0.067365,
+0.335425,+0.003588,

channel --> 145
+0.017150,-0.022838,
+0.025961,+0.093842,

channel --> 146
+0.059925,-0.224789,
+0.398234,+0.223896,

channel --> 147
+0.183900,-0.149177,
+0.062423,+0.142786,

channel --> 148
+0.463531,+0.007705,
+0.057230,+0.076906,

channel --> 149
+0.257464,+0.474796,
+0.155979,-0.189179,

channel --> 150
+0.076676,+1.663617,
+0.110773,+0.060687,

channel --> 151
-0.104514,+1.221510,
+0.327260,+0.008385,

channel --> 152
-0.119090,+0.305352,
+0.961167,+0.388652,

channel --> 153
+0.369075,-0.231491,
+0.880720,+0.241941,

channel --> 154
+0.065624,-0.026682,
-0.088899,+0.625411,

channel --> 155
+0.498187,-0.141763,
-0.184916,-0.155705,

channel --> 156
-0.055058,-0.245752,
+0.607661,+0.234544,

channel --> 157
+0.225540,+1.826716,
-0.041931,+0.169362,

channel --> 158
+0.093138,-0.111996,
+0.085850,+0.231993,

channel --> 159
-0.028950,+0.153622,
+0.000232,+0.069034,

channel --> 160
+0.071452,+0.719208,
-0.021999,+0.411043,

channel --> 161
+0.053314,+0.944374,
+0.122303,+0.036582,

channel --> 162
-0.042334,-0.014200,
-0.052309,+0.375062,

channel --> 163
+0.010903,+1.008783,
-0.015422,+0.319823,

channel --> 164
+0.044075,+0.203532,
+0.082309,-0.110531,

channel --> 165
-0.140923,+2.045505,
+0.203676,+0.061078,

channel --> 166
+0.057492,-0.079581,
-0.151765,+0.235128,

channel --> 167
-0.028865,+0.146500,
+0.137246,+0.316073,

channel --> 168
+0.124580,-0.175404,
+0.163496,+0.139072,

channel --> 169
+0.014737,-0.090318,
+0.037040,+0.200208,

channel --> 170
+0.113540,+1.785795,
+0.024464,+0.209372,

channel --> 171
+0.344664,+0.531314,
+0.160109,-0.060067,

channel --> 172
+0.314275,-0.119722,
-0.066499,+0.009618,

channel --> 173
-0.053590,+0.464831,
+0.518284,-0.039031,

channel --> 174
-0.039574,+0.286466,
-0.058600,+0.426572,

channel --> 175
+0.010088,-0.080244,
-0.110231,+0.361182,

channel --> 176
+0.500078,-0.072748,
+0.440244,+0.238071,

channel --> 177
+0.126943,+0.201535,
+0.185425,-0.115424,

channel --> 178
-0.006862,+0.101491,
+0.149672,-0.115346,

channel --> 179
+0.458154,-0.051718,
+0.413389,-0.183659,

channel --> 180
-0.049574,+0.466364,
+0.156886,+0.025783,

channel --> 181
-0.164230,+0.055675,
+0.080566,+0.261591,

channel --> 182
+1.189273,-0.129801,
+0.004616,-0.220988,

channel --> 183
+0.106208,-0.079119,
-0.108691,+0.276918,

channel --> 184
+0.197331,+0.584947,
-0.083231,+0.075855,

channel --> 185
+0.488106,+0.281528,
-0.055887,+0.300826,

channel --> 186
+0.100999,+0.023743,
+0.008157,+0.211463,

channel --> 187
-0.304194,-0.242397,
-0.066923,-0.000000,

channel --> 188
+0.015413,-0.154058,
+0.115101,+0.426187,

channel --> 189
+0.360451,+2.981577,
+0.071936,+0.311097,

channel --> 190
+0.527638,-0.213246,
-0.052940,-0.207281,

channel --> 191
-0.005440,+0.067055,
-0.105480,+0.418170,

channel --> 192
+0.127101,+0.924580,
-0.160172,+1.356931,

channel --> 193
+0.356473,+3.017090,
+0.021581,+0.370587,

channel --> 194
+0.012816,-0.026264,
+0.119436,+0.350508,

channel --> 195
+0.038025,+0.643579,
-0.147238,+0.374267,

channel --> 196
+0.181312,+1.838601,
-0.152212,+0.881676,

channel --> 197
+0.535483,-0.067161,
-0.073702,-0.151489,

channel --> 198
+0.107432,+0.213122,
+0.096152,-0.092934,

channel --> 199
+0.196186,+1.620010,
+0.148425,+0.165020,

channel --> 200
+0.445217,+0.321304,
-0.185009,-0.063883,

channel --> 201
+0.114587,+0.785916,
+0.065740,-0.060189,

channel --> 202
+0.073369,+1.263942,
+0.180099,+0.089101,

channel --> 203
-0.066998,-0.093429,
+0.108612,+0.091673,

channel --> 204
+0.096687,+1.636513,
-0.066913,+0.739040,

channel --> 205
+0.237605,+0.384404,
+0.148105,-0.052998,

channel --> 206
+0.112997,+0.567412,
+0.226684,-0.037170,

channel --> 207
+0.117295,-0.196669,
-0.123438,+0.322204,

channel --> 208
+0.102293,-0.184256,
+0.373659,+0.612150,

channel --> 209
+0.114515,-0.133296,
+0.077805,+0.259790,

channel --> 210
+0.761774,-0.162090,
+0.498431,-0.050048,

channel --> 211
+0.549226,-0.155725,
+0.241835,+0.018291,

channel --> 212
+0.448917,+0.298377,
+0.055472,-0.094378,

channel --> 213
-0.294533,-0.365299,
+1.532743,+1.551179,

channel --> 214
+0.050223,+0.379783,
+0.150367,-0.097089,

channel --> 215
-0.065529,-0.020206,
-0.056529,+0.246195,

channel --> 216
-0.058930,+0.841244,
+0.257554,+0.017865,

channel --> 217
-0.020145,+0.011647,
+0.440665,+0.208089,

channel --> 218
+0.262105,-0.120712,
+1.041549,+0.008163,

channel --> 219
+0.092904,-0.063374,
+0.086471,+0.099414,

channel --> 220
+1.076815,-0.094413,
+0.312735,-0.091826,

channel --> 221
+0.198063,-0.262951,
+0.729688,+0.180797,

channel --> 222
+0.247329,-0.133338,
+1.048722,+0.100681,

channel --> 223
+0.398831,-0.084106,
+0.183465,+0.258544,

channel --> 224
-0.204922,-0.028665,
+0.060960,+0.297444,

channel --> 225
+0.383114,+0.015433,
+0.130607,-0.158586,

channel --> 226
+0.176223,+0.028851,
-0.114215,-0.027411,

channel --> 227
+0.203747,+2.938217,
+0.298215,+0.258532,

channel --> 228
+1.165354,-0.065464,
-0.101475,-0.198165,

channel --> 229
+1.538810,-0.133100,
-0.294387,-0.150625,

channel --> 230
+0.540891,+0.217409,
+0.117557,+0.594950,

channel --> 231
+0.329052,+2.439189,
-0.099651,+0.270637,

channel --> 232
+0.207248,-0.151000,
+0.547645,+0.144718,

channel --> 233
+0.169157,+0.742730,
+0.084948,-0.001789,

channel --> 234
+0.159303,-0.128967,
+0.089566,+0.044831,

channel --> 235
+0.064244,+0.884172,
-0.014569,+0.305172,

channel --> 236
+0.307414,-0.159809,
+0.501516,+0.192537,

channel --> 237
+0.019017,-0.061240,
+0.311424,-0.001561,

channel --> 238
+0.054156,-0.185965,
+0.045295,+0.079408,

channel --> 239
-0.231820,+1.110613,
+1.133400,-0.333795,

channel --> 240
+0.510338,+1.380421,
-0.014124,+0.275976,

channel --> 241
+0.298507,-0.175603,
+0.275261,+0.131299,

channel --> 242
-0.014066,-0.148032,
+0.557830,+0.048197,

channel --> 243
+0.024963,+0.513648,
-0.033705,+0.167375,

channel --> 244
+0.513234,+0.202335,
+0.117648,-0.196776,

channel --> 245
+0.172022,+1.473903,
+0.209630,-0.014387,

channel --> 246
+0.051956,+2.008710,
+0.168768,+0.088010,

channel --> 247
-0.110287,-0.071254,
-0.064624,+0.233325,

channel --> 248
+0.088951,+0.461459,
-0.101541,+0.088816,

channel --> 249
+0.742790,-0.000000,
+1.968958,-0.371455,

channel --> 250
-0.066416,+0.022762,
-0.004906,+0.031468,

channel --> 251
+0.085639,-0.012450,
+0.680958,+0.259966,

channel --> 252
+3.869273,-0.353630,
-0.203908,-0.322319,

channel --> 253
+0.175745,-0.170601,
+0.220691,+0.210959,

channel --> 254
+0.059180,+0.000600,
-0.005593,-0.121247,

channel --> 255
+0.183645,-0.032986,
-0.035758,+0.208327,

