channel --> 0
-0.000305,-0.003450,
-0.004518,+0.062985,

channel --> 1
-0.010464,-0.005982,
-0.007118,-0.009382,

channel --> 2
+0.054605,-0.002684,
-0.002203,-0.007159,

channel --> 3
-0.005738,-0.005405,
-0.004002,-0.006351,

channel --> 4
-0.009745,+1.019366,
-0.008483,-0.011645,

channel --> 5
-0.006754,-0.006112,
-0.004276,-0.005450,

channel --> 6
+0.428278,+0.102578,
+0.041120,+0.677583,

channel --> 7
-0.012804,-0.003675,
+0.448863,-0.000547,

channel --> 8
+0.755271,+0.652106,
-0.003564,+1.060708,

channel --> 9
+0.099508,-0.000316,
-0.003620,-0.001279,

channel --> 10
-0.003950,-0.000697,
-0.005914,-0.003017,

channel --> 11
-0.009216,-0.010538,
-0.008075,-0.013964,

channel --> 12
+0.228757,+0.438602,
-0.004977,+0.991061,

channel --> 13
-0.001389,-0.000467,
-0.008344,-0.001456,

channel --> 14
+1.149923,-0.005503,
-0.004560,-0.006070,

channel --> 15
-0.005343,-0.005165,
-0.008989,-0.006222,

channel --> 16
-0.009229,-0.002260,
-0.001236,-0.010143,

channel --> 17
+0.430693,+0.341622,
-0.003714,+0.010750,

channel --> 18
-0.005454,-0.007589,
-0.004546,-0.004655,

channel --> 19
+0.037633,-0.003079,
+0.250920,-0.002354,

channel --> 20
-0.000244,-0.006059,
-0.003582,+1.392840,

channel --> 21
-0.002868,-0.001374,
+0.836288,+0.353401,

channel --> 22
+1.811022,-0.001449,
+0.853397,+0.907950,

channel --> 23
+0.214168,-0.000416,
+0.306150,-0.001455,

channel --> 24
-0.004541,-0.002097,
-0.005947,-0.005994,

channel --> 25
-0.005907,-0.008600,
-0.006642,-0.007764,

channel --> 26
-0.003292,-0.003630,
-0.006983,-0.008014,

channel --> 27
-0.003964,-0.005735,
-0.007626,-0.003210,

channel --> 28
-0.004114,+0.179192,
-0.007121,+0.848070,

channel --> 29
-0.012884,-0.008685,
-0.004578,-0.007221,

channel --> 30
-0.005897,-0.001412,
-0.007610,+0.474409,

channel --> 31
-0.001497,-0.005611,
-0.003076,-0.004023,

channel --> 32
-0.002429,-0.001113,
+0.174067,-0.005189,

channel --> 33
+0.931090,+0.180854,
-0.001613,+0.116578,

channel --> 34
+0.431487,+1.202591,
+0.025182,+0.035919,

channel --> 35
+0.920798,-0.001807,
-0.005841,-0.003023,

channel --> 36
-0.005549,-0.000466,
-0.010108,+0.597830,

channel --> 37
-0.005341,+0.087529,
-0.008632,-0.006101,

channel --> 38
+0.164592,-0.000285,
-0.000534,-0.003221,

channel --> 39
-0.004846,+0.131172,
-0.003089,-0.005952,

channel --> 40
+0.049771,-0.003088,
-0.005026,-0.005680,

channel --> 41
-0.003635,-0.004887,
-0.003974,-0.005424,

channel --> 42
-0.000977,-0.001442,
-0.005580,+0.507639,

channel --> 43
-0.003986,-0.006397,
-0.004245,-0.005611,

channel --> 44
-0.006296,-0.006109,
-0.007109,-0.007035,

channel --> 45
-0.007524,-0.006379,
-0.007984,-0.001655,

channel --> 46
+0.415824,-0.003641,
+0.057100,-0.004376,

channel --> 47
-0.003818,-0.007946,
-0.005011,+0.128155,

channel --> 48
-0.009425,-0.000596,
-0.003694,-0.003775,

channel --> 49
+0.069910,-0.008978,
+1.102517,+0.357925,

channel --> 50
-0.000736,-0.001351,
+0.063112,+0.564150,

channel --> 51
+0.112339,-0.005575,
-0.001803,-0.002200,

channel --> 52
-0.009933,-0.001854,
-0.004471,+0.937236,

channel --> 53
-0.007089,-0.004731,
-0.007502,-0.007309,

channel --> 54
+0.714821,+0.857484,
-0.001608,+4.637745,

channel --> 55
+0.388950,-0.001240,
-0.002715,+0.739254,

channel --> 56
-0.000170,-0.002836,
-0.002810,-0.007654,

channel --> 57
+1.447581,+0.581398,
+1.029177,+1.006230,

channel --> 58
+0.808207,+0.062272,
+0.481482,+0.030432,

channel --> 59
+0.009518,-0.008305,
-0.000881,-0.010007,

channel --> 60
-0.005260,-0.010206,
-0.004582,-0.007651,

channel --> 61
+0.044122,+0.065129,
-0.002309,-0.000462,

channel --> 62
+0.200696,-0.008823,
+0.269988,+1.133817,

channel --> 63
+0.693103,-0.012695,
+0.562086,-0.002788,

channel --> 64
+0.277985,-0.004856,
-0.001780,+0.036696,

channel --> 65
-0.000304,+0.043055,
-0.002568,-0.004534,

channel --> 66
+0.327150,+1.400795,
+0.344825,-0.001236,

channel --> 67
+0.480720,-0.009545,
-0.000797,-0.007545,

channel --> 68
-0.006142,+0.742906,
-0.002315,-0.000278,

channel --> 69
-0.006302,-0.006338,
-0.005615,-0.006453,

channel --> 70
-0.003425,-0.006942,
-0.002764,-0.004235,

channel --> 71
-0.007463,-0.004376,
-0.006366,-0.007837,

channel --> 72
+0.375192,+0.004879,
-0.000163,-0.009707,

channel --> 73
+0.443163,-0.000291,
-0.001187,-0.006557,

channel --> 74
-0.006697,-0.006696,
-0.006699,-0.006709,

channel --> 75
-0.002223,+0.097798,
-0.001729,-0.000429,

channel --> 76
-0.005348,-0.005729,
-0.003454,-0.007056,

channel --> 77
-0.011115,-0.006507,
-0.012537,+0.050010,

channel --> 78
-0.003755,-0.005831,
-0.007648,-0.004882,

channel --> 79
-0.007825,-0.017726,
-0.012747,-0.000369,

channel --> 80
+0.690041,+0.814383,
+0.161769,-0.000741,

channel --> 81
+0.256148,-0.002137,
-0.002898,+0.430031,

channel --> 82
-0.008276,+0.332062,
-0.002279,+0.720327,

channel --> 83
-0.009468,+0.165971,
-0.006488,-0.014822,

channel --> 84
-0.008295,-0.005874,
-0.006322,-0.000071,

channel --> 85
-0.003237,+0.205337,
-0.008931,-0.004638,

channel --> 86
-0.004063,-0.005858,
-0.004998,-0.008211,

channel --> 87
+1.877188,+0.513873,
+1.432069,+2.324862,

channel --> 88
-0.002624,-0.005507,
-0.006842,-0.007494,

channel --> 89
+0.624936,+0.385872,
-0.003489,+0.578366,

channel --> 90
+0.368773,-0.001836,
+0.008038,-0.000470,

channel --> 91
+0.819413,+0.483607,
+0.783225,+0.020601,

channel --> 92
-0.005277,-0.006113,
-0.002147,-0.003481,

channel --> 93
-0.005965,-0.003775,
-0.006348,+0.001830,

channel --> 94
+0.770383,-0.000548,
-0.003763,+0.465906,

channel --> 95
+0.297876,+0.138506,
-0.002765,-0.003909,

channel --> 96
+0.760569,-0.001205,
+0.448224,+0.294401,

channel --> 97
-0.005264,-0.008245,
-0.001799,-0.009730,

channel --> 98
-0.004898,+0.180103,
+0.337451,-0.001586,

channel --> 99
+0.599342,+0.530625,
+0.765224,-0.001683,

channel --> 100
-0.005845,-0.003240,
-0.004392,+0.210276,

channel --> 101
-0.000004,-0.005843,
+1.791910,-0.000370,

channel --> 102
-0.003885,+0.453451,
-0.004018,+0.731341,

channel --> 103
+0.090958,+0.675704,
+0.004240,-0.005701,

channel --> 104
+0.277021,+0.977527,
+0.446006,-0.001568,

channel --> 105
+0.055644,-0.005451,
-0.001603,+0.187315,

channel --> 106
-0.001922,-0.001394,
-0.004905,-0.001377,

channel --> 107
-0.002020,-0.006027,
-0.008180,+0.086491,

channel --> 108
+0.614386,+0.493864,
-0.000450,+0.303241,

channel --> 109
-0.003143,-0.004516,
-0.006296,-0.006290,

channel --> 110
+0.370398,+0.290070,
+0.457271,+0.726650,

channel --> 111
-0.002988,-0.001087,
-0.007093,-0.000322,

channel --> 112
-0.003526,-0.000165,
-0.001245,-0.002371,

channel --> 113
-0.001926,+0.209261,
-0.002463,-0.001019,

channel --> 114
+0.239183,-0.000568,
-0.003181,-0.006759,

channel --> 115
+0.335413,+0.218853,
+0.458194,+0.157060,

channel --> 116
-0.006637,-0.011038,
+1.373564,-0.001200,

channel --> 117
-0.005232,-0.007055,
-0.006510,-0.006987,

channel --> 118
-0.001583,-0.015042,
-0.002898,-0.006910,

channel --> 119
-0.014966,-0.006770,
-0.000560,+0.065890,

channel --> 120
-0.007683,-0.008210,
-0.009539,-0.007625,

channel --> 121
+0.283018,-0.009183,
-0.004046,-0.004916,

channel --> 122
+0.377536,-0.006153,
+0.862856,+0.401552,

channel --> 123
+0.889895,+1.554112,
+1.168113,+0.931429,

channel --> 124
-0.005036,+0.605672,
-0.002642,+0.239254,

channel --> 125
-0.006017,-0.006559,
-0.009478,-0.008651,

channel --> 126
-0.005774,-0.007572,
-0.006323,-0.003938,

channel --> 127
+0.027781,-0.002355,
-0.000399,-0.003901,

