channel --> 0
+0.871386,+0.210314,+0.092698,-0.001714,-0.003722,-0.006573,+0.039168,-0.000631,-0.005293,-0.000817,+0.155966,-0.000707,-0.002780,+0.356922,+1.373519,+0.307591,
+0.417416,+0.445931,-0.000793,-0.000530,-0.003218,-0.004915,-0.003010,-0.001807,-0.000579,-0.000286,-0.003210,-0.003358,-0.007732,-0.005144,+1.326626,+1.287215,
-0.000276,-0.005035,-0.008652,-0.007275,-0.005961,-0.002608,-0.006238,-0.007542,-0.011008,-0.009930,-0.008381,-0.010372,-0.011120,-0.006362,-0.000963,+0.080972,
-0.001418,-0.011532,-0.008746,-0.004418,-0.006455,-0.004978,-0.003095,-0.005029,-0.005997,-0.008032,-0.012973,-0.012183,-0.007011,-0.004720,-0.003978,-0.003870,
-0.006338,-0.008377,-0.004720,-0.003096,-0.007868,-0.011802,-0.013056,-0.014814,-0.015602,-0.012319,-0.010327,-0.007575,-0.004135,-0.006102,-0.011249,-0.005984,
-0.005814,-0.004014,-0.003224,+0.065686,-0.002236,-0.004821,-0.010062,-0.009917,-0.007999,-0.004432,-0.005486,-0.004842,-0.002056,-0.005489,-0.010518,-0.004945,
-0.003689,-0.004487,-0.005487,-0.000024,+0.083298,-0.001072,+0.034445,-0.004625,-0.006442,-0.007713,-0.004800,-0.005050,-0.003692,-0.000122,-0.001356,-0.001941,
-0.003232,-0.010018,-0.006478,-0.003500,-0.005578,-0.001707,-0.002118,-0.001651,-0.003292,-0.004015,-0.005081,-0.008364,-0.005026,-0.001796,+0.171437,-0.000930,
-0.005079,-0.010657,-0.007400,-0.008452,-0.009894,-0.006320,-0.005736,-0.004307,-0.003977,-0.008584,-0.009495,-0.013377,-0.010296,-0.008397,-0.001677,-0.002552,
-0.003765,-0.004738,+0.705363,-0.004478,-0.014779,-0.016532,-0.016487,-0.015421,-0.014333,-0.010648,-0.008010,-0.009481,-0.005976,-0.009448,-0.006581,-0.004439,
-0.003410,-0.006075,+1.338902,+1.587746,+0.076970,-0.007346,-0.009635,-0.007627,-0.003898,-0.001489,+0.278721,+0.903625,-0.002354,-0.007571,-0.003854,-0.007361,
-0.004007,-0.008388,-0.001279,+0.430883,+1.426837,+1.288881,+1.066848,+0.845397,+0.730317,+0.853639,+1.044461,+1.062679,+0.456229,-0.005460,-0.002112,-0.005529,

channel --> 1
+0.784390,+0.722507,-0.002608,-0.002293,-0.007828,-0.008480,-0.002705,-0.007050,-0.013829,-0.011352,+0.094156,+0.112135,+0.102716,+0.282562,+0.893828,+0.046568,
+0.024341,+1.193548,+0.209295,+0.237098,-0.001658,-0.008450,-0.007613,-0.006365,-0.007654,-0.006645,+0.247040,-0.001151,-0.001025,-0.001572,+0.853910,+0.476981,
-0.002641,-0.003257,-0.005018,+0.087968,+0.435363,+0.310413,-0.001791,-0.003117,-0.003512,+0.051768,-0.002658,-0.005094,-0.002780,-0.005229,-0.005155,-0.005306,
-0.003353,-0.002344,-0.002166,-0.002243,+0.406515,+0.413928,+0.531027,+0.458794,+0.902937,+0.263383,-0.004058,-0.005886,-0.000436,-0.002266,-0.006128,-0.008368,
-0.007114,-0.000031,-0.003633,-0.002473,-0.007025,-0.006631,-0.003630,-0.001243,-0.004157,-0.001104,-0.000996,+0.116413,-0.000679,-0.001746,-0.002298,-0.003779,
-0.008361,-0.001126,-0.004448,+0.369964,-0.000531,-0.002102,-0.003707,-0.004468,-0.001701,+0.286284,+0.241407,-0.001248,-0.001627,-0.004623,-0.000288,-0.000247,
-0.003914,-0.001107,-0.008661,+0.980986,+0.929908,+0.542301,+0.161985,+0.023538,-0.003020,-0.001436,+0.371670,-0.000681,-0.000872,-0.001782,+0.117145,-0.001354,
-0.000175,-0.000697,-0.005511,+0.146236,+0.417860,+0.881472,+1.593498,+1.120113,+0.305057,+0.144101,+0.290250,-0.000274,-0.000189,-0.001911,+1.046724,+0.098133,
+0.057232,-0.001487,-0.003871,-0.005885,-0.002413,+0.260282,+1.067306,+0.783966,+0.238055,-0.000633,-0.002092,-0.004289,-0.005708,-0.006093,+0.801387,+0.103199,
+0.023217,+0.077785,+0.864150,+0.301879,-0.008056,-0.009267,-0.009109,-0.008488,-0.007863,-0.004616,-0.001058,+0.089871,-0.001494,-0.006060,-0.002122,-0.001284,
-0.000848,+0.002487,+0.582610,+0.945702,+0.026338,+0.120009,+0.150719,+0.320190,+0.562465,+0.760820,+0.927813,+1.127455,+0.255468,-0.002939,-0.003342,-0.001338,
-0.002770,-0.005308,-0.006763,-0.006964,-0.000024,-0.000216,-0.002369,-0.003571,-0.003993,-0.002144,+0.017851,+0.238365,+0.163157,-0.002487,-0.000621,-0.000019,

channel --> 2
+0.077707,+0.575982,+0.468333,-0.001406,-0.005340,-0.008794,-0.005422,-0.008387,-0.010399,+0.243717,+0.616385,-0.002165,-0.001589,-0.001876,+0.111734,-0.001469,
-0.000030,+1.114850,+1.305492,+0.005193,-0.003222,-0.000870,-0.002129,-0.001529,+0.570629,+1.069167,+0.284705,-0.003264,-0.000635,+0.335906,+0.161607,+0.089781,
+0.046825,+0.585525,+1.037847,+0.306682,-0.002324,-0.001681,-0.000497,+0.126403,+0.430567,+0.099008,-0.003357,-0.005675,-0.000022,+0.241775,-0.003323,-0.004136,
+0.378126,+0.373497,+0.862015,+0.006073,+0.095932,+0.238220,+0.373831,+0.329803,+0.380771,+0.004819,-0.005547,-0.004274,+0.042849,+0.474407,+0.290709,-0.001153,
-0.000978,-0.001269,+1.474038,+0.100587,-0.000357,+0.125996,+0.209482,+0.174418,-0.001600,-0.002248,-0.004438,-0.000357,-0.000299,+0.494268,+0.163500,+0.174027,
-0.006087,-0.000937,+1.613136,+0.395471,-0.000829,-0.002483,-0.001977,+0.031277,+0.009070,+0.298164,+0.294763,-0.000167,-0.000161,+0.965050,+0.067568,+0.086711,
-0.003250,+0.014649,+1.402394,+0.584557,+0.358613,-0.000489,+0.239186,+0.250961,+0.072877,+0.399822,+0.241772,-0.002907,+0.307892,+1.531501,+0.179434,-0.000538,
-0.000890,+0.070052,+1.404692,+0.170220,+0.127919,+0.269691,+0.830363,+0.494572,-0.000121,-0.000377,-0.000830,-0.002077,+0.278545,+1.654468,+0.402907,-0.002956,
+0.004439,+0.047258,+0.782043,+0.262583,-0.000071,+0.123424,+0.579830,+0.203014,-0.001373,+0.025540,-0.000567,-0.000239,+0.530499,+1.477337,+0.266794,-0.001690,
+0.191868,-0.002073,+0.040040,+0.130575,+0.003448,+0.026841,+0.024059,-0.001000,-0.001607,-0.001550,-0.000564,+0.125022,+0.568171,+1.152840,-0.001512,+0.117938,
+0.078437,+0.022215,-0.002290,-0.002431,-0.003370,-0.002574,-0.002090,-0.002608,-0.002403,+0.015164,+0.244862,+0.162192,+0.932172,+1.107692,+0.172961,+0.217750,
+0.301679,+0.202307,+0.126321,+0.028278,-0.000584,+0.019556,+0.126779,+0.220847,+0.233564,+0.265096,+0.294962,+0.320743,+0.597713,+0.578066,+0.016727,+0.128620,

channel --> 3
+0.369020,-0.003268,-0.000933,+0.239842,+0.078633,+0.000016,-0.002025,-0.003882,-0.006345,-0.007494,+0.339570,+0.602800,+0.684236,+0.706975,+0.237746,+0.130305,
+0.508142,-0.003527,+0.417372,+0.858352,+0.658970,+0.316969,+0.170289,-0.000337,-0.001478,-0.000843,+0.753510,+0.836925,+0.789673,+0.643362,+0.255192,-0.009442,
+0.721751,+0.587756,+0.453072,+0.897654,+1.116253,+0.850397,+0.794743,+0.764905,+0.794745,+1.237804,+1.178184,+0.679478,+0.613685,+0.258313,+0.228458,-0.000616,
+0.505827,+0.448647,+0.240138,+0.725870,+1.071152,+1.018607,+1.012040,+1.129901,+1.519936,+1.264274,+0.526546,+0.015554,+0.522361,+0.411146,+0.420547,+0.459180,
+0.138998,+0.664801,+0.220361,+0.556916,+0.592940,+0.642302,+0.806953,+0.854055,+0.579379,+0.265734,+0.044711,+0.475746,+0.527737,+0.524588,+0.384466,+0.433714,
+0.043792,+0.759651,+0.082932,+0.611739,+0.746012,+0.458266,+0.104219,-0.001707,+0.144865,+0.453056,+0.560599,+0.520449,+0.440905,-0.001469,+0.361564,+0.493723,
+0.410013,+0.740025,-0.002470,+0.964534,+1.176398,+0.805540,+0.396648,+0.426637,+0.356780,+0.367444,+0.801893,+0.885473,+0.506846,+0.173629,+0.636785,+0.653213,
+0.744004,+0.747387,+0.072010,+0.797199,+1.090093,+1.154262,+1.400464,+1.137000,+0.849524,+0.775400,+0.995760,+0.875789,+0.621105,+0.005541,+1.015417,+0.846168,
+0.748483,+0.760163,+0.346203,+0.785952,+0.991544,+1.063560,+1.337932,+1.205705,+0.954278,+0.939819,+0.985057,+0.872770,+0.598557,+0.186053,+0.958456,+0.835079,
+0.630853,+0.805538,+0.446380,+0.788980,+1.099474,+1.072071,+1.102212,+1.125194,+1.122108,+0.984283,+0.960780,+0.922241,+0.492427,+0.007443,+0.633649,+0.599555,
+0.632636,+0.763781,+0.127302,-0.007952,-0.003317,-0.000540,+0.044847,+0.113601,-0.001342,-0.004192,-0.002849,-0.002866,-0.002818,+0.136228,+0.602454,+0.629232,
+0.545033,+0.556623,+0.295427,-0.002167,-0.000857,-0.001120,-0.001540,-0.001357,-0.001703,-0.001978,-0.001442,-0.000644,+0.096568,+0.585887,+0.703671,+0.539264,

channel --> 4
-0.002714,+0.503082,+0.396415,-0.002371,+0.278817,+0.177930,-0.001046,-0.004300,-0.003181,+0.193024,+0.214551,+0.012123,+0.135099,+0.062038,-0.002786,-0.002118,
+0.151347,+0.712590,+1.253376,-0.003947,+0.288207,+0.732939,+0.681931,+0.955321,+1.399419,+1.340453,+0.656371,-0.000124,+0.121324,+0.963191,-0.000025,-0.005725,
+0.652976,+1.280991,+1.317028,-0.003903,-0.005278,+0.367312,+0.573507,+0.814885,+0.752182,-0.000105,-0.000374,+0.064919,+0.612735,+1.608583,+0.740550,+0.176544,
+0.932366,+1.339593,+1.860062,+0.281866,-0.000174,+0.376865,+0.163355,+0.054702,-0.004335,-0.005801,+0.120192,+0.736471,+0.798244,+1.657110,+1.747120,+0.912436,
+0.652528,+0.953471,+2.417024,+0.372442,+0.169168,+0.911573,+0.863584,+0.513147,+0.224865,+0.271191,+0.431408,+0.684731,+0.762135,+1.328581,+1.198282,+1.074731,
+0.205724,+0.698107,+2.373447,+0.288006,-0.001060,+0.476451,+0.894752,+1.237033,+1.020127,+0.799180,+0.495972,+0.419057,+0.569718,+1.850737,+0.954124,+0.869087,
+0.125373,+0.527388,+2.402745,+0.251886,-0.004114,+0.159767,+0.503798,+0.811166,+0.938638,+0.786090,+0.094978,-0.000314,+0.746107,+2.225351,+0.612799,+0.370502,
+0.114343,+0.529528,+2.136965,+0.403133,-0.007347,-0.001747,-0.001128,+0.071508,-0.000179,-0.000404,-0.002486,-0.000541,+0.671648,+2.413810,+0.227127,-0.001788,
+0.012441,+0.345631,+1.687886,+1.045455,-0.001930,-0.002242,-0.004954,-0.005454,-0.003603,-0.003622,-0.002762,+0.169401,+1.266169,+2.409732,+0.197078,-0.002630,
+0.059223,+0.000071,+0.046151,-0.001145,+0.220294,+0.360339,+0.342976,+0.252896,+0.289504,-0.001389,-0.001684,+0.010106,+0.962948,+1.852844,+0.112381,-0.000650,
+0.273915,+0.328955,-0.000657,-0.008141,-0.005585,-0.004621,-0.003908,-0.003646,-0.004217,-0.005959,-0.006865,-0.008253,+0.523112,+1.476431,+0.259898,-0.002569,
+0.700704,+0.887812,+0.733842,+0.329900,+0.024680,+0.151639,+0.338360,+0.456391,+0.361012,+0.266868,+0.165861,+0.189903,+0.592475,+1.270640,+0.259267,+0.003774,

channel --> 5
+0.642895,-0.000801,-0.002723,+0.852315,+1.027101,+0.884099,+0.713593,+0.481665,+0.019916,+0.127622,+0.371009,+0.549699,+0.641736,+0.559256,+0.457066,-0.000931,
+0.727891,+0.115892,-0.003247,+0.512494,+0.873022,+1.419646,+1.439177,+0.784707,+1.100357,+0.926389,+0.237193,+0.363790,+0.324227,+0.375607,+0.812406,+0.224798,
+0.577497,-0.000170,-0.002710,+0.229958,+0.383355,+0.616933,+0.955988,+0.605224,+0.425750,-0.001941,-0.002007,+0.343440,+0.454715,+0.208632,+0.627196,+0.740673,
+0.689881,+0.247353,-0.000954,+0.894150,+0.407120,+0.334052,+0.225115,-0.001281,-0.005521,-0.002469,+0.227976,+0.803383,+0.760610,+0.221589,+0.725862,+1.361368,
+0.577890,+0.412045,-0.004177,+0.971400,+1.022556,+0.610914,+0.142504,-0.000732,+0.237711,+0.627877,+0.638619,+0.870492,+0.664905,+0.113543,+0.151983,+0.904146,
+0.467029,+0.516601,-0.002720,+0.616635,+0.564327,+0.995789,+0.832078,+1.059230,+1.277010,+1.131919,+0.828389,+0.532551,+0.271164,+0.027819,+0.371034,+0.468752,
+0.601216,+0.468553,-0.000645,+0.232499,+0.145590,+0.445151,+0.562087,+0.727154,+0.801611,+0.693170,+0.433908,+0.319404,+0.443772,-0.004068,+0.156066,+0.043399,
+0.690527,+0.644214,-0.002843,+0.208078,+0.010662,+0.274085,+0.119839,+0.087771,+0.023190,+0.198758,+0.259152,+0.331260,+0.273803,-0.004744,+0.032025,+0.213141,
+0.654808,+0.605419,-0.001806,-0.001264,-0.001871,-0.000029,-0.000159,+0.031020,+0.061591,-0.001193,-0.001389,-0.001158,-0.002666,-0.005232,+0.279111,+0.238067,
+0.719442,+0.519827,+0.202335,-0.002117,-0.006335,-0.006486,-0.006871,-0.006375,-0.005648,-0.004528,-0.005438,-0.003673,-0.002757,-0.006524,+0.426503,+0.481437,
+0.807359,+0.522910,+0.495309,+0.414729,+0.093164,+0.135074,+0.187389,+0.216954,+0.333282,+0.365927,+0.169879,+0.187761,-0.006359,-0.008806,+0.602923,+0.435060,
+0.727517,+0.880985,+0.748141,+0.924496,+1.025075,+0.867082,+0.980701,+0.978815,+0.845023,+0.807089,+0.714185,+0.530746,+0.347320,-0.000062,+0.562799,+0.736400,

channel --> 6
-0.000665,-0.000142,+0.080910,+0.012802,+0.043396,+0.163043,+0.099665,+0.114145,+0.193248,+0.003980,-0.000796,+0.031057,+0.084413,+0.027956,-0.001167,+0.085051,
-0.000637,-0.000998,+0.030981,-0.000346,-0.000319,-0.001094,-0.001030,-0.001199,-0.003041,-0.003467,-0.000519,+0.019438,+0.112840,+0.020834,-0.001789,-0.000291,
+0.003763,-0.000839,-0.000307,+0.025844,+0.090041,+0.060535,+0.024030,-0.000158,-0.000028,+0.002682,+0.032249,+0.093201,+0.113294,+0.032254,+0.053367,+0.007198,
-0.000419,-0.000184,+0.005982,-0.000130,+0.031432,+0.015103,-0.000043,-0.000098,-0.000179,+0.036199,+0.130509,+0.104325,+0.013435,+0.010986,-0.000117,-0.001637,
+0.045873,+0.026979,+0.003550,-0.000345,-0.000403,-0.000004,+0.036204,+0.072424,+0.136028,+0.144137,+0.083939,-0.000092,-0.000085,-0.000142,+0.081370,-0.000431,
+0.155744,+0.041368,-0.000512,-0.000061,-0.000047,-0.000197,-0.000232,-0.001050,-0.001002,-0.001022,-0.000259,+0.060070,+0.042411,-0.000813,-0.000101,-0.000134,
+0.136507,+0.044478,-0.000351,-0.000046,-0.000428,+0.038649,-0.000302,-0.000612,-0.000067,+0.063766,+0.044503,+0.058274,+0.032752,-0.000725,+0.050628,+0.050952,
+0.121710,+0.079018,+0.003066,+0.034650,+0.062105,+0.024604,-0.000207,+0.008532,+0.096835,+0.078791,+0.067249,+0.069969,-0.000014,-0.000479,-0.000073,+0.041448,
+0.147706,+0.102286,+0.011054,-0.000512,+0.035818,+0.014252,-0.000110,+0.032565,+0.067013,+0.080122,+0.038881,+0.057071,-0.000530,-0.000755,+0.018931,+0.057396,
+0.128289,+0.057465,-0.001287,-0.000855,-0.000505,-0.000332,-0.000233,-0.000354,-0.000498,-0.000645,-0.000425,+0.061738,-0.000010,+0.056315,+0.084797,+0.031682,
+0.108645,+0.027867,-0.001258,-0.001486,+0.028046,+0.114139,+0.121877,+0.093505,+0.067106,+0.054364,+0.001776,-0.000286,+0.128478,+0.162713,-0.000396,+0.074050,
+0.030350,+0.026648,-0.000615,-0.001467,-0.002267,-0.001914,-0.002152,-0.001884,-0.001654,-0.001585,-0.001281,-0.001015,-0.000810,+0.061652,-0.000197,+0.075632,

channel --> 7
+0.618727,+1.166585,-0.000800,+0.075527,+0.209820,-0.001810,-0.000092,-0.003579,-0.009558,-0.009184,-0.001320,+0.135343,-0.000946,+0.044016,+0.570635,+0.472376,
+0.088231,+1.560642,+0.186061,-0.001437,+0.194449,+0.741912,+0.558635,+0.208405,+0.067478,+0.147639,+0.205029,+0.007592,-0.002213,-0.000940,+0.345129,+0.606537,
+0.383757,+0.077644,-0.003813,-0.004171,-0.004244,-0.000212,+0.313781,+0.011367,-0.000878,-0.004130,-0.004879,-0.002511,-0.001530,-0.000572,+0.383519,-0.001411,
-0.000971,-0.005418,-0.001096,+0.223768,-0.003643,-0.003311,-0.004788,-0.005383,-0.006834,-0.006691,-0.007389,-0.005194,-0.000731,+0.335215,+0.776989,+0.703307,
-0.007291,-0.003446,+0.034455,+0.324066,+0.519433,-0.001209,-0.005828,-0.007181,-0.006870,-0.007169,-0.008680,+0.037685,+0.082739,-0.000402,-0.003631,-0.000029,
-0.007815,-0.000666,+0.209732,-0.000919,+0.165230,+0.412327,+0.128422,+0.090780,+0.401726,+0.401202,+0.144032,+0.000211,-0.002161,-0.001712,-0.004532,+0.123063,
-0.005798,-0.003210,+0.062140,-0.001288,-0.000482,+0.051419,-0.002406,+0.021865,+0.476840,+0.523501,+0.020217,-0.002105,-0.000770,-0.000836,-0.003261,+0.026723,
-0.004706,-0.005994,+0.160775,-0.001270,-0.005407,-0.000542,-0.002906,-0.001817,-0.001558,-0.000953,-0.003218,-0.002624,-0.001751,+0.135979,-0.003446,-0.000718,
-0.005768,-0.004814,+0.215213,+0.130715,-0.004374,-0.003793,-0.004882,-0.003752,-0.002423,-0.002618,-0.003810,-0.003567,-0.000865,+0.039525,-0.003901,-0.003721,
-0.007999,-0.003347,+0.644533,+0.380728,-0.003576,-0.003426,-0.003315,-0.003944,-0.003343,-0.005343,-0.005976,-0.003554,+0.027289,+0.257022,-0.003552,-0.004269,
-0.003477,-0.001560,-0.000829,+0.259546,+0.155418,+0.410780,+0.295082,+0.235002,+0.299214,+0.140734,-0.001926,+0.522455,+0.644445,-0.000490,-0.001653,-0.005404,
-0.003416,-0.001688,+0.105017,-0.004018,-0.002170,-0.001583,-0.002209,-0.002070,-0.002525,-0.001048,+0.173712,+0.126522,+0.190485,-0.001949,-0.001089,-0.002803,

channel --> 8
+0.010623,-0.008549,-0.001240,+0.353346,-0.002694,-0.003791,-0.005441,-0.005459,-0.006365,-0.003025,+0.321168,+0.556505,+0.224375,-0.000344,+0.004387,+0.075968,
-0.000522,-0.010721,+0.102903,+0.902245,+0.107211,-0.005079,-0.006239,-0.007060,-0.007627,-0.007099,+0.117527,+0.598416,+0.120434,-0.002093,-0.004597,-0.005240,
-0.001659,-0.003309,-0.001102,+0.996595,+0.585285,+0.180598,-0.001766,-0.003383,-0.001624,+0.539580,+0.713510,+0.252295,-0.004538,-0.008212,-0.005724,-0.002144,
-0.001156,-0.005509,-0.005119,+0.727959,+1.059500,+0.984117,+1.045801,+1.222438,+1.627589,+1.237017,+0.253414,-0.003178,-0.003089,-0.005725,-0.005830,-0.000134,
-0.003427,-0.003176,-0.006737,+0.356777,+0.465810,+0.465865,+0.502732,+0.525038,+0.285550,+0.061278,+0.016927,-0.002301,-0.002717,-0.003649,-0.001575,+0.174087,
-0.003580,-0.000998,-0.006937,+0.449644,+0.670483,+0.139758,-0.002969,-0.004927,-0.003602,+0.032451,+0.259116,+0.015466,-0.000655,-0.006989,-0.003320,+0.237462,
-0.000384,-0.000642,-0.007138,+0.800380,+1.359550,+0.761808,+0.111481,-0.001676,-0.002463,+0.192491,+0.731983,+0.543536,-0.000604,-0.007027,-0.000947,+0.474375,
+0.191162,+0.004460,-0.004541,+0.622660,+1.299170,+1.291255,+1.367585,+1.230177,+1.005762,+1.036459,+1.070730,+0.561254,+0.017579,-0.004235,+0.815571,+1.146348,
+0.196212,+0.042819,-0.000851,+0.797930,+1.321480,+1.383694,+1.553383,+1.479016,+1.315398,+1.300222,+1.190829,+0.558209,+0.013654,-0.003077,+0.759186,+1.050770,
+0.053921,-0.000890,-0.003865,+0.238600,+0.748262,+0.759354,+0.772677,+0.938620,+0.865071,+0.612039,+0.296305,-0.000178,-0.005256,-0.005855,+0.491157,+0.886794,
-0.001324,-0.002012,-0.005436,-0.010656,-0.009691,-0.010283,-0.010149,-0.009135,-0.010926,-0.013260,-0.010450,-0.009558,-0.010471,-0.006802,+0.443844,+0.776220,
-0.000758,-0.004405,-0.006135,-0.005354,-0.004276,-0.004869,-0.005251,-0.005821,-0.006576,-0.006769,-0.005636,-0.002656,-0.002247,-0.002656,+0.703703,+0.819940,

channel --> 9
-0.006286,-0.003370,-0.001751,-0.001114,-0.000531,+0.478378,+0.277204,+0.255198,+0.580885,+0.363970,-0.004345,-0.004153,-0.000361,-0.003059,-0.007085,-0.005448,
-0.003929,-0.007182,-0.006528,-0.001153,-0.000656,+0.056692,+0.207715,-0.001161,-0.002589,-0.006985,-0.007899,-0.000657,+0.575759,+0.397153,-0.004935,-0.004721,
-0.002978,+0.002355,+0.294508,+0.449562,+0.523261,-0.001138,-0.000089,-0.002094,-0.002106,+0.297918,+0.488492,+0.740102,+1.018674,+0.604471,-0.000480,-0.000484,
-0.000151,+0.508288,+0.283632,-0.000009,+0.536768,+0.318337,+0.131193,+0.175219,+0.283919,+0.810168,+1.033470,+1.373248,+0.777665,+0.118728,-0.000043,-0.000064,
+0.553067,+0.354771,-0.000602,-0.000398,+0.602348,+0.878868,+1.226201,+1.437460,+1.658112,+1.367715,+1.062152,+0.321193,+0.497771,+0.287872,+0.364079,+0.429581,
+0.595405,-0.000806,-0.000628,-0.003214,-0.000679,+0.172474,+0.686542,+0.943969,+0.668386,+0.283123,+0.116365,+0.070869,+0.402525,+0.341596,+0.392651,-0.000496,
+0.381274,+0.129001,+0.273130,-0.003477,-0.004008,-0.001947,+0.145076,+0.132901,+0.104065,-0.000952,-0.000841,+0.218301,+0.264155,+0.086152,-0.001727,-0.001015,
+0.230869,+0.653473,-0.001378,+0.058798,+0.557865,-0.001332,-0.003026,-0.004533,-0.002210,-0.000864,+0.195451,+0.383948,+0.362977,+0.046293,-0.003032,+0.215941,
+0.450232,+0.724868,-0.000533,+0.411106,+1.061265,+0.506483,+0.331115,+0.257034,+0.137833,+0.543994,+1.043998,+1.374816,+1.104678,+0.435734,+0.004181,+0.504861,
+0.636341,+0.631025,-0.004279,+0.156299,+1.506165,+1.717947,+1.672574,+1.628496,+1.457743,+1.652392,+1.536149,+1.137246,+0.582411,-0.000964,+0.242359,+0.804272,
+0.547902,+0.565756,-0.002119,-0.000975,+0.402476,+0.781332,+0.982881,+0.978624,+0.910932,+0.956694,+0.688735,+0.091203,-0.005713,-0.005659,+0.080491,+1.119437,
+0.320221,+0.557657,+0.130639,+0.285001,-0.000158,-0.000813,+0.083609,+0.114518,+0.068400,-0.000700,-0.004111,-0.005721,-0.005056,-0.002247,+0.156748,+0.950963,

channel --> 10
+0.957936,+1.445172,+0.312962,+0.199032,+0.413802,+0.451513,+0.877310,+1.455037,+2.356956,+2.468863,+0.715863,+0.184576,-0.001190,+0.383176,+1.266068,+1.210685,
+0.682088,+1.627160,-0.001175,-0.002076,-0.001444,+0.055548,+0.634118,+1.394457,+2.171538,+2.288485,+0.708289,-0.001367,-0.004863,-0.000153,+1.254842,+2.884568,
+0.331853,+0.595794,+0.382978,-0.004671,-0.006866,-0.001915,-0.000225,+0.617199,+0.637829,+0.036165,-0.002045,-0.001677,-0.001499,+0.185580,+0.480953,+2.279659,
+0.640068,+0.371189,-0.003670,-0.003975,-0.008881,-0.006641,-0.005811,-0.005945,-0.009995,-0.008279,+0.039511,+0.251240,-0.005317,-0.003372,-0.002621,+0.832997,
+1.028451,+0.103313,-0.004564,-0.004269,-0.008583,-0.002371,-0.003884,-0.006001,-0.004707,-0.001606,+0.263608,-0.006749,-0.005132,-0.003539,+0.115767,+0.290438,
+0.920106,+0.141532,-0.004111,-0.002749,-0.005836,-0.003983,-0.003741,-0.001853,-0.007496,-0.009114,-0.006299,-0.003676,-0.002045,+0.136223,+0.053233,-0.000797,
+0.143162,+0.141754,+0.067960,-0.006751,-0.008096,-0.004005,+0.017551,-0.002300,-0.003856,-0.005640,-0.005828,-0.004039,-0.003328,-0.003800,+0.147394,-0.002669,
-0.003099,-0.001902,-0.002236,-0.004764,-0.008313,-0.007649,-0.008048,-0.004569,-0.002574,-0.003480,-0.004677,-0.004194,-0.004471,-0.004213,-0.005024,-0.007849,
-0.003556,-0.002272,+0.071928,-0.001225,-0.006041,-0.006254,-0.009902,-0.008120,-0.005135,-0.006594,-0.005987,-0.005869,-0.005244,-0.004849,-0.006552,-0.006827,
-0.003795,-0.002200,+1.223101,+0.491488,-0.000968,-0.001203,-0.000907,-0.002277,-0.001726,+0.021495,+0.094980,-0.002194,+0.019525,-0.000434,-0.000351,-0.003045,
-0.002598,-0.001260,+1.401710,+2.984164,+1.934462,+1.239754,+1.095633,+1.061074,+1.446941,+1.962212,+1.901413,+1.803529,+1.360138,+0.375439,+0.245274,-0.006307,
+0.219043,+0.178664,+0.732862,+2.058717,+1.605077,+1.567573,+1.722129,+1.520260,+1.557984,+1.596871,+1.363936,+1.677668,+2.016849,+0.689451,+0.040792,-0.004508,

channel --> 11
-0.003748,-0.007742,-0.005320,+0.254484,+0.266681,+0.251470,-0.000663,-0.003229,-0.006974,-0.008621,-0.003828,-0.002257,+0.135382,-0.000334,-0.004717,-0.006273,
-0.001448,-0.005395,-0.002947,+0.374533,+0.534702,+0.811140,+0.630284,-0.003222,-0.006692,-0.006445,-0.003252,+0.233833,+0.699043,+0.374964,-0.001054,-0.009184,
+0.087906,+0.083450,+0.232797,+0.776101,+0.579914,+0.053438,+0.465833,+0.019831,+0.062630,+0.306637,+0.463629,+0.634411,+0.844320,+0.101598,-0.000092,-0.004476,
-0.000794,-0.000371,+0.042206,+0.693582,+0.666613,+0.213135,+0.014304,+0.144691,+0.338431,+0.659742,+0.286205,+0.470722,+0.643950,+0.343373,+0.651255,+0.563001,
-0.003275,+0.071155,+0.105714,+0.640054,+1.292475,+0.711728,+0.832227,+0.918429,+0.995290,+0.491893,-0.001821,+0.428887,+0.407987,+0.362178,+0.121202,+0.422379,
-0.002913,+0.234109,+0.114879,+0.058910,+0.675543,+0.488131,+0.192152,+0.144543,+0.545605,+0.416317,+0.285200,+0.330366,+0.045841,-0.003687,-0.002066,+0.030697,
+0.040564,+0.277033,-0.000391,+0.032277,+0.258210,-0.000018,-0.001136,+0.048184,+0.480119,+0.446052,+0.287832,+0.342287,+0.215976,-0.002320,-0.002260,+0.142247,
+0.282684,+0.491065,-0.001127,+0.170727,+0.623009,+0.112185,-0.000417,-0.002375,-0.000629,+0.012967,+0.184737,+0.378063,+0.274364,-0.001380,-0.002368,+0.400931,
+0.364282,+0.640315,-0.000435,+0.325294,+0.629127,+0.277787,+0.298376,+0.230204,+0.104662,+0.458230,+0.707604,+0.989245,+0.714411,+0.353561,+0.104944,+0.550026,
+0.383707,+0.720578,-0.003069,+0.195826,+0.996629,+1.148553,+1.133850,+1.063629,+0.966677,+1.116289,+0.966377,+0.789677,+0.281590,-0.000821,+0.346662,+0.745249,
+0.532673,+0.603405,-0.004295,-0.008940,-0.001812,+0.402147,+0.524355,+0.412281,+0.171229,-0.000590,-0.002601,-0.002745,-0.004964,-0.003683,+0.456271,+1.016743,
+0.184414,+0.522376,-0.000039,-0.004782,-0.002864,-0.002880,-0.002967,-0.002193,-0.002706,-0.002933,-0.002392,-0.005285,-0.006793,-0.001095,+0.271398,+0.736731,

channel --> 12
+0.667905,+0.643696,+0.550263,+1.560777,+1.369724,+1.334331,+1.318106,+1.882458,+2.367400,+2.175294,+0.860412,+1.042999,+0.638143,+0.451592,+0.338750,+0.672802,
+0.510996,+0.062007,-0.004547,+1.140291,+0.689448,+0.857559,+1.335810,+1.132950,+1.575875,+1.418790,+0.687787,+0.519459,+0.114757,+0.151887,+0.181651,+1.008874,
+0.471464,-0.001306,-0.003462,+0.794753,+0.863716,+0.783519,+0.978079,+0.864485,+0.619132,+0.261712,+0.200219,+0.607174,+0.337735,+0.056618,+0.505846,+1.503416,
+0.600981,-0.000562,-0.007661,+1.124443,+0.865703,+0.938287,+0.805779,+0.410119,+0.029880,+0.224565,+0.964918,+1.107192,+0.356975,-0.006047,-0.001766,+1.148271,
+1.008458,+0.319488,-0.012407,+0.928872,+0.897495,+1.060363,+0.527522,+0.280959,+0.445642,+0.997503,+1.440033,+0.466237,+0.443223,-0.005641,-0.002025,+0.914057,
+1.331933,+0.454871,-0.010262,+0.935512,+0.850706,+0.986536,+1.010480,+1.074869,+0.754757,+0.885085,+0.890253,+0.365551,+0.409021,-0.004240,-0.000678,+0.303984,
+0.980480,+0.735067,-0.004533,+0.711272,+0.957527,+0.901615,+0.853545,+0.757301,+0.616079,+0.476991,+0.593512,+0.440590,+0.314555,-0.010654,-0.000192,-0.000266,
+0.764867,+0.998920,-0.007123,+0.506984,+0.801583,+0.928701,+0.904344,+0.762408,+0.523561,+0.775669,+0.907964,+0.629729,+0.195333,-0.009506,+0.315826,+0.484378,
+0.814901,+0.919121,-0.001061,+0.430729,+0.668661,+0.785996,+0.716990,+0.781050,+0.756832,+0.450015,+0.490947,+0.101320,-0.002382,-0.011501,+0.731670,+0.723223,
+0.665794,+0.505362,+0.319538,+0.101216,+0.044313,+0.135923,+0.109150,+0.146504,+0.117963,-0.000758,-0.003451,-0.004072,-0.002304,-0.010775,+1.222479,+1.038030,
+0.606879,+0.495084,+0.336878,+1.091763,+1.018290,+0.767282,+0.708121,+0.633184,+0.702784,+0.715924,+0.530933,+0.363177,-0.008545,-0.011873,+1.162251,+0.791571,
+0.701080,+0.738171,+0.584783,+1.220328,+0.758910,+0.523939,+0.783593,+0.680185,+0.480498,+0.325440,-0.000981,+0.104834,+0.569249,+0.156894,+1.157274,+1.111688,

channel --> 13
+0.113106,+0.089881,+0.011963,+0.004068,-0.000576,-0.000535,+0.012061,+0.018833,+0.024408,+0.130814,+0.078685,-0.000133,-0.000618,+0.034325,+0.184495,-0.000003,
+0.100060,+0.145568,+0.062467,+0.020598,-0.000182,+0.067410,+0.112181,+0.132748,+0.243604,+0.294816,+0.081451,-0.000696,-0.001124,-0.000201,+0.253457,+0.182915,
-0.000025,+0.042202,+0.029491,-0.000827,-0.000339,+0.007007,+0.025464,+0.062727,+0.061386,-0.000266,-0.001007,-0.001149,-0.000757,+0.017398,-0.000154,+0.061248,
+0.048074,+0.044374,-0.000045,-0.000570,-0.000741,-0.000063,+0.019678,-0.000260,-0.000689,-0.001114,-0.000967,-0.000712,-0.000141,-0.000168,-0.000340,+0.016766,
+0.035971,-0.000122,-0.000327,-0.000585,-0.000836,-0.000633,-0.001120,-0.001456,-0.001498,-0.000676,-0.000023,-0.000271,-0.000208,-0.000183,-0.000446,-0.000180,
-0.000352,-0.000291,+0.025819,-0.000010,-0.000308,+0.012678,+0.008683,+0.026036,+0.004115,+0.027243,+0.023766,-0.000425,-0.000272,+0.035431,-0.000125,-0.000177,
-0.000619,-0.000200,+0.038475,-0.000115,+0.029631,+0.032740,+0.070784,+0.039881,-0.000159,-0.000261,-0.000341,-0.000657,-0.000079,+0.044404,-0.000479,-0.000579,
-0.000762,-0.000012,+0.031831,-0.000825,-0.000679,+0.025414,+0.088466,+0.059917,-0.000241,-0.000242,-0.000329,-0.000652,-0.000050,+0.017744,-0.000078,-0.000508,
-0.000850,-0.000095,+0.025583,-0.000849,-0.001207,-0.000460,+0.003587,-0.000181,-0.000452,-0.001015,-0.001106,-0.001483,-0.000949,-0.000277,-0.000137,-0.000463,
-0.000788,-0.000058,+0.152134,+0.020553,-0.001273,-0.001475,-0.001536,-0.001746,-0.001698,-0.000889,-0.000383,-0.000735,-0.000086,+0.022857,-0.000393,-0.000371,
-0.000637,+0.030452,+0.212535,+0.340468,+0.088575,-0.000184,-0.000194,+0.001648,+0.057769,+0.133070,+0.194335,+0.169601,-0.000039,+0.010443,+0.023962,-0.000535,
+0.026531,+0.063609,+0.098488,+0.226391,+0.292114,+0.253883,+0.256943,+0.241938,+0.243043,+0.247200,+0.221436,+0.182562,+0.126463,+0.051736,-0.000011,-0.000409,

channel --> 14
+0.045206,+0.633944,+1.153045,+0.553691,+0.591391,+0.669590,+0.954413,+1.656226,+2.457438,+2.212506,+0.454427,-0.000260,+0.003114,+0.250791,+0.035917,+0.661601,
+0.328582,+0.107805,+0.211052,+0.006891,-0.002515,-0.006538,-0.003881,+0.192205,-0.001320,-0.001730,-0.003553,-0.001587,-0.000913,+0.348310,+0.201286,+0.903347,
+0.384876,+0.520879,+0.614636,-0.000458,-0.003374,-0.000417,-0.001945,-0.000606,-0.001372,-0.002203,-0.001675,+0.132500,+0.419877,+0.807996,+0.641151,+1.006954,
+0.517054,+0.974315,+0.926840,+0.001914,-0.003548,-0.001266,-0.001653,-0.002740,-0.005098,-0.004109,+0.516522,+0.594120,+0.008686,+0.426751,+0.194462,+0.009193,
+1.122242,+0.672037,+0.650755,-0.001025,-0.008293,-0.001959,+0.160952,+0.294758,+0.397043,+0.555945,+0.712059,-0.003492,-0.002510,+0.466074,+0.405492,+0.037472,
+1.251703,+0.195781,+0.567553,+0.246551,-0.003850,-0.005931,+0.038791,+0.168923,-0.003997,-0.004518,-0.004436,-0.004089,-0.000150,+0.810811,+0.423045,-0.002183,
+0.555211,+0.245452,+0.852542,+0.001790,-0.002508,-0.004097,-0.001860,-0.003064,-0.006343,-0.005466,-0.004143,-0.003136,-0.000285,+0.700930,+0.273539,-0.004583,
+0.026221,-0.001056,+0.464573,-0.000820,-0.004611,-0.004627,-0.003918,-0.002709,-0.003053,-0.003051,-0.004165,-0.005566,-0.002208,+0.633864,-0.000866,-0.006499,
+0.006004,-0.002354,+0.323840,+0.053107,-0.004519,-0.004615,-0.006660,-0.005804,-0.004629,-0.005778,-0.004586,-0.003364,+0.067438,+0.556241,-0.001939,-0.005792,
+0.169134,-0.001826,+0.042555,-0.002232,+0.044992,+0.132571,+0.152539,+0.076124,+0.097128,-0.000323,-0.001044,-0.002459,+0.428940,+0.654041,+0.210600,-0.003629,
+0.201429,-0.000266,+0.649139,+0.943556,+1.166620,+0.702743,+0.554315,+0.422055,+0.444995,+0.613715,+0.799458,+0.540518,+0.562388,+0.582922,+0.098776,-0.005310,
+0.299162,+0.230542,+0.692716,+1.018970,+0.657969,+0.645145,+0.738513,+0.700883,+0.760788,+0.655613,+0.382967,+0.300459,+0.409512,+0.391105,-0.000376,-0.005613,

channel --> 15
-0.005717,-0.015395,-0.011046,+0.450309,+1.218544,+0.861110,-0.000181,-0.002864,-0.006717,-0.012555,-0.003463,-0.000475,+0.389463,+0.182643,-0.005920,-0.007412,
+0.013215,-0.013344,-0.009623,-0.000482,+0.971595,+2.434074,+1.999863,+0.583899,+0.659184,+0.773052,+0.401636,+0.120791,+0.821837,+0.538987,+0.175416,-0.011489,
+0.349603,-0.004201,-0.004461,+0.271148,+0.078441,+0.034272,+1.194453,+0.686849,+0.644286,+0.229901,+0.072903,+0.561920,+0.924146,+0.230874,+0.764658,-0.002240,
-0.001493,-0.004429,-0.006243,+0.569399,+0.160707,-0.004523,-0.006123,-0.005281,-0.003612,+0.055778,-0.001028,+0.480947,+0.757481,+0.238331,+1.268555,+1.220483,
-0.003861,-0.001673,-0.005963,+0.973258,+2.027880,+0.557633,+0.027852,+0.250369,+0.630907,+0.165433,-0.006070,+0.905393,+0.875282,+0.087776,-0.001590,+0.498673,
-0.001971,+0.277929,-0.007679,-0.001965,+0.727959,+1.113654,+0.614774,+0.700497,+1.430521,+0.939696,+0.549503,+0.652875,+0.177826,-0.006107,+0.006624,+0.174893,
+0.014768,+0.210960,-0.007678,-0.003529,-0.001914,-0.001803,-0.001298,+0.450259,+1.301944,+0.710383,+0.285711,+0.316671,+0.208559,-0.009121,-0.001252,+0.245259,
+0.182419,+0.267318,-0.007102,-0.002938,-0.000611,-0.002260,-0.003130,-0.006294,-0.005709,-0.004707,-0.002250,+0.395240,+0.199150,-0.010833,-0.005993,-0.000716,
+0.249695,+0.502589,-0.005922,-0.003863,-0.002269,-0.003830,-0.001375,-0.003245,-0.005733,-0.001519,+0.130709,+0.655769,+0.221403,-0.007598,-0.003962,-0.001194,
+0.426113,+0.805570,-0.006996,-0.005663,-0.000925,-0.000014,+0.003828,-0.000559,-0.000720,+0.210763,+0.288676,+0.520993,-0.002535,-0.007747,-0.000450,+0.140834,
+0.788558,+0.934308,-0.003653,-0.011317,-0.001180,+0.590831,+0.700824,+0.493244,+0.261199,+0.097336,-0.000554,-0.001216,-0.008671,-0.009607,+0.208330,+0.573682,
+0.123799,+0.981205,+0.689918,-0.001442,-0.001096,-0.001285,-0.001034,+0.097498,+0.065250,+0.037235,+0.119865,-0.005180,-0.010345,-0.004592,-0.001954,+0.348636,

channel --> 16
+0.473790,+1.830616,+0.193177,-0.003697,-0.001723,-0.001181,+0.262915,-0.004424,-0.007029,-0.003114,+0.111495,-0.002832,-0.001504,+0.175912,+0.309908,-0.003299,
+0.332103,+1.645666,+0.349661,-0.006842,-0.001760,+0.417949,+0.222101,+0.587736,+0.809063,+0.519121,-0.002236,-0.005351,-0.003167,+0.610110,+0.762174,-0.007543,
+0.546244,+0.680467,+0.672262,-0.009613,-0.006218,+0.364049,+0.460030,+0.615519,+0.350955,-0.004345,-0.005135,-0.003653,+0.568558,+1.525269,+0.770986,-0.004672,
+0.699383,+1.622526,+1.680094,-0.002155,-0.006330,-0.000920,-0.000731,-0.005501,-0.012109,-0.009324,-0.001755,+0.280046,+0.456098,+0.883410,+1.019435,+0.108758,
+0.752034,+1.020829,+1.431027,+0.009586,-0.004486,+0.018131,+0.083093,+0.006124,+0.098476,+0.287447,+0.130275,+0.169043,+0.286473,+0.762747,+0.201552,+0.437165,
+0.199756,+0.059088,+1.397480,-0.000176,-0.008417,-0.000980,+0.541571,+1.001905,+0.870541,+0.598558,-0.001797,-0.006950,-0.001696,+1.298633,+0.870801,-0.000309,
+0.006628,-0.001822,+1.473194,-0.004607,-0.011417,-0.004267,-0.000543,+0.296283,-0.002182,-0.006608,-0.007953,-0.005845,+0.272886,+1.792390,+0.146246,-0.008039,
-0.000588,+0.028439,+1.108788,-0.002680,-0.013179,-0.006036,-0.004569,-0.004506,-0.007303,-0.006811,-0.005988,-0.006071,+0.085165,+1.284148,-0.003517,-0.008861,
-0.001554,-0.000597,+0.507887,+0.039930,-0.010252,-0.008195,-0.009474,-0.009618,-0.009747,-0.012331,-0.008795,-0.006538,+0.191863,+0.958656,-0.004712,-0.010526,
+0.170602,-0.002974,+0.427353,-0.001996,-0.007818,-0.007240,-0.006799,-0.007880,-0.007371,-0.009852,-0.009739,-0.006322,+0.498609,+0.420733,-0.006060,-0.009987,
+0.307930,+0.016910,+0.340894,+0.507037,-0.000632,+0.093844,+0.253222,+0.369749,+0.722127,+1.025394,+0.581668,+0.201686,-0.004518,-0.001129,-0.005764,-0.010012,
+0.431578,+0.947572,+1.004759,+0.578604,+0.297040,+0.019182,+0.300500,+0.459236,+0.390629,+0.276610,-0.003186,-0.008195,-0.002201,+0.398872,-0.003052,-0.006982,

channel --> 17
-0.002425,-0.011851,-0.000054,+0.742871,+0.650693,+0.474316,-0.000435,+0.347266,+0.718367,+0.648730,+0.285326,+0.567769,+0.506319,+0.320487,-0.005274,+0.062733,
+0.311890,-0.017332,-0.002772,+0.995919,+0.527627,+0.505267,+0.452495,-0.000552,+0.164140,-0.000273,+0.137140,+0.881730,+0.499651,+0.004614,-0.006832,-0.011001,
+0.581295,+0.139890,+0.213342,+1.296670,+0.740085,+0.287998,+0.692175,+0.460714,+0.629594,+1.048144,+1.153923,+1.017768,+0.315801,-0.006799,+0.309094,+0.767383,
+0.425470,-0.004651,-0.008592,+1.145899,+0.975218,+0.527459,+0.584964,+0.759806,+1.145028,+1.397817,+0.773948,+0.186186,-0.003599,-0.008731,-0.000784,+1.322440,
+0.308660,-0.002183,-0.008655,+0.878602,+1.225884,+0.773525,+0.639759,+0.767646,+0.717244,+0.260647,-0.001791,-0.004476,-0.003694,-0.006437,-0.004328,+0.671763,
+0.496061,+0.246127,-0.008263,+0.382175,+0.804462,+0.322751,-0.003276,-0.006240,-0.006343,-0.003017,+0.017011,+0.019767,-0.002074,-0.010422,-0.007839,-0.003005,
+0.574021,+0.269665,-0.005905,+0.391268,+0.855505,+0.268141,-0.002300,-0.003583,-0.002788,-0.001293,+0.529421,+0.811320,+0.053106,-0.010798,-0.000896,+0.045130,
+0.694346,+0.321681,-0.007604,+0.562131,+1.177691,+0.821811,+0.716000,+0.463428,+0.458306,+0.674484,+0.957488,+0.810335,+0.029115,-0.009510,+0.183648,+0.640357,
+0.735211,+0.482585,-0.004961,+0.684783,+1.128129,+0.986071,+1.096974,+1.060297,+0.859888,+1.052869,+1.237477,+0.920353,+0.092784,-0.008112,+0.312137,+0.685561,
+0.472885,+0.244632,-0.008789,+0.135512,+1.113477,+1.165629,+1.245172,+1.281119,+1.238132,+1.047461,+0.586930,+0.360679,-0.001348,-0.010647,+0.740297,+0.910560,
+0.392155,+0.081112,-0.008472,-0.017840,-0.005566,-0.003345,-0.002996,-0.003763,-0.008201,-0.011794,-0.010541,-0.012385,-0.013484,-0.010397,+0.902456,+0.906842,
+0.302437,+0.164770,+0.135915,+0.315566,-0.002786,-0.004307,-0.002379,-0.002616,-0.004026,-0.005881,-0.007034,-0.004357,+0.042184,+0.091257,+0.897190,+0.964546,

channel --> 18
-0.011266,-0.011616,-0.007058,-0.007932,-0.008281,-0.009017,-0.009857,-0.008773,-0.006988,-0.005205,-0.007585,-0.009245,-0.009075,-0.009129,-0.010367,-0.009701,
-0.008631,-0.012869,-0.006842,-0.008099,-0.009183,-0.009064,-0.009505,-0.009492,-0.008593,-0.008674,-0.010191,-0.009179,-0.008852,-0.007322,-0.009608,-0.011243,
-0.008478,-0.006742,-0.004973,-0.007189,-0.010401,-0.009928,-0.009168,-0.009145,-0.008966,-0.008111,-0.008281,-0.008394,-0.008308,-0.007281,-0.007788,-0.008430,
-0.007431,-0.006066,-0.005252,-0.007959,-0.008291,-0.008973,-0.008278,-0.007619,-0.007274,-0.007404,-0.007828,-0.008147,-0.008152,-0.007353,-0.007160,-0.007899,
-0.007006,-0.007576,-0.005416,-0.008082,-0.008521,-0.008444,-0.007604,-0.006834,-0.006997,-0.007423,-0.007455,-0.008850,-0.008893,-0.006335,-0.007622,-0.007954,
-0.007932,-0.008583,-0.005373,-0.007992,-0.008774,-0.009114,-0.007792,-0.007107,-0.008292,-0.007901,-0.008377,-0.009028,-0.008269,-0.005177,-0.007389,-0.008988,
-0.009053,-0.008411,-0.005012,-0.008127,-0.007964,-0.009234,-0.008330,-0.008535,-0.009521,-0.009322,-0.008466,-0.008713,-0.007886,-0.004857,-0.008131,-0.009112,
-0.009649,-0.009012,-0.006249,-0.008687,-0.008285,-0.008494,-0.007654,-0.008118,-0.009157,-0.008981,-0.009055,-0.009476,-0.007590,-0.004819,-0.007588,-0.008847,
-0.009414,-0.009508,-0.007321,-0.007745,-0.008408,-0.008380,-0.007755,-0.008350,-0.009046,-0.008993,-0.008087,-0.008077,-0.006304,-0.004890,-0.008247,-0.009156,
-0.008669,-0.009023,-0.010831,-0.010115,-0.007586,-0.007713,-0.007742,-0.007701,-0.007690,-0.007629,-0.007598,-0.008397,-0.007178,-0.006643,-0.008655,-0.008279,
-0.008749,-0.008260,-0.008685,-0.011815,-0.009648,-0.010428,-0.010406,-0.010498,-0.011374,-0.011586,-0.009971,-0.011399,-0.010786,-0.007591,-0.008176,-0.008209,
-0.008274,-0.008334,-0.007033,-0.006836,-0.007391,-0.007500,-0.006922,-0.006733,-0.007033,-0.007729,-0.008520,-0.009089,-0.009235,-0.007628,-0.008322,-0.008683,

channel --> 19
+0.058784,-0.011627,-0.006610,-0.003144,-0.003993,-0.006142,-0.007175,-0.008154,-0.012016,-0.013011,-0.000659,+0.013205,+0.373437,+0.355757,+0.256512,-0.003433,
+0.266708,-0.007458,-0.003422,-0.000394,-0.000528,+0.004833,-0.000969,-0.002549,-0.001101,+0.140427,+0.206551,-0.000370,+0.385840,+0.203922,+0.407155,-0.004258,
+0.037236,-0.002489,-0.004126,+0.116494,+0.302247,+0.036715,+0.120826,+0.169862,+0.240022,+0.302437,-0.000112,-0.002520,+0.143268,-0.002300,-0.003204,-0.005408,
-0.001662,-0.003962,-0.005502,-0.003829,-0.002437,-0.002312,-0.001535,-0.001627,-0.000659,+0.204600,-0.002518,-0.005384,+0.251539,-0.000175,-0.000751,-0.005036,
-0.005099,-0.001750,-0.001211,-0.001237,-0.001008,-0.002014,-0.001487,-0.001919,-0.000696,-0.001734,-0.005041,+0.259544,+0.457877,+0.112967,-0.000416,-0.002828,
-0.005420,+0.276694,-0.002912,+0.055898,-0.000743,+0.069901,-0.002363,-0.004897,-0.001265,+0.080814,+0.287673,+0.476240,+0.408581,-0.002536,+0.115479,+0.084447,
-0.001662,+0.416561,-0.006591,+0.065649,-0.001607,+0.063885,+0.368107,+0.325160,+0.309828,+0.363786,+0.134330,+0.204989,+0.352124,+0.008937,+0.458419,+0.326742,
+0.186224,+0.382555,-0.002175,-0.000061,+0.186268,-0.000464,-0.000042,+0.001307,+0.081003,-0.000818,+0.031687,+0.291533,+0.495129,-0.003671,+0.196086,-0.000952,
+0.410270,+0.301497,-0.001092,-0.004456,-0.000080,-0.000018,+0.151547,+0.089476,+0.011001,+0.118167,+0.146039,+0.438581,+0.243678,-0.003724,+0.135625,-0.000564,
+0.561970,+0.555037,+0.230339,+0.007906,-0.000375,-0.001533,-0.001768,-0.001576,-0.000994,+0.503918,+0.964544,+1.040899,+0.377199,-0.002533,-0.001342,+0.010395,
+0.449161,+0.500359,+0.496191,-0.000098,-0.000373,+0.103823,+0.183043,+0.234021,+0.141581,+0.261642,+0.466973,+0.489398,+0.265115,+0.138965,-0.001722,+0.348998,
+0.111897,+0.132781,+0.056096,-0.001677,+0.369308,+0.431084,+0.226258,+0.229797,+0.356293,+0.465812,+0.771660,+0.633112,-0.000803,-0.001644,-0.002648,+0.150336,

channel --> 20
+1.104289,+0.583823,+0.028740,+0.097240,-0.001525,+0.044227,+0.347676,+0.149067,-0.002336,-0.003853,+0.215541,+0.464853,+0.455647,+0.747484,+1.248829,+0.537078,
+0.683258,+0.824859,+0.267890,+0.826567,+0.508102,+0.088515,+0.193850,+0.316126,+0.145901,+0.021063,+0.842204,+0.785018,+0.511641,+0.226037,+1.327118,+0.891130,
+0.350300,-0.000666,-0.002933,+0.683786,+0.942762,+0.767208,+0.520221,+0.334883,+0.509435,+0.999660,+0.874309,+0.571133,+0.166936,-0.003282,+0.220085,+0.456972,
+0.142992,-0.004620,-0.007581,+0.527738,+1.083031,+1.052611,+1.106704,+1.138865,+1.735576,+1.195660,+0.368644,-0.000726,-0.000885,-0.003634,-0.001102,+0.404623,
-0.000766,-0.000277,-0.006481,+0.355104,+0.324830,+0.311844,+0.304884,+0.446465,+0.147987,+0.011510,-0.001355,-0.001811,-0.000645,-0.005036,-0.001135,+0.333161,
+0.072972,+0.284255,-0.007528,+0.585408,+0.577015,+0.298491,-0.004190,-0.007653,-0.005782,-0.000729,+0.276163,+0.188794,+0.090184,-0.009295,-0.004140,-0.000201,
+0.380222,+0.187386,-0.008249,+1.189453,+1.390626,+0.893973,+0.220595,-0.000738,-0.000832,+0.129906,+0.820866,+0.716913,+0.204197,-0.006213,+0.318864,+0.355195,
+0.605203,+0.335149,-0.006374,+0.726389,+1.082227,+1.455782,+1.903352,+1.400252,+0.816055,+0.783583,+0.997614,+0.717323,+0.152233,-0.005561,+1.153535,+0.817259,
+0.572281,+0.469812,-0.002743,+0.340220,+0.828512,+1.082564,+1.674900,+1.438778,+0.970855,+0.932201,+0.888707,+0.600499,-0.001459,-0.007691,+0.989047,+0.798817,
+0.351445,+0.482207,+0.880470,+0.964958,+0.631339,+0.595242,+0.632132,+0.712073,+0.721112,+0.980840,+0.999186,+0.713023,-0.000305,-0.006280,+0.433513,+0.569178,
+0.271707,+0.356072,+0.772043,+1.265339,+0.317288,+0.281788,+0.326021,+0.541799,+0.746537,+0.891471,+1.130405,+1.201797,+0.097236,-0.003501,+0.447509,+0.526325,
+0.208121,+0.113356,-0.000980,+0.331338,+0.687680,+0.566447,+0.394457,+0.266971,+0.268354,+0.415732,+0.632565,+0.849803,+0.621385,+0.081080,+0.665696,+0.686664,

channel --> 21
-0.009122,-0.011098,-0.006803,-0.006889,-0.005987,-0.006012,-0.007365,-0.006676,-0.006385,-0.007646,-0.008188,-0.007122,-0.006939,-0.007078,-0.008962,-0.008373,
-0.007098,-0.012112,-0.006771,-0.007218,-0.006699,-0.006744,-0.007045,-0.006941,-0.008227,-0.008282,-0.006883,-0.006775,-0.007289,-0.007142,-0.008215,-0.010429,
-0.006852,-0.007489,-0.007080,-0.007516,-0.007549,-0.007499,-0.007472,-0.007675,-0.007715,-0.007567,-0.007223,-0.006684,-0.007232,-0.006838,-0.006684,-0.008245,
-0.007169,-0.007265,-0.006391,-0.006932,-0.007280,-0.007056,-0.007372,-0.007318,-0.007117,-0.007316,-0.006833,-0.007312,-0.007650,-0.006617,-0.006480,-0.007723,
-0.006795,-0.007239,-0.006125,-0.007092,-0.007271,-0.007266,-0.007184,-0.006923,-0.007036,-0.007505,-0.007838,-0.007533,-0.007473,-0.006477,-0.007072,-0.007761,
-0.006275,-0.006937,-0.006162,-0.007592,-0.007146,-0.007221,-0.007126,-0.007575,-0.007638,-0.007701,-0.007526,-0.007012,-0.007145,-0.006544,-0.007242,-0.007076,
-0.006597,-0.007246,-0.006092,-0.007369,-0.006947,-0.007252,-0.007661,-0.007628,-0.007177,-0.007143,-0.007209,-0.007097,-0.007314,-0.006561,-0.007100,-0.006905,
-0.007051,-0.007834,-0.006074,-0.007389,-0.007797,-0.007237,-0.007306,-0.007321,-0.007488,-0.007358,-0.007574,-0.007471,-0.007350,-0.006358,-0.007284,-0.007367,
-0.007286,-0.008015,-0.006610,-0.006699,-0.007684,-0.007545,-0.007692,-0.007745,-0.007663,-0.007549,-0.007484,-0.007374,-0.006756,-0.006127,-0.007587,-0.007771,
-0.007302,-0.007856,-0.009714,-0.009267,-0.007562,-0.007453,-0.007430,-0.007399,-0.007322,-0.007397,-0.007848,-0.008443,-0.007765,-0.006152,-0.007265,-0.008198,
-0.007255,-0.007705,-0.007673,-0.010453,-0.009322,-0.010058,-0.010196,-0.010184,-0.010820,-0.011252,-0.009900,-0.010217,-0.009269,-0.006562,-0.007817,-0.008266,
-0.007190,-0.007522,-0.007080,-0.007635,-0.007132,-0.007204,-0.007549,-0.007329,-0.007199,-0.007433,-0.007162,-0.007916,-0.009316,-0.007005,-0.007801,-0.008409,

channel --> 22
+1.570828,+2.141648,+0.660760,+0.012326,+0.249938,+0.342141,+1.029491,+0.790855,+0.528847,+0.380036,+0.552457,+0.161171,+0.372720,+0.904357,+1.967672,+1.401639,
+0.910133,+3.000881,+0.933454,-0.002215,+0.211237,+0.241312,+0.398049,+0.806655,+0.578377,+0.807731,+0.880789,-0.000346,+0.433781,+0.871431,+2.264419,+3.151042,
+0.600119,+0.486083,+0.108674,-0.004556,-0.001775,+0.435287,+0.346724,+0.410133,+0.468668,-0.000264,-0.004778,-0.002450,+0.486543,+0.966570,+0.939776,+1.049914,
+0.461311,+0.658936,+0.700622,-0.003125,-0.002109,-0.000415,-0.000221,-0.000599,-0.000657,-0.006919,-0.002782,+0.205033,+0.695117,+1.262178,+0.964669,+0.161987,
+0.474274,+0.688139,+0.804011,-0.001177,-0.006941,-0.004919,-0.004142,-0.003104,-0.003170,+0.084048,+0.287894,+0.551675,+0.607796,+0.853747,+0.921412,+0.062301,
+0.427667,+0.693104,+0.586931,+0.474096,-0.002235,+0.070727,+0.201605,+0.314120,+0.396253,+0.430832,+0.503196,+0.617345,+0.593743,+0.863624,+0.939995,+0.578980,
+0.229498,+0.512551,+0.373806,+0.756798,+0.141098,+0.300470,+0.526417,+0.538472,+0.644892,+0.840348,+0.506177,-0.001113,+0.433818,+0.804768,+1.040193,+0.498266,
+0.068306,+0.077261,+0.571878,+0.117296,-0.005300,+0.122597,+0.682160,+0.619256,+0.214159,-0.000798,-0.003990,-0.003617,+0.199989,+0.768057,+0.908185,-0.003286,
+0.025769,+0.023568,+0.603443,-0.004855,-0.008672,-0.005286,-0.000958,-0.002406,-0.003503,-0.005021,-0.008413,-0.005038,-0.001328,+0.496972,+0.454165,-0.004021,
+0.251371,+0.527050,+2.000110,+0.774174,-0.006084,-0.006985,-0.007296,-0.008059,-0.007045,-0.003541,+0.211595,+0.490045,+0.615041,+1.343888,-0.001377,-0.005066,
+0.490939,+0.812985,+2.165895,+3.392709,+1.989832,+1.731550,+1.633758,+1.688543,+2.234086,+2.773342,+2.838279,+3.096343,+2.924435,+1.769759,-0.001590,-0.005593,
+0.386792,+0.575648,+0.969882,+1.082022,+1.556025,+1.807323,+1.564290,+1.520062,+1.730104,+2.043115,+2.411559,+2.281469,+1.586121,+0.588463,-0.002229,-0.004706,

channel --> 23
-0.003279,-0.012991,-0.013969,-0.005195,+0.062232,-0.002424,-0.008782,-0.010760,-0.008322,-0.001839,+0.172358,-0.001903,-0.001577,+0.080717,-0.003647,-0.006235,
+0.278723,-0.013409,-0.011502,-0.007058,+0.116273,+1.740885,+1.744759,+1.037961,+2.714264,+2.611128,+0.429472,-0.002025,-0.000734,+0.187167,-0.000631,-0.010014,
+0.561933,+0.178748,-0.001268,-0.005339,-0.004821,-0.002643,+0.772542,+1.010005,+0.964843,+0.436882,+0.020840,-0.000678,+0.467390,+0.158544,+0.445729,+0.763677,
+0.720932,+0.015561,-0.009818,-0.004063,-0.006701,-0.007763,-0.008092,-0.008243,-0.008705,-0.003279,-0.005165,+0.216493,+0.182490,-0.004197,+0.332265,+1.669094,
+0.383316,-0.001931,-0.013966,-0.000460,+0.775699,+0.333907,-0.002324,-0.003276,-0.001308,-0.004003,-0.006440,+0.052320,+0.297527,-0.005479,-0.006088,+0.592031,
-0.002591,-0.002625,-0.013540,-0.009456,-0.004870,+0.258013,+0.025023,+0.591730,+0.727364,+0.136933,-0.002560,-0.002881,-0.001698,-0.003349,+0.103714,-0.000471,
-0.002907,-0.003225,-0.010109,-0.012506,-0.012587,-0.007468,-0.001986,+0.184834,+0.285214,-0.006427,-0.006459,-0.001603,-0.002227,-0.009368,-0.002560,-0.004106,
-0.002402,-0.002771,-0.012380,-0.007435,-0.007985,-0.008566,-0.009535,-0.010842,-0.010346,-0.009288,-0.004975,+0.054242,-0.002772,-0.014796,-0.010734,-0.008066,
-0.002261,-0.000306,-0.009547,-0.002357,-0.002371,-0.004864,-0.005676,-0.006954,-0.008398,-0.005001,+0.024819,+0.335130,-0.000195,-0.012194,-0.011745,-0.007953,
-0.001757,-0.000219,-0.005330,-0.002937,+0.480492,+0.543752,+0.572117,+0.362226,+0.314845,+0.430703,+0.398492,+0.378697,-0.002120,-0.014378,-0.008519,-0.003250,
+0.183523,+0.245226,-0.003018,-0.011541,-0.005371,-0.002241,-0.000554,-0.000486,-0.001670,-0.001640,-0.003004,-0.006262,-0.013667,-0.017501,-0.000305,-0.002145,
+0.335396,+0.785310,+0.971943,+1.156822,+0.505870,+0.323653,+0.733936,+0.752510,+0.542790,+0.356196,-0.000002,+0.035766,+0.513784,-0.001005,-0.001903,-0.000163,

channel --> 24
+0.082435,+1.375220,+1.140415,-0.004108,-0.008175,-0.007707,-0.002199,-0.005200,-0.007453,-0.001976,-0.001789,-0.003434,-0.006011,-0.003006,+0.197701,+0.107942,
-0.001672,+1.320006,+1.533684,-0.004615,-0.007730,-0.007911,-0.007715,-0.003370,-0.007729,-0.008237,-0.004972,-0.005387,-0.008842,-0.002794,-0.001652,-0.002866,
+0.099639,+0.481080,+0.639212,-0.007091,-0.007879,-0.002942,-0.005156,-0.005135,-0.006097,-0.010526,-0.009229,-0.008403,-0.003952,+0.384405,-0.000548,-0.010590,
+0.071760,+0.309058,+1.452836,-0.002204,-0.005769,-0.001395,-0.001755,-0.004238,-0.008993,-0.010394,-0.007436,-0.007829,-0.003853,+0.646544,+0.427524,-0.008486,
-0.002928,-0.000595,+1.925329,-0.003767,-0.008616,-0.004265,-0.002057,-0.004451,-0.007726,-0.005888,-0.006211,-0.006314,-0.004640,+0.448645,-0.002053,-0.003664,
-0.005157,-0.002948,+2.206868,-0.000092,-0.005698,-0.005294,-0.002229,-0.003017,-0.005183,-0.002051,-0.003175,-0.005542,-0.003282,+0.952967,-0.004818,-0.002328,
-0.003931,-0.004458,+1.925628,-0.000350,-0.004246,-0.002057,-0.001924,-0.003544,-0.005122,-0.000969,-0.004709,-0.007657,+0.055568,+1.902787,-0.002357,-0.004338,
-0.003825,-0.005666,+1.793475,-0.000412,-0.008345,-0.003309,-0.003535,-0.001626,-0.002007,-0.001677,-0.005838,-0.009632,-0.002162,+2.219116,-0.001711,-0.003869,
-0.005329,-0.006199,+1.032360,+0.258584,-0.007549,-0.006600,-0.008394,-0.006943,-0.004822,-0.006914,-0.008380,-0.009835,+0.137647,+1.807167,-0.002673,-0.005605,
-0.006758,-0.009679,-0.000622,-0.003965,-0.007349,-0.006112,-0.005823,-0.007777,-0.008131,-0.010475,-0.011662,-0.010258,+0.575551,+1.688114,-0.004290,-0.006925,
-0.006206,-0.009142,-0.001907,-0.003047,-0.008052,-0.010545,-0.011526,-0.010824,-0.009533,-0.009278,-0.009024,-0.006086,+0.417362,+1.272804,-0.005436,-0.008605,
-0.002464,-0.004862,-0.002562,-0.005495,-0.002864,-0.003098,-0.003932,-0.003320,-0.003512,-0.003290,-0.002500,-0.003300,-0.001474,+0.511912,-0.002416,-0.006043,

channel --> 25
+0.467986,+0.791474,+1.208528,+0.844913,+0.625373,+0.749093,+0.760533,+1.166505,+1.622538,+1.508253,+0.558623,+0.543017,+0.132639,+0.270528,+0.437790,+1.036065,
+0.608565,+0.221346,+0.482380,+0.371219,+0.131956,+0.349848,+0.492698,+0.627248,+0.444117,+0.203370,-0.000907,+0.288006,-0.001161,+0.073548,+0.003654,+0.778257,
+0.568297,+0.273062,+0.247529,+0.245682,-0.001795,+0.197037,+0.332795,+0.297203,+0.239104,-0.002531,-0.001029,+0.314487,+0.215056,+0.326039,+0.811397,+0.858574,
+0.521949,+0.373458,+0.455506,+0.669081,+0.033373,+0.087267,+0.077616,-0.000745,-0.006520,-0.003455,+0.419614,+0.444164,+0.141176,+0.225236,+0.430683,+0.659027,
+0.780757,+0.329092,+0.088055,+0.482491,+0.331103,+0.412112,+0.143629,-0.000857,+0.131359,+0.410575,+0.674772,+0.032247,-0.000427,-0.000510,+0.104243,+0.335470,
+0.900912,+0.159864,+0.187221,+0.489588,+0.221811,+0.372399,+0.552284,+0.513464,+0.215356,+0.231801,+0.269654,+0.108857,+0.144326,+0.295804,+0.058693,+0.113883,
+0.584865,+0.129858,+0.502606,+0.008989,-0.001472,+0.219381,+0.229044,+0.134533,+0.120638,+0.433382,+0.186999,+0.088386,+0.280224,+0.056594,+0.062095,-0.000033,
+0.271445,+0.116908,+0.371400,+0.343672,-0.000061,-0.000240,-0.004739,-0.000547,+0.360981,+0.520858,+0.220844,+0.002024,-0.000642,+0.238798,-0.001903,+0.263277,
+0.180494,+0.178088,+0.400643,+0.442363,+0.221720,+0.100973,-0.003823,-0.000431,+0.388744,+0.260745,+0.105515,-0.001486,-0.001125,+0.119922,-0.000334,+0.135183,
-0.000433,-0.001710,-0.000464,+0.021606,+0.190395,+0.276981,+0.270089,+0.158914,+0.114316,-0.001142,-0.003936,-0.003569,+0.306201,+0.625338,+0.530645,+0.228050,
+0.064206,-0.001625,+0.233195,+0.334258,+0.398356,+0.111042,+0.011043,-0.000252,-0.000042,-0.000861,-0.002659,-0.002396,+0.098410,+0.356243,+0.469847,+0.081361,
+0.344327,+0.353539,+0.593014,+0.873170,+0.538580,+0.464523,+0.536450,+0.527780,+0.547066,+0.474269,+0.389826,+0.386028,+0.379938,+0.262536,+0.551383,+0.339761,

channel --> 26
+1.453552,+1.725155,+0.486873,+0.336545,+0.372720,+0.456482,+0.926742,+0.710285,+0.286691,+0.037178,+0.405298,+0.631380,+0.618112,+0.759138,+1.358027,+1.291387,
+0.660445,+2.116547,+0.351001,+0.508347,+0.622879,+0.094658,+0.040585,+0.219449,-0.001381,-0.000810,+0.312472,+0.732057,+0.672708,+0.241063,+0.966172,+2.027271,
+0.444162,+0.166947,-0.001117,+0.271482,+0.651042,+0.723411,+0.228399,+0.224279,+0.191395,+0.325529,+0.589366,+0.433231,+0.128874,+0.134198,+0.476805,+0.742305,
+0.190711,-0.001988,-0.002102,+0.279261,+0.189172,+0.209049,+0.279533,+0.351393,+0.225354,+0.328222,+0.132462,-0.000058,+0.171811,+0.369701,+0.144955,+0.186593,
+0.042533,+0.130113,-0.000724,+0.327807,+0.119988,-0.000642,-0.001617,-0.003161,-0.001364,-0.000815,+0.037611,+0.292299,+0.250449,+0.094123,+0.296043,-0.000002,
+0.282852,+0.395392,-0.001549,+0.474694,+0.518075,+0.296355,-0.001374,-0.003451,-0.000843,-0.000661,+0.114281,+0.547574,+0.444670,-0.001662,+0.101487,+0.350904,
+0.453614,+0.285064,-0.003116,+0.205403,+0.268206,+0.539411,+0.392287,+0.257763,+0.375535,+0.513847,+0.462741,+0.627682,+0.295230,-0.001179,+0.555238,+0.753317,
+0.488292,+0.123911,-0.000274,+0.522261,+0.444083,+0.236729,-0.002442,+0.259051,+0.873291,+0.734240,+0.579297,+0.606135,+0.276608,-0.002124,+0.330974,+0.769769,
+0.398890,+0.233707,+0.160459,+0.167648,+0.433353,+0.408903,+0.016098,+0.399656,+0.853542,+0.718012,+0.384062,+0.205888,-0.001725,-0.002920,+0.290611,+0.655851,
+0.345376,+0.498071,+1.504702,+1.254809,+0.194621,+0.041886,+0.045753,+0.149275,+0.204649,+0.140960,+0.188079,+0.359724,+0.094006,+0.206376,+0.382784,+0.309045,
+0.392434,+0.276910,+0.911896,+1.898255,+1.234787,+1.235085,+1.141772,+1.166840,+1.420789,+1.446280,+0.978619,+1.576677,+1.742879,+0.674572,+0.354147,+0.207942,
+0.292513,+0.144819,+0.213779,+0.198151,+0.443541,+0.555244,+0.372495,+0.308036,+0.396392,+0.617484,+0.879749,+1.069738,+1.031726,+0.286576,+0.382922,+0.207010,

channel --> 27
-0.003092,-0.009364,-0.011884,+0.108667,+0.683898,+0.591822,-0.000086,-0.001952,-0.003951,-0.010173,-0.005077,+0.083057,+0.132441,-0.000675,-0.004012,-0.004976,
-0.001941,-0.010975,-0.013440,-0.001457,+0.516152,+1.572421,+1.457468,+0.589952,+0.699364,+0.455929,+0.265597,+0.128991,+0.176869,-0.000276,-0.002327,-0.009376,
+0.143604,-0.006003,-0.008633,-0.000844,+0.078293,+0.023872,+0.748585,+0.474711,+0.241711,+0.082557,+0.184078,+0.410468,+0.334338,-0.001730,+0.286162,-0.000592,
-0.001931,-0.007432,-0.011369,+0.310363,+0.119446,-0.001819,-0.004051,-0.004418,-0.004103,+0.032609,+0.042549,+0.379756,+0.260719,-0.004575,+0.424970,+0.888677,
-0.002974,-0.003136,-0.012441,+0.478724,+1.419393,+0.637692,+0.127465,+0.076873,+0.286582,-0.000076,-0.003451,+0.373992,+0.534694,-0.005530,-0.005415,+0.431475,
-0.000600,+0.045157,-0.013154,-0.004560,+0.450521,+0.839379,+0.402814,+0.399009,+0.820533,+0.424131,+0.159222,+0.236384,+0.079370,-0.010467,-0.003768,+0.079930,
+0.081324,+0.037221,-0.011511,-0.005440,-0.002949,-0.000403,-0.001320,+0.154846,+0.738037,+0.026416,-0.001116,+0.246022,-0.000616,-0.013366,-0.003887,+0.128120,
+0.197648,+0.205637,-0.011717,-0.002423,-0.000557,-0.001342,-0.004563,-0.006116,-0.004399,-0.002962,+0.006208,+0.385112,-0.000585,-0.014700,-0.006438,+0.176424,
+0.181363,+0.388467,-0.007411,-0.000404,+0.147737,-0.000748,-0.001928,-0.001898,-0.002572,-0.000549,+0.292540,+0.510848,+0.014451,-0.012417,-0.003738,+0.152363,
+0.085249,+0.364366,-0.004405,-0.003558,+0.151065,+0.284995,+0.293324,+0.279295,+0.238092,+0.268622,+0.173546,+0.190257,-0.004805,-0.014518,+0.008253,+0.268969,
+0.303471,+0.327711,-0.005296,-0.007616,-0.002629,+0.175805,+0.233296,+0.165061,+0.079803,-0.001020,-0.004058,-0.003472,-0.014350,-0.017053,+0.119331,+0.431535,
-0.000452,+0.416040,+0.115122,-0.002530,-0.003603,-0.004971,-0.004084,-0.003541,-0.004992,-0.005672,-0.006829,-0.008694,-0.008269,-0.005772,+0.052513,+0.466216,

channel --> 28
+0.450498,+0.560241,+0.283070,+0.291088,+0.512954,+0.535591,+0.505618,+0.491737,+0.581051,+0.510682,+0.434375,+0.440898,+0.463485,+0.466444,+0.409600,+0.494246,
+0.422935,+0.531174,+0.242834,+0.170757,+0.389376,+0.584188,+0.640078,+0.657898,+0.749992,+0.683249,+0.557910,+0.432510,+0.461996,+0.542352,+0.409247,+0.545789,
+0.594746,+0.538403,+0.450058,+0.172350,+0.304003,+0.426318,+0.531973,+0.582291,+0.525963,+0.439167,+0.471083,+0.440950,+0.557104,+0.672266,+0.582701,+0.639643,
+0.620960,+0.688512,+0.553503,+0.279602,+0.306645,+0.381315,+0.282637,+0.294170,+0.259299,+0.250898,+0.470500,+0.661839,+0.569556,+0.552306,+0.553161,+0.570960,
+0.687445,+0.620665,+0.395744,+0.292468,+0.389655,+0.564031,+0.541432,+0.529418,+0.506322,+0.485949,+0.570678,+0.533804,+0.630169,+0.576595,+0.594156,+0.544653,
+0.612987,+0.471531,+0.345940,+0.188803,+0.266097,+0.443418,+0.603868,+0.719551,+0.651024,+0.443611,+0.371234,+0.424293,+0.545327,+0.642871,+0.753005,+0.590060,
+0.518091,+0.469762,+0.432908,+0.228586,+0.151625,+0.306650,+0.396677,+0.481198,+0.504442,+0.323798,+0.297206,+0.422247,+0.436916,+0.458958,+0.525502,+0.442540,
+0.467199,+0.412387,+0.382639,+0.332212,+0.174985,+0.234735,+0.226646,+0.240329,+0.266912,+0.260650,+0.293016,+0.395000,+0.368123,+0.382268,+0.283623,+0.246400,
+0.454007,+0.444462,+0.458997,+0.536959,+0.380621,+0.293088,+0.212288,+0.219998,+0.246850,+0.300404,+0.384425,+0.499540,+0.538735,+0.492353,+0.231965,+0.248178,
+0.481770,+0.414189,+0.514739,+0.421634,+0.544523,+0.608269,+0.618204,+0.607973,+0.598141,+0.495249,+0.445077,+0.403152,+0.406904,+0.422860,+0.328757,+0.266452,
+0.528925,+0.468457,+0.454671,+0.571412,+0.544442,+0.523756,+0.510819,+0.505754,+0.557569,+0.584405,+0.519198,+0.529111,+0.508518,+0.318784,+0.345055,+0.230060,
+0.507091,+0.553664,+0.601263,+0.568361,+0.403076,+0.406524,+0.452024,+0.460946,+0.440822,+0.436066,+0.384918,+0.433534,+0.599361,+0.530145,+0.328820,+0.285386,

channel --> 29
+0.095647,+0.591244,+1.221871,+1.082989,+0.969188,+0.957254,+1.170007,+2.245568,+3.511153,+3.544890,+0.742808,+0.211952,-0.002439,-0.001268,+0.130042,+1.142924,
+0.037964,+0.328406,-0.000434,-0.000720,-0.004391,-0.001874,+0.556970,+0.930551,+1.486823,+1.660554,+0.161574,-0.005115,-0.006953,-0.007201,-0.002153,+2.730011,
-0.000608,-0.002036,-0.001445,-0.000956,-0.005206,-0.005891,-0.003475,-0.000967,+0.041071,-0.007645,-0.010649,-0.002750,-0.001808,-0.003808,+0.281947,+2.136042,
+0.203768,-0.005603,-0.007506,-0.001303,-0.009278,-0.008731,-0.008772,-0.011055,-0.015277,-0.010438,+0.141031,+0.592349,-0.008226,-0.008568,-0.006421,+0.620638,
+0.847820,-0.005952,-0.008387,-0.001324,-0.004916,-0.004424,-0.006779,-0.007112,-0.002761,+0.324231,+0.528547,-0.008368,-0.008097,-0.009795,-0.003338,+0.184956,
+1.220564,-0.002207,-0.005336,-0.000399,-0.004072,-0.004276,-0.001920,+0.059212,-0.006506,-0.007795,-0.004153,-0.003741,-0.004864,-0.001889,-0.006458,-0.002107,
+0.366425,-0.001106,+0.122365,-0.005209,-0.007002,-0.005709,-0.001740,-0.004303,-0.003256,+0.002457,-0.004907,-0.008245,-0.006312,-0.010969,-0.003870,-0.004713,
-0.002942,-0.004477,-0.002941,-0.004677,-0.005823,-0.008276,-0.010785,-0.007196,-0.003233,-0.002148,-0.005819,-0.006967,-0.008206,-0.005501,-0.008839,-0.009059,
-0.002426,-0.004814,-0.002425,-0.006353,-0.007753,-0.008011,-0.011450,-0.009332,-0.005664,-0.005482,-0.007791,-0.009408,-0.009784,-0.008317,-0.007581,-0.006072,
-0.003647,-0.006568,-0.003597,-0.006823,-0.008909,-0.007724,-0.007431,-0.009855,-0.010240,-0.008219,-0.008576,-0.008074,-0.002259,+0.164104,+0.209211,+0.085798,
-0.003073,-0.006414,+0.349034,+1.519539,+1.631027,+1.090726,+0.841895,+0.571933,+0.669021,+1.030718,+1.038909,+0.954778,+1.260630,+0.457232,+0.314014,-0.001597,
-0.000249,-0.003356,+0.282677,+1.596524,+0.914804,+1.029909,+1.169315,+0.995941,+1.023682,+1.004307,+0.972095,+1.345928,+1.436254,+0.131888,+0.092440,+0.126197,

channel --> 30
-0.002850,+1.051241,+0.699725,+0.057352,-0.003800,-0.006400,-0.004195,-0.005263,-0.004463,+0.739776,+0.539885,-0.003486,-0.008289,-0.008278,-0.004382,-0.003968,
-0.003335,+1.442955,+1.166602,-0.004612,-0.005688,+0.691872,+0.827093,+0.979429,+2.055089,+2.407630,+0.693833,-0.007654,-0.008796,-0.003434,-0.004011,+0.108019,
-0.000350,+0.467147,+0.665057,-0.003773,-0.006636,-0.005076,+0.257843,+0.418246,+0.857163,-0.004337,-0.011877,-0.008547,-0.002101,+0.248612,-0.002300,-0.004648,
+0.362768,+0.682946,+1.026627,+0.015112,-0.003404,+0.009893,-0.000850,-0.003686,-0.006154,-0.010408,-0.005454,+0.016481,-0.000489,+0.151293,+0.446248,+0.648667,
+0.251834,+0.008629,+0.944987,+0.061207,+0.273857,+0.390561,-0.000030,-0.001117,-0.004219,-0.000755,+0.103855,+0.051993,-0.000410,+0.083846,+0.138852,+0.548465,
-0.004325,-0.003231,+1.545164,+0.012965,-0.005015,+0.156955,+0.923392,+1.513556,+1.049871,+0.975650,+0.707608,-0.003488,-0.005618,+1.249613,+0.434222,+0.382307,
-0.005911,-0.003833,+1.753380,+0.288820,-0.002523,-0.003786,-0.000551,+0.467877,+0.397221,+0.914302,-0.000160,-0.010381,-0.000986,+0.879358,-0.004720,-0.006192,
-0.006208,-0.001495,+1.525580,-0.000645,-0.007058,-0.000845,+0.510817,+0.122245,-0.005292,-0.002687,-0.006358,-0.007712,-0.002428,+1.482358,-0.003172,-0.010149,
-0.006149,-0.001656,+0.872540,+0.339053,-0.005539,-0.004554,-0.000057,-0.004695,-0.007504,-0.004779,-0.006881,-0.006799,+0.199034,+1.483869,-0.002454,-0.008473,
-0.007460,-0.009314,-0.004999,-0.002717,-0.004012,-0.002373,-0.002552,-0.005158,-0.005914,-0.007647,-0.009735,-0.008466,+0.368246,+1.706765,-0.003231,-0.003519,
-0.006571,-0.004963,-0.008022,-0.002732,-0.005946,-0.005549,-0.005017,-0.005442,-0.004167,-0.001657,-0.001608,-0.004059,+0.630197,+1.006053,-0.000208,-0.004190,
-0.001110,+0.170566,+0.227865,+0.469069,-0.001280,-0.000762,+0.184859,+0.323434,+0.362791,+0.361164,+0.357836,+0.242546,+0.456222,+0.288003,-0.000424,-0.000522,

channel --> 31
-0.001338,-0.000424,+0.575215,+0.811456,+0.320313,+0.141999,+0.214320,+0.589009,+0.887155,+1.203135,+0.209216,-0.000194,-0.002063,-0.002439,-0.001568,+0.293821,
-0.001248,-0.000445,+0.412431,+0.970688,+0.250904,-0.001102,-0.002018,-0.005086,-0.005293,-0.001847,-0.005219,+0.194223,+0.136198,-0.003649,-0.003740,+0.608125,
-0.002710,+0.014653,+0.688286,+1.325235,+0.272751,-0.003681,-0.002945,-0.004197,-0.000916,+0.392275,+0.477838,+0.425338,-0.002420,-0.007889,-0.002530,+0.387750,
-0.002487,-0.007982,-0.005153,+0.773463,+0.414282,-0.001557,+0.118987,+0.464733,+0.662111,+0.988817,+0.145459,-0.004324,-0.007626,-0.006214,-0.003930,+0.404959,
-0.003085,-0.008330,-0.002409,+0.561129,+0.775748,-0.000211,-0.000425,+0.116018,+0.306638,-0.001064,-0.005327,-0.007955,-0.009965,-0.005288,-0.005419,-0.001707,
-0.000957,-0.003131,+0.017373,+0.288107,+0.656860,-0.001872,-0.007455,-0.009347,-0.009553,-0.006145,-0.003224,-0.002240,-0.005827,-0.007055,-0.012656,-0.006368,
-0.001869,-0.002450,+0.116469,-0.001002,+0.611910,-0.001169,-0.003347,-0.006098,-0.004625,+0.109354,+0.283171,+0.145159,-0.003838,-0.006127,-0.006342,-0.000016,
-0.002807,-0.003108,+0.014657,+0.154027,+1.065404,+0.220560,-0.001513,+0.019120,+0.463953,+0.601556,+0.496040,+0.234245,-0.001179,-0.002117,-0.002870,+0.588603,
-0.002074,-0.001899,-0.001314,+0.273317,+0.850307,+0.662320,+0.503104,+0.615290,+0.762075,+0.946053,+0.845323,+0.297831,-0.000869,-0.001128,-0.000718,+0.651604,
-0.002991,-0.000564,-0.002462,+0.556449,+0.680514,+0.568211,+0.590743,+0.564366,+0.486163,+0.567670,+0.324483,+0.003178,-0.001856,+0.004391,+0.482986,+0.849952,
-0.002795,-0.002350,-0.004508,-0.001285,+0.431962,+0.466321,+0.425045,+0.245385,-0.000146,-0.001415,-0.001964,-0.001458,+0.245003,+0.258958,+0.666196,+0.892159,
-0.001572,-0.003157,-0.002557,+0.066131,-0.000786,-0.000577,-0.000135,-0.000145,-0.000108,-0.000305,+0.001035,+0.017490,+0.100767,-0.000145,+0.485694,+0.561156,

