channel --> 0
+0.107148,-0.002148,+0.185907,-0.005027,-0.002481,+0.017741,-0.002725,-0.001332,+0.113778,-0.000293,+0.905739,+0.462512,
-0.002943,+0.034012,+0.091236,-0.005947,-0.006553,-0.003950,+0.056125,-0.001172,-0.003814,-0.006376,+0.238707,+0.677539,
-0.001608,-0.004703,-0.005068,-0.008538,-0.008853,-0.008168,-0.010559,-0.007994,-0.009986,-0.010646,-0.006648,+0.020945,
-0.001646,-0.004657,-0.004771,-0.000663,-0.002606,-0.005977,-0.003877,-0.004803,-0.007712,-0.006608,-0.006629,+0.233615,
-0.002635,-0.007321,-0.004956,-0.001892,-0.000592,-0.004582,-0.004910,-0.006819,-0.008832,-0.007569,-0.005206,+0.014491,
-0.006454,-0.004557,-0.005831,-0.008063,-0.007506,-0.009788,-0.009797,-0.013826,-0.009092,-0.003699,-0.005920,-0.004349,
-0.003518,-0.005935,-0.004059,-0.007883,-0.010795,-0.014798,-0.012536,-0.009091,-0.008050,-0.002064,-0.008907,-0.003891,
-0.001564,-0.005283,-0.007497,-0.001957,-0.005794,-0.005966,-0.005849,-0.007200,-0.000906,+0.094850,-0.006506,-0.003561,
-0.001412,-0.003512,-0.008462,-0.000369,-0.001366,-0.003059,-0.007474,-0.002228,-0.002602,-0.000220,-0.004152,-0.003042,
-0.001684,-0.001762,-0.004375,-0.002378,-0.002664,-0.002054,-0.002505,-0.006026,-0.005705,-0.003070,-0.003669,-0.001421,
-0.001853,-0.003207,-0.002635,-0.004704,-0.003581,-0.003049,-0.003699,-0.006890,-0.007534,-0.003068,-0.003080,-0.002755,
-0.001158,-0.006269,-0.007252,-0.007491,-0.006596,-0.004566,-0.005345,-0.006538,-0.009706,-0.007982,-0.006273,-0.002770,
-0.000653,-0.003934,-0.005678,-0.014327,-0.015858,-0.014065,-0.014565,-0.008061,-0.012167,-0.009120,-0.007549,-0.004004,
-0.000422,+0.928528,+1.503023,+0.315522,-0.004585,-0.006523,-0.003297,+0.037595,-0.004417,-0.005397,-0.004658,-0.004341,
-0.000900,+0.567524,+1.577682,+2.324221,+1.785087,+1.149087,+1.336650,+1.501019,+0.669616,-0.004093,-0.002391,-0.002876,
-0.000130,-0.001310,-0.002534,+0.439750,+1.293199,+1.403206,+1.275644,+1.328616,+1.055114,-0.002204,-0.003585,-0.001537,

channel --> 1
+0.058519,-0.003580,-0.003953,-0.006429,-0.001571,-0.000712,-0.008246,-0.004916,+0.191562,+0.173380,+0.684561,+0.135865,
-0.001695,+0.327097,+0.095730,-0.005877,-0.005807,-0.005117,-0.006270,-0.002203,-0.001695,-0.001430,+0.148352,+0.346502,
-0.001907,-0.005710,-0.000287,-0.003226,-0.008364,-0.010084,-0.009050,-0.007023,-0.004023,-0.002447,-0.004387,-0.004996,
-0.003076,-0.005673,+0.394921,+0.410616,+0.088761,+0.236076,+1.072471,+0.220158,-0.000153,-0.001932,-0.001947,-0.005992,
-0.005393,-0.005615,-0.001259,+0.720009,+1.061121,+1.121673,+0.556881,-0.001963,-0.003610,-0.001280,+0.117665,-0.005442,
-0.007112,-0.003823,-0.005515,-0.005727,+0.078882,-0.003124,-0.002822,-0.006552,-0.002130,+0.210872,-0.002391,-0.003264,
-0.004261,-0.003051,-0.005806,-0.007052,-0.002950,-0.005393,-0.002661,+0.046412,+0.058892,-0.000244,-0.004006,+0.119205,
-0.001134,-0.002059,-0.007315,-0.000825,-0.004580,-0.004623,-0.000701,+0.259640,+0.028935,-0.001394,-0.002508,-0.001790,
-0.000056,-0.002236,-0.003824,+0.565541,+0.798032,+0.334106,-0.000127,+0.608907,-0.000222,-0.001540,-0.000031,-0.001533,
+0.096593,-0.001172,-0.000492,+0.162880,+1.303486,+0.777902,+0.319601,+0.081798,-0.000221,-0.002576,+0.248357,+0.083179,
-0.000085,-0.001740,-0.000270,-0.000325,+0.537494,+0.522835,+0.279310,+0.097787,-0.000461,-0.002407,+0.318776,+0.010028,
-0.002519,-0.001859,-0.004380,-0.001144,+0.075224,+0.177883,+0.065343,+0.230447,-0.000318,-0.006441,-0.000572,+0.017982,
-0.003679,-0.000529,-0.003270,-0.009893,-0.008958,-0.008435,-0.008347,-0.003183,-0.002982,-0.006448,-0.001886,-0.001807,
-0.004171,+0.621372,+1.477944,+0.654874,+0.184435,+0.108275,+0.423003,+0.739965,-0.000311,-0.001887,-0.000469,-0.002759,
-0.004421,+1.061759,+1.437378,+0.912580,+0.756112,+0.858290,+1.107509,+0.757233,-0.001994,-0.004112,-0.000203,-0.001282,
-0.002625,-0.004134,-0.008222,-0.004677,+0.089332,+0.207480,+0.235003,+0.320521,+0.108223,-0.004286,-0.001901,-0.001554,

channel --> 2
+0.099771,+0.312520,-0.003180,-0.006327,-0.006540,-0.005797,-0.006948,+0.077219,+0.234109,-0.001799,+0.008604,-0.001990,
+0.483950,+1.077008,+0.163841,-0.002325,-0.002218,+0.056469,+0.705724,+0.802148,+0.086376,-0.001694,-0.000108,+0.049156,
+0.343460,+0.758465,+0.339813,-0.001616,-0.005082,+0.195767,+0.634683,-0.002468,-0.002324,-0.000846,+0.046571,-0.001772,
+0.435946,+1.027896,+0.411001,-0.001909,-0.001083,+0.576447,+0.616028,-0.002493,-0.003343,+0.182038,+0.319249,+0.031893,
+0.526525,+1.144275,+0.224921,+0.075452,+0.501502,+0.628219,-0.000287,-0.005084,-0.002933,+0.564159,+0.159084,+0.055966,
+0.106026,+1.130410,+0.457236,+0.034257,-0.000045,-0.000457,-0.002180,-0.006256,+0.128346,+0.056550,+0.043894,+0.384037,
-0.000776,+1.158832,+0.735216,+0.093571,-0.001753,-0.003005,-0.003081,-0.000236,+0.176830,+0.125413,-0.003583,+0.472836,
+0.070665,+1.026744,+0.875783,+0.100887,-0.005032,+0.211052,+0.585438,+0.620153,-0.002772,+0.315449,+0.326299,+0.309162,
+0.072903,+0.895456,+0.696162,+0.395154,+0.191969,+0.266635,+0.400530,+0.164001,-0.004233,+0.886392,+0.489371,+0.079696,
+0.060265,+1.009515,+0.736342,+0.204460,+0.582845,+0.108338,-0.000603,-0.001517,-0.003462,+1.052190,+0.609474,-0.001747,
+0.015605,+1.214564,+0.927935,+0.013450,+0.200982,+0.064051,-0.000065,-0.001063,-0.002580,+1.335508,+0.685731,-0.001167,
-0.000106,+0.708619,+0.860289,+0.209007,+0.138787,-0.000264,-0.001049,-0.001798,-0.001669,+1.453740,+0.640109,-0.001499,
-0.001449,+0.048157,+0.454881,+0.353357,+0.169692,+0.090810,+0.104919,-0.000009,+0.004634,+1.420785,+0.592877,-0.000207,
-0.000572,-0.002277,+0.020206,+0.007297,-0.001196,-0.001026,+0.011940,+0.142245,-0.002005,+1.376784,+0.420954,-0.000423,
-0.000509,+0.226391,+0.184952,+0.040726,+0.288572,+0.421302,+0.454241,+0.169191,+0.050010,+1.490947,+0.439427,-0.000434,
+0.126850,+0.113731,+0.137052,+0.036679,+0.085479,-0.000158,+0.022656,-0.000185,+0.364925,+0.810647,+0.015290,+0.086699,

channel --> 3
+0.187832,-0.006239,+0.063714,+0.129345,+0.058271,-0.002138,-0.004084,-0.002961,+0.616500,+0.693613,+0.381975,+0.044333,
+0.540813,-0.001015,+0.494061,+0.595402,+0.441290,+0.020751,-0.001827,+0.189561,+0.629589,+0.831046,+0.410211,-0.002553,
+0.606014,+0.331442,+0.771204,+0.822742,+0.435118,+0.250712,+0.379874,+0.904825,+1.082215,+0.528831,+0.510877,+0.191112,
+0.607368,+0.401190,+0.982822,+1.008420,+0.547901,+0.646237,+1.209645,+1.137072,+0.875367,+0.455217,+0.410466,+0.212121,
+0.428608,+0.372869,+0.643802,+1.135742,+1.197684,+1.324942,+1.367000,+0.911285,+0.165357,+0.374289,+0.506687,+0.351158,
+0.278296,+0.354392,+0.526758,+0.714207,+1.060611,+1.016684,+0.898731,+0.075164,+0.219258,+0.620415,+0.272269,+0.281403,
+0.477163,+0.371023,+0.121942,+0.581553,+0.625476,+0.184450,+0.037375,+0.174049,+0.434642,+0.523870,-0.001752,+0.261715,
+0.690514,+0.434687,-0.001100,+0.565827,+0.167462,-0.000347,+0.231848,+0.513651,+0.630622,+0.273368,+0.003032,+0.360299,
+0.670746,+0.296983,+0.206071,+0.879293,+0.967181,+0.595612,+0.455297,+0.927062,+0.771243,+0.216041,+0.403279,+0.629443,
+0.687772,+0.246868,+0.424165,+0.939284,+1.311997,+0.972689,+0.829607,+0.844724,+0.763548,+0.156877,+0.507015,+0.729359,
+0.669018,+0.284894,+0.433332,+0.940753,+1.001438,+0.931322,+0.777650,+0.956800,+0.842471,+0.186338,+0.535209,+0.699440,
+0.555540,+0.416317,+0.490055,+0.911896,+0.882997,+0.885740,+0.903157,+1.074170,+0.863910,+0.171173,+0.430099,+0.759186,
+0.453374,+0.719296,+0.637459,+0.749346,+0.873252,+0.923159,+0.910593,+0.684265,+0.818602,+0.318368,+0.372410,+0.648384,
+0.350456,+0.710927,+0.351099,+0.708794,+1.031742,+1.071607,+0.954070,+0.887726,+0.505010,+0.059498,+0.416738,+0.721764,
+0.461340,+1.061071,+0.173157,-0.009383,-0.006445,-0.004094,-0.003468,-0.006625,-0.008051,-0.001441,+0.500832,+0.690198,
+0.585267,+0.552128,+0.232937,+0.018092,+0.097762,+0.096217,+0.087046,+0.121212,-0.000514,+0.314040,+0.830500,+0.438891,

channel --> 4
+0.422943,+0.761336,-0.002645,+0.038884,-0.000169,-0.002433,-0.003031,-0.000941,-0.001544,-0.001787,-0.002641,-0.001431,
+0.916953,+1.216363,+0.324961,+0.524559,+0.551341,+0.929142,+1.352458,+0.987055,+0.308755,+0.243804,+0.401615,+0.039506,
+1.006303,+1.685314,-0.002239,-0.002711,+0.670971,+1.405360,+1.601208,+0.791408,+0.092003,+0.534899,+1.258041,+0.632856,
+1.277581,+1.825995,+0.227491,-0.008680,-0.001806,+0.320103,-0.001799,-0.003014,+0.061082,+0.980401,+1.217568,+1.014155,
+1.227603,+2.178498,+0.790762,-0.006411,-0.004319,-0.001788,-0.005025,-0.000339,+0.733089,+1.204991,+0.963379,+1.078875,
+0.911014,+2.297125,+1.167218,-0.001509,-0.000718,+0.239396,+0.180037,+0.528662,+0.988932,+0.742399,+1.121554,+1.301333,
+0.637922,+2.121581,+1.465621,-0.001535,+0.101603,+0.793833,+0.663697,+0.530124,+0.615018,+0.906314,+0.744804,+0.819137,
+0.414202,+1.920488,+1.681691,-0.000194,+0.375184,+1.377880,+1.191953,+0.352289,+0.217423,+1.165821,+1.200791,+0.755499,
+0.167527,+1.889365,+1.629547,-0.003106,-0.002128,+0.439064,+0.540183,-0.001199,+0.194147,+1.506629,+1.075361,+0.378221,
+0.261081,+1.892989,+1.261292,-0.005108,-0.003180,-0.001275,-0.000275,+0.072291,+0.307898,+1.733870,+1.014172,+0.085136,
+0.504144,+2.071204,+1.092693,-0.008205,-0.002695,-0.001165,-0.000044,-0.001027,+0.154787,+1.871055,+1.097912,+0.163158,
+0.648114,+1.771716,+1.649295,-0.003876,-0.001542,-0.001106,-0.002556,-0.005140,+0.048787,+2.176028,+1.201384,+0.052004,
+0.532796,+0.998076,+1.009824,+0.774225,+0.578936,+0.567907,+0.284987,-0.000832,+0.488777,+2.176059,+1.244644,+0.213253,
+0.623914,-0.000079,-0.004277,-0.004730,-0.004502,-0.003376,-0.005060,-0.004210,+0.012453,+1.465784,+0.718023,+0.108589,
+0.705989,+0.339176,-0.003065,-0.011043,-0.007893,-0.008162,-0.009420,-0.009928,-0.004334,+1.595105,+0.634503,-0.001198,
+0.749582,+0.905579,+0.670451,+0.158520,-0.000865,-0.002259,-0.001737,-0.002000,+0.298454,+1.271832,+0.613131,+0.414550,

channel --> 5
+0.334902,-0.000734,+0.785803,+1.042574,+0.931963,+0.577631,-0.000854,+0.197859,+0.435136,+0.636561,+0.516540,+0.301428,
+0.527003,+0.068828,+0.756757,+1.106946,+1.569815,+0.743159,+0.852947,+0.855412,+0.188328,+0.304182,+0.698872,+0.221241,
+0.626388,-0.002200,+0.152145,+0.626517,+1.157769,+0.948665,+0.756514,+0.130764,-0.002674,+0.269203,+0.435742,+0.136060,
+0.392098,-0.000593,+0.013534,+0.384007,+0.617426,+0.789351,-0.000700,+0.082150,+0.089698,+0.234284,+0.521927,+0.926028,
+0.571140,+0.153880,+0.284013,+0.350144,+0.178367,-0.002312,-0.002196,+0.291125,+0.479219,+0.362843,+0.449063,+0.931579,
+0.290813,-0.002493,+0.192365,+0.817980,+0.151829,+0.029207,+0.175318,+0.441080,+0.752523,+0.455486,+0.275940,+0.413968,
+0.373999,-0.003807,-0.001186,+1.274695,+0.777857,+0.399989,+0.444098,+0.814109,+0.691491,+0.264645,+0.186537,+0.535569,
+0.516970,-0.002857,-0.001921,+0.872736,+0.970282,+1.115108,+1.027801,+0.479530,+0.573315,+0.272058,+0.511014,+0.367963,
+0.605199,-0.001974,-0.001789,+0.563634,+0.442451,+0.571620,+0.403049,+0.326256,+0.670826,+0.376795,+0.341138,+0.194265,
+0.554974,-0.002014,+0.020262,+0.379252,+0.193069,+0.263227,+0.279117,+0.458542,+0.537091,+0.016424,+0.257822,+0.459457,
+0.606896,-0.001982,-0.003531,+0.109156,+0.495978,+0.427936,+0.428528,+0.414292,+0.288571,-0.002064,+0.172036,+0.393056,
+0.852097,+0.093411,-0.003317,+0.033560,+0.221625,+0.275356,+0.231080,+0.205183,+0.019477,-0.003898,+0.011895,+0.380256,
+0.829491,+0.245966,-0.003530,-0.003284,-0.003709,-0.004347,-0.004533,-0.002654,-0.002942,-0.007881,-0.000090,+0.523781,
+0.759521,+0.522604,+0.326910,+0.022943,-0.001965,-0.003292,-0.003068,-0.001734,-0.001928,-0.009847,-0.000991,+0.512346,
+0.662674,+0.340357,+0.231301,+0.471153,+0.389588,+0.163173,+0.125523,+0.118971,-0.003446,-0.007252,-0.000254,+0.401094,
+0.651502,+0.759210,+0.770462,+0.781946,+0.840475,+0.775882,+0.652860,+0.737060,+0.782281,+0.327644,+0.214033,+0.869435,

channel --> 6
+0.056275,+0.093759,+0.074720,+0.139076,+0.132555,+0.082140,+0.162974,+0.014740,-0.000126,+0.069795,-0.000435,+0.045457,
-0.000401,-0.000294,-0.000192,-0.000500,-0.000149,-0.000276,-0.002325,-0.002655,-0.000358,+0.047049,-0.000218,+0.021655,
-0.000138,-0.000174,+0.009448,+0.057464,+0.022663,-0.000668,-0.001294,-0.000686,+0.039649,+0.123927,+0.056636,+0.076677,
+0.019967,-0.000740,+0.030305,+0.030126,+0.053377,-0.000124,-0.000065,+0.036935,+0.096405,+0.072358,+0.044567,-0.001098,
-0.000381,-0.000446,+0.045657,+0.052470,-0.000197,+0.015247,+0.001688,+0.061779,+0.083330,-0.000137,+0.067969,-0.000597,
+0.060344,-0.000225,-0.000096,+0.030751,+0.031873,+0.007095,+0.049577,+0.147020,-0.000460,-0.000412,+0.050875,+0.013290,
+0.067244,+0.025296,+0.016632,+0.004005,+0.085607,+0.146962,+0.136995,-0.000083,+0.003512,-0.000211,+0.113314,-0.000135,
+0.060092,+0.017383,+0.063317,+0.012003,+0.039370,-0.001410,-0.001480,+0.047672,+0.064718,+0.015119,-0.000275,+0.037772,
+0.087484,+0.000848,+0.075151,-0.000065,+0.036316,+0.026729,+0.103373,+0.047370,+0.046666,-0.000503,+0.046295,+0.076807,
+0.104046,-0.000034,+0.042370,-0.000202,-0.000004,+0.063032,+0.070879,+0.071417,+0.054422,-0.000186,+0.039473,+0.040640,
+0.079789,-0.000159,+0.028249,+0.044837,+0.023910,+0.074358,+0.093964,+0.086156,+0.064518,-0.000294,+0.030395,+0.072973,
+0.042087,-0.000079,-0.000310,+0.012062,+0.045407,+0.062276,+0.084430,+0.088537,+0.079851,-0.000490,+0.077282,+0.071908,
+0.066290,+0.014860,-0.000412,-0.000444,+0.013078,-0.000116,+0.013250,-0.000239,+0.030069,-0.000159,+0.061385,+0.041126,
+0.044369,-0.000963,-0.002218,-0.001588,-0.000426,-0.000381,-0.000331,-0.000378,+0.110140,+0.106423,+0.113711,+0.014694,
+0.051085,-0.000774,-0.001828,-0.002665,-0.002417,-0.001491,-0.001552,-0.000712,+0.077458,+0.052745,+0.057979,+0.033044,
+0.026133,+0.024622,-0.000728,-0.001179,-0.001946,-0.001667,-0.001047,-0.001007,-0.001653,-0.000337,+0.033306,-0.000077,

channel --> 7
+0.011717,+0.054207,+0.047647,-0.000691,+0.204107,+0.204174,-0.007063,-0.005220,+0.001562,+0.107129,+0.467442,+0.429616,
+0.091979,+1.134309,+0.296638,+0.413082,+0.657927,+0.224825,-0.001249,+0.140264,+0.032222,-0.002757,+0.579829,+0.636515,
+0.452205,+0.204258,-0.004249,-0.001083,+0.611959,+0.482738,+0.225548,+0.283304,-0.002961,-0.003577,+0.474266,+0.216708,
+0.309791,-0.000530,-0.003856,-0.003423,-0.000586,+0.024902,-0.002211,-0.002066,-0.004275,-0.002575,+0.454117,+0.414816,
+0.040246,+0.156950,-0.001040,-0.004378,-0.005673,-0.005038,-0.004705,-0.003901,-0.008222,-0.004108,+0.104790,+0.507069,
-0.005267,+0.177176,+0.112542,-0.001382,-0.007192,-0.006049,-0.004932,-0.009255,-0.005781,-0.002657,-0.001532,+0.064467,
-0.003010,+0.036754,+0.099193,+0.338780,-0.003125,-0.007087,-0.008471,-0.007384,-0.001329,-0.001262,-0.008273,-0.001446,
-0.002764,-0.000242,-0.002699,+0.131276,+0.114998,+0.258328,+0.262406,-0.000299,-0.000123,+0.130928,-0.004499,+0.321961,
-0.003866,-0.000660,-0.001775,-0.000107,-0.002470,-0.001287,+0.347937,-0.000994,+0.123965,+0.334373,+0.004580,+0.072568,
-0.003400,-0.000816,+0.176203,-0.000580,-0.002796,-0.000494,-0.000222,-0.001620,+0.012418,+0.313255,+0.081707,+0.059462,
-0.000599,+0.076519,-0.000227,-0.004067,-0.000171,-0.001634,-0.000778,-0.002702,-0.002437,+0.165763,+0.025365,+0.058312,
+0.206429,+0.373775,+0.038278,-0.005128,-0.003534,-0.002284,-0.001545,-0.003005,-0.003837,+0.295078,+0.142012,-0.000276,
+0.158747,+0.171891,-0.000659,-0.002314,-0.002560,-0.001777,-0.002699,-0.006100,-0.003245,+0.324406,+0.289330,-0.000410,
-0.000622,+0.050003,+0.478221,+0.132676,-0.003266,-0.004698,-0.005966,-0.005316,-0.004003,+0.277948,+0.245480,+0.128404,
-0.000655,+0.290350,-0.003962,-0.006552,-0.004305,-0.004740,-0.004297,+0.126800,-0.001651,-0.000398,+0.067719,-0.000409,
-0.000267,+0.394899,+0.071162,-0.004256,-0.004343,-0.002863,-0.000007,+0.315206,-0.001146,-0.003196,+0.007502,+0.096653,

channel --> 8
+0.048053,-0.006487,+0.072813,-0.001335,-0.004872,-0.006146,-0.004625,-0.000603,+0.473453,+0.565004,+0.484115,+0.395449,
+0.122973,-0.008168,+0.129320,-0.000867,-0.003627,-0.007693,-0.004593,-0.001492,+0.113624,+0.319743,-0.001931,-0.001965,
-0.000521,-0.007461,+0.951039,+0.104084,-0.004246,-0.006728,-0.004100,+0.188884,+0.486308,-0.001636,-0.004757,-0.003492,
-0.003355,-0.003431,+0.932640,+0.952143,+0.750558,+0.630850,+1.403263,+1.017383,+0.311137,-0.005702,-0.005791,-0.003395,
-0.002238,-0.008883,+0.394280,+1.137277,+1.315761,+1.421402,+1.380312,+0.523251,-0.001024,-0.004087,-0.004455,-0.002631,
-0.003062,-0.008753,+0.077749,+0.817263,+1.021769,+1.050232,+0.752066,-0.002121,-0.001703,-0.001648,-0.003597,+0.004644,
-0.001275,-0.007129,-0.002715,+0.436783,+0.402594,-0.000488,-0.002377,+0.027390,-0.003066,-0.003006,-0.004008,+0.185327,
+0.104433,-0.005917,-0.005489,+0.357857,-0.002293,-0.005853,-0.003163,+0.204812,+0.129479,-0.003955,-0.003584,+0.020081,
+0.234106,-0.005397,-0.002177,+0.886488,+0.864749,+0.294856,+0.402792,+0.938217,+0.374940,-0.002735,-0.000104,+0.695520,
+0.163530,-0.005449,+0.051495,+1.191519,+1.490909,+1.246367,+1.128965,+0.846598,+0.347808,-0.001085,+0.334528,+1.154448,
+0.105865,-0.004650,+0.214498,+1.157916,+1.199152,+1.047136,+0.990958,+0.778518,+0.383903,-0.001249,+0.424310,+1.136878,
-0.000002,-0.003920,+0.146995,+1.204270,+1.090103,+1.121499,+1.253555,+1.093164,+0.381707,-0.002226,+0.333759,+1.115743,
-0.002472,-0.001852,+0.392114,+1.127573,+1.161196,+1.228864,+1.302876,+0.843692,+0.259270,-0.003798,+0.232650,+1.059296,
-0.003604,-0.001305,-0.002067,+0.156124,+0.378242,+0.388154,+0.200534,+0.107786,-0.003951,-0.007194,+0.032086,+1.013232,
-0.003621,+0.052740,-0.003310,-0.007670,-0.007330,-0.008032,-0.007282,-0.008714,-0.008428,-0.007269,-0.000269,+1.128744,
-0.002057,-0.003569,-0.005748,-0.003490,-0.002153,-0.001983,-0.001939,-0.002279,-0.000884,-0.002439,+0.269805,+1.031583,

channel --> 9
-0.001421,+0.199561,-0.001185,+0.324316,+0.349597,+0.072855,+0.343302,+0.111698,-0.005473,-0.002554,-0.004529,-0.003382,
-0.002509,-0.005054,-0.005749,+0.143043,+0.250999,+0.426965,+0.023323,-0.008588,-0.006892,+0.586034,+0.028526,-0.004787,
-0.002461,-0.000344,+0.553195,+0.628648,+0.283355,+0.469142,+0.054793,-0.001114,+0.561912,+1.300671,+0.215680,-0.001886,
-0.001848,-0.000257,-0.000502,+0.176931,-0.000280,-0.000152,-0.002070,+0.127265,+0.445587,+0.625550,-0.001490,-0.000827,
-0.000322,-0.000084,+0.065650,+0.272224,-0.001178,-0.002323,+0.291296,+0.350631,+0.987705,+0.581112,+0.005015,-0.000573,
+0.304265,-0.000901,+0.263538,+0.799096,+0.748726,+0.884385,+0.876125,+1.088227,+0.921219,+0.263047,+0.455803,+0.278992,
+0.133049,-0.002301,+0.202133,+0.746016,+1.015010,+1.364478,+1.445603,+0.991091,+0.360860,+0.403940,+0.917257,+0.076661,
+0.040052,-0.001288,+0.235784,-0.002868,+0.480523,+0.451900,+0.392937,+0.002163,+0.100365,+0.215256,+0.503571,-0.005435,
+0.111409,+0.011708,+0.120833,-0.004542,+0.004008,+0.058105,-0.001554,+0.010690,+0.000300,+0.248160,+0.010498,-0.002461,
+0.114085,+0.000770,-0.003553,+0.123659,-0.001074,-0.003605,-0.002475,+0.147752,+0.084922,+0.217435,-0.001532,-0.000066,
+0.085087,-0.001430,-0.003337,+0.584161,+0.139499,+0.015798,-0.001156,+0.241988,+0.440673,+0.151992,-0.000723,-0.000107,
+0.074883,-0.001693,+0.016293,+0.608252,+0.461833,+0.200636,+0.196420,+0.409120,+0.913948,+0.491369,-0.000754,+0.090383,
+0.104443,-0.002027,+0.264095,+1.494134,+1.576169,+1.282918,+1.579724,+1.737858,+1.464979,+0.430587,-0.001128,+0.234188,
+0.274313,-0.003320,-0.004660,-0.000288,+0.491521,+0.857042,+0.948518,+0.637126,+0.483168,-0.006490,-0.006816,+0.199286,
+0.159402,-0.005615,-0.003180,-0.001840,-0.002543,+0.039425,+0.015973,-0.003596,-0.004186,-0.006781,-0.006717,+0.228977,
-0.000590,-0.001127,+0.163054,+0.061198,-0.002007,-0.003374,-0.005556,-0.006212,-0.002196,-0.001072,-0.002395,+0.208666,

channel --> 10
+0.505517,+1.373581,+0.182457,-0.000508,+0.457318,+1.326595,+1.813344,+1.661549,+0.379011,-0.000722,+0.306516,+1.072845,
+0.211921,+0.450356,-0.001233,-0.003958,-0.003617,+0.693574,+1.802800,+1.966383,+0.840878,-0.003211,+0.139215,+1.755626,
-0.001161,+0.110524,-0.002962,-0.006236,-0.000623,+0.242732,+0.939222,+0.523771,+0.100698,-0.003228,+0.053812,+1.064829,
-0.000174,+0.634311,-0.003575,-0.007262,-0.001582,-0.002542,-0.008601,-0.006850,-0.001051,+0.029799,-0.002898,+1.255498,
+0.623937,+0.060907,-0.001569,-0.008410,-0.004547,-0.007303,-0.009364,-0.004094,+0.524444,+0.042267,-0.003645,+0.586864,
+1.023860,-0.001149,-0.004327,-0.008508,-0.006901,-0.005032,-0.004999,+0.679227,+0.325881,-0.003110,-0.002140,-0.000750,
+0.443040,-0.000846,-0.003846,-0.010453,-0.007313,-0.000633,-0.001626,+0.075777,-0.005616,-0.004646,+0.448915,-0.000762,
+0.072466,-0.002291,+0.245245,-0.002954,-0.000539,+0.137904,-0.004167,-0.005965,-0.004709,-0.004653,+0.113472,-0.000366,
-0.001388,-0.002134,+0.074573,-0.005134,-0.005879,-0.004083,-0.005981,-0.007522,-0.005043,-0.007593,-0.004556,-0.001695,
-0.002197,-0.003486,-0.003526,-0.008373,-0.009776,-0.004895,-0.003255,-0.003503,-0.004019,-0.006482,-0.005084,-0.003311,
-0.002832,-0.003842,-0.004303,-0.007948,-0.008757,-0.004689,-0.003090,-0.003918,-0.004894,-0.005718,-0.005472,-0.003846,
-0.001561,+0.079168,-0.001408,-0.004569,-0.005016,-0.004524,-0.005518,-0.007509,-0.005894,-0.005262,-0.004277,-0.004743,
-0.000231,+0.460056,+0.071041,-0.001622,-0.003902,-0.002582,-0.004113,-0.001513,-0.003376,-0.003143,-0.002124,-0.003175,
+0.037765,+0.548002,+1.471690,+0.809889,+0.110122,+0.093627,+0.088904,+0.089682,+0.678661,+0.149676,+0.308464,-0.005231,
+0.269605,-0.000965,+1.635194,+3.364799,+2.965827,+2.428386,+2.226820,+2.243453,+2.339464,+1.149976,+0.542112,-0.003490,
+0.091328,-0.000001,+1.110485,+1.896966,+1.885364,+1.690469,+1.475423,+1.364135,+2.326434,+1.271962,+0.257250,+0.180098,

channel --> 11
-0.004190,-0.008047,+0.183221,+0.623326,+0.224293,-0.003725,-0.007055,-0.006581,-0.001196,-0.000001,-0.002542,-0.007106,
-0.000802,-0.002819,+0.175798,+0.943332,+1.113967,+0.180138,-0.005796,-0.006801,-0.002086,+0.540738,+0.434507,-0.007490,
+0.160301,+0.021129,+0.497231,+1.223361,+0.813213,+0.570610,+0.060329,+0.025073,+0.411160,+0.782497,+0.591329,-0.002400,
+0.196131,+0.061155,+0.220359,+0.543139,+0.211176,+0.194331,+0.027777,+0.318075,+0.244285,+0.330041,+0.415962,+0.050662,
-0.000056,+0.366685,+0.281247,+0.475149,+0.053481,-0.000243,+0.396916,+0.417064,-0.000513,+0.172796,+0.268860,+0.311642,
-0.003408,+0.183997,+0.559591,+1.259973,+0.533564,+0.613397,+0.647313,-0.000159,+0.120964,+0.047339,+0.174018,+0.326469,
-0.001473,+0.069321,+0.336568,+1.689235,+0.929794,+0.341455,+0.165100,+0.051959,+0.310020,+0.250184,-0.004421,-0.000597,
-0.000189,+0.070071,+0.023469,+0.718983,+0.462285,+0.088400,+0.240574,+0.209486,+0.383114,+0.117001,-0.002679,-0.001356,
-0.000211,-0.000811,-0.000943,+0.451205,+0.201186,+0.060320,+0.333873,+0.199878,+0.414153,+0.261503,+0.099067,+0.078781,
+0.018153,-0.001324,+0.018359,+0.741733,+0.113479,-0.001259,-0.000914,+0.170975,+0.289082,+0.138898,+0.008635,+0.162137,
+0.167425,-0.000319,+0.021225,+0.903371,+0.481015,+0.128938,+0.005646,+0.326362,+0.450344,+0.068955,-0.000470,+0.228912,
+0.322319,+0.091167,+0.095680,+0.558989,+0.363977,+0.173841,+0.267565,+0.486091,+0.673945,+0.410230,+0.125777,+0.318717,
+0.280788,+0.008995,+0.209680,+0.884851,+0.932889,+0.718095,+0.973499,+1.046900,+0.868730,+0.427296,+0.096009,+0.441517,
+0.226675,-0.000462,-0.003921,+0.138514,+0.452799,+0.582594,+0.611439,+0.419279,-0.001136,-0.004047,-0.001721,+0.638369,
+0.152615,-0.001399,-0.008232,-0.009805,-0.008225,-0.006257,-0.005408,-0.004396,-0.007570,-0.005619,-0.000125,+0.553422,
+0.099950,+0.331837,-0.000690,-0.005274,-0.005000,-0.004575,-0.003863,-0.002294,-0.006329,-0.002765,+0.154746,+0.259417,

channel --> 12
+0.824611,+1.215262,+1.404452,+1.097361,+1.212946,+1.531667,+1.910635,+1.897301,+0.875010,+0.830064,+0.506868,+1.052875,
+0.614542,-0.001596,+0.746525,+0.532845,+1.042326,+0.876080,+1.423894,+1.560914,+0.685498,+0.335243,+0.283671,+0.504668,
+0.418786,-0.004086,+0.756838,+0.465205,+1.117470,+0.935034,+0.974295,+0.690635,+0.112844,+0.295150,-0.000737,+0.012774,
+0.050351,-0.002512,+0.366244,+1.480530,+1.569613,+1.174031,+0.467575,+0.367749,+0.534526,-0.000649,-0.007315,+0.665852,
+0.499419,-0.006839,+0.398247,+1.370934,+1.336088,+0.360075,+0.269581,+0.573082,+1.313520,-0.002005,-0.006666,+0.368322,
+0.729416,-0.009684,-0.001554,+0.966318,+0.768244,+0.649076,+0.570582,+1.584712,+1.099899,+0.047172,-0.003012,-0.001934,
+0.596631,-0.010284,-0.004874,+0.926416,+0.845018,+1.016173,+0.900214,+1.303492,+0.252919,-0.002455,+0.476901,+0.024586,
+0.581775,-0.007860,-0.001481,+1.250827,+1.377689,+1.156920,+0.962160,+0.378750,+0.287700,-0.001421,+0.185629,-0.000949,
+0.725586,-0.004538,-0.001255,+1.405615,+1.276097,+0.760123,+0.272510,+0.667818,+0.492631,-0.001018,-0.001609,+0.140335,
+0.655882,-0.005303,-0.004004,+1.199236,+1.033945,+0.937173,+0.888538,+1.130673,+0.690814,-0.002062,+0.028004,+0.816582,
+0.566603,-0.007439,-0.006319,+0.887409,+1.012334,+1.122413,+1.024298,+0.944491,+0.437353,-0.005273,+0.146048,+0.670598,
+0.581137,-0.001761,-0.004328,+0.871854,+0.879872,+0.922707,+0.819350,+0.615170,+0.179130,-0.007686,-0.001753,+0.765100,
+0.501237,+0.372142,-0.001847,+0.544101,+0.613762,+0.574191,+0.395596,+0.029189,-0.000868,-0.012006,-0.002868,+0.893410,
+0.424672,+0.325966,+0.334433,+0.367054,+0.086676,-0.000517,-0.003104,-0.003180,+0.158978,-0.016268,-0.000936,+0.788331,
+0.379676,+0.230157,+0.409432,+1.311144,+1.317000,+0.938278,+0.736676,+0.270004,+0.249532,-0.009021,+0.093611,+0.766174,
+0.287028,+0.171285,+0.743710,+1.068630,+0.759362,+0.550316,+0.196457,+0.124791,+1.009393,+0.455621,+0.568389,+1.232320,

channel --> 13
+0.032337,+0.036269,-0.000484,-0.001115,-0.000421,+0.021957,+0.046370,+0.095349,+0.018350,-0.000363,+0.051585,+0.003838,
+0.042789,+0.039246,-0.000437,-0.000452,+0.012170,+0.060940,+0.224744,+0.257500,+0.006199,-0.000957,+0.058055,+0.059372,
+0.009646,+0.010999,-0.000602,-0.000877,-0.000041,+0.012552,+0.080094,-0.000338,-0.001240,-0.001328,-0.000511,-0.000503,
+0.001611,+0.040383,-0.000436,+0.016581,+0.018303,+0.083446,+0.032143,-0.000690,-0.000392,-0.000077,-0.000190,+0.020371,
+0.056505,+0.058589,-0.000489,+0.013682,+0.083470,+0.014165,-0.000688,-0.000776,-0.000026,+0.026040,-0.000243,-0.000111,
+0.037810,+0.022088,-0.000625,-0.000921,-0.000514,-0.001021,-0.001104,-0.000335,+0.029250,-0.000018,-0.000813,-0.000861,
-0.000155,-0.000049,-0.000595,-0.000787,-0.000798,-0.000770,-0.000602,+0.022413,-0.000041,-0.000417,-0.000334,-0.000146,
-0.000357,-0.000055,-0.000265,-0.000054,+0.018117,+0.051722,+0.068848,+0.018258,-0.000454,-0.000279,-0.000021,-0.000531,
-0.000501,+0.006128,-0.000507,+0.037593,+0.057012,+0.032491,-0.000320,-0.000124,-0.000544,+0.021372,-0.000613,-0.000726,
-0.000472,+0.016559,-0.000742,-0.000075,+0.049293,+0.000931,-0.000165,-0.000267,-0.000382,+0.012111,-0.000474,-0.000377,
-0.000501,+0.018863,-0.000770,-0.000716,-0.000083,+0.011782,-0.000006,-0.000287,-0.000573,+0.030177,-0.000347,-0.000586,
-0.000371,+0.021203,-0.000376,-0.000687,-0.000406,-0.000312,-0.000594,-0.000680,-0.000926,-0.000182,-0.000841,-0.000579,
-0.000314,+0.039950,+0.009159,-0.001429,-0.001676,-0.001542,-0.001757,-0.000748,-0.001574,-0.000330,-0.000795,-0.000606,
-0.000261,+0.122058,+0.279295,+0.145664,+0.027341,+0.009203,+0.046744,+0.096982,-0.000265,+0.002178,-0.000250,-0.000690,
-0.000160,+0.064719,+0.329839,+0.515479,+0.419532,+0.335705,+0.349654,+0.281825,+0.139703,+0.066497,-0.000004,-0.000710,
+0.003608,-0.000113,+0.094531,+0.209237,+0.294311,+0.276926,+0.209620,+0.182930,+0.198725,+0.131272,-0.000169,-0.000231,

channel --> 14
+0.558815,+1.465740,+1.018703,+0.648225,+0.486174,+0.996285,+1.951648,+1.660779,+0.406636,-0.001267,-0.000586,+0.462538,
+0.333460,+0.350425,+0.224708,-0.005611,-0.007259,+0.354655,+0.119188,-0.003299,-0.001065,-0.000064,-0.000984,+0.414051,
+0.229129,+0.773972,-0.001042,-0.003256,-0.002713,+0.152589,-0.000089,-0.002072,-0.001212,+0.357191,+0.259062,+0.745198,
+0.393058,+0.601155,-0.000792,-0.001640,+0.134693,-0.004605,-0.005746,-0.004539,-0.001185,+0.524180,+0.018830,+0.446241,
+0.457671,+0.681372,+0.251738,-0.003095,-0.001889,-0.004667,-0.005578,-0.002213,+0.597823,+0.498090,+0.203189,+0.281827,
+0.876979,+0.669715,+0.293053,-0.003690,-0.003687,-0.001121,-0.000538,+1.037021,+0.254862,+0.225882,+0.728798,+0.326447,
+0.549181,+0.532395,+0.683920,-0.005043,-0.002176,+0.894496,+0.873789,+0.458748,-0.004232,+0.170109,+1.256372,-0.000344,
+0.238683,+0.415852,+1.151110,+0.039355,-0.001927,-0.003341,-0.005714,-0.005380,-0.001692,+0.312718,+0.755840,-0.003846,
+0.145543,+0.552284,+0.696367,+0.046351,-0.003063,-0.002385,-0.005525,-0.003930,-0.002600,+0.085472,+0.189629,-0.002658,
+0.088870,+0.563584,+0.040004,-0.003847,-0.005622,-0.003572,-0.002804,-0.003593,-0.004969,+0.121976,-0.000185,-0.003974,
+0.061288,+0.437297,+0.220579,-0.003803,-0.006155,-0.004146,-0.003326,-0.004301,-0.005457,+0.136666,+0.017380,-0.004522,
+0.107143,+0.297205,+0.177559,-0.002669,-0.005056,-0.004936,-0.005109,-0.005990,-0.005009,+0.199884,-0.000051,-0.004214,
+0.321533,+0.265665,+0.125663,-0.000351,-0.001902,-0.001916,-0.002938,-0.003022,-0.000006,+0.480173,+0.201486,-0.003622,
+0.488462,+0.271518,-0.001143,-0.000763,-0.002280,-0.002342,-0.003159,-0.003417,+0.511097,+0.544500,+0.217337,-0.003878,
+0.554168,+0.222315,+0.737060,+1.499752,+1.467013,+1.376690,+1.233729,+0.963206,+1.454553,+0.848754,+0.296127,-0.003722,
+0.448226,+0.250264,+0.827312,+0.860421,+0.592518,+0.502373,+0.360938,+0.170639,+0.522884,+0.517664,+0.243079,-0.002945,

channel --> 15
-0.008953,-0.014714,+0.371489,+1.100242,+0.451769,-0.005091,-0.009572,-0.010878,-0.001829,+0.179249,-0.004526,-0.010386,
-0.003995,-0.008364,+0.368062,+1.903640,+2.328999,+0.432212,-0.000912,+0.407891,+0.356548,+0.500695,+0.762530,-0.009167,
+0.085942,-0.005470,-0.001471,+1.537971,+1.822127,+1.275678,+0.645152,+0.470576,+0.344846,+0.804859,+1.008606,+0.026698,
+0.240539,-0.005640,-0.002834,-0.001713,-0.000628,+0.365074,-0.003574,+0.094169,+0.071153,+0.295192,+1.103282,+0.631634,
-0.000356,+0.207953,-0.000751,-0.002896,-0.006729,-0.005216,-0.001302,+0.165545,-0.005105,-0.001028,+0.639727,+0.892581,
-0.003680,-0.002686,+0.373712,+1.137498,-0.003433,-0.002691,+0.025065,-0.003129,-0.000516,+0.042603,+0.116093,+0.107859,
-0.000510,-0.004640,-0.000766,+2.231539,+0.788141,-0.002161,-0.003118,-0.003221,+0.833588,+0.344731,-0.008082,-0.001703,
+0.024215,-0.005128,-0.004757,+0.833216,+1.128181,+1.049871,+0.997300,+0.445808,+0.507648,+0.076508,-0.004518,+0.493762,
-0.000537,-0.006710,-0.005964,+0.200989,-0.002797,+0.018694,+0.305234,-0.000007,+0.509761,+0.005457,-0.001513,+0.033245,
-0.000067,-0.007765,-0.002844,+0.358907,-0.003109,-0.006333,-0.006645,-0.001320,+0.418614,-0.004845,-0.002971,-0.002094,
+0.180517,-0.006806,-0.006527,+0.253942,+0.253559,-0.002517,-0.003922,+0.212614,+0.478897,-0.006970,-0.005433,-0.001877,
+0.508091,-0.002991,-0.005545,-0.001309,-0.000486,-0.002853,-0.002514,+0.187682,+0.534689,-0.002749,-0.004179,-0.001981,
+0.760595,-0.000585,-0.005167,+0.036251,+0.131506,-0.000064,+0.230545,+0.342385,+0.283642,-0.005703,-0.003744,-0.000106,
+0.746576,+0.120066,-0.008130,-0.003592,+0.041384,+0.107306,+0.290428,+0.270076,-0.001415,-0.010824,-0.002814,+0.330196,
+0.615483,+0.293998,-0.007881,-0.010562,-0.008432,-0.004969,-0.003462,-0.002463,-0.008479,-0.012257,-0.000098,+0.128030,
+0.267347,+0.999925,+0.559156,-0.002808,-0.003978,-0.003379,-0.002085,+0.064011,-0.008084,-0.005518,-0.000098,-0.001458,

channel --> 16
+0.598593,+1.213413,-0.004770,-0.002980,+0.322007,+0.273397,-0.004072,-0.001834,-0.003716,-0.003567,-0.000772,-0.002888,
+0.898874,+1.719533,-0.002378,+0.051961,+0.161143,+0.957247,+0.778681,+0.034114,-0.006673,-0.001730,+0.409794,-0.003343,
+0.887336,+1.354587,-0.008444,-0.007193,+0.215398,+0.857900,+0.840853,-0.001502,-0.005590,+0.245174,+0.598163,-0.002617,
+1.054875,+1.028963,-0.003766,-0.012181,-0.005949,-0.002263,-0.010072,-0.007518,-0.005022,+0.477431,+0.463143,+0.278288,
+0.813470,+1.894588,+0.342180,-0.009427,-0.009007,-0.009463,-0.010647,-0.005046,-0.000121,+0.675064,+0.512828,+0.283109,
+0.741920,+1.509564,+0.680476,-0.007427,-0.006392,-0.004016,-0.003599,+0.001555,+0.294912,+0.683514,+0.594926,-0.000348,
+0.413425,+0.957747,+0.565091,-0.004325,-0.001719,+0.540555,+0.591595,+0.213937,+0.014270,+0.530887,+0.409150,-0.001999,
+0.173883,+0.882012,+0.714792,-0.007466,-0.001488,+0.670576,+0.707841,-0.007957,-0.004342,+0.634505,+0.805750,-0.007933,
-0.000325,+1.156539,+0.499475,-0.010785,-0.007978,-0.001243,-0.009512,-0.008618,-0.002560,+1.003637,+0.146119,-0.007655,
-0.000064,+1.330161,-0.000070,-0.012894,-0.008394,-0.007060,-0.006020,-0.004093,-0.004057,+0.694467,-0.000174,-0.005271,
+0.101131,+1.185056,-0.002791,-0.014931,-0.007503,-0.004565,-0.004932,-0.003949,-0.005789,+0.780886,+0.099315,-0.007173,
+0.299761,+0.819943,+0.265099,-0.010782,-0.007091,-0.006446,-0.008143,-0.008908,-0.007829,+0.770530,-0.003155,-0.007352,
+0.489337,+0.437861,-0.000998,-0.004408,-0.005768,-0.005481,-0.007674,-0.010105,-0.005036,+0.700415,-0.002898,-0.006906,
+0.663603,-0.000854,+0.165743,-0.005701,-0.009713,-0.009412,-0.009151,-0.007403,-0.002790,-0.000819,-0.008371,-0.006859,
+0.710460,-0.000253,+0.226938,-0.003600,-0.001789,+0.015259,-0.001438,-0.008600,-0.016738,-0.004173,-0.007520,-0.010138,
+0.588281,+0.419190,+0.954801,+0.469714,+0.272250,-0.000260,-0.005705,-0.004532,-0.003108,+0.559559,-0.000435,-0.005434,

channel --> 17
+0.054075,-0.003628,+0.609905,+0.804203,+0.044168,-0.001360,+0.363675,+0.459401,+0.634780,+0.750950,+0.015700,+0.266439,
+0.479739,-0.008292,+0.481004,+0.720784,+0.707409,-0.002103,+0.148046,+0.219495,+0.449327,+0.570428,-0.001181,-0.005810,
+0.362156,-0.001410,+1.178301,+0.933319,+0.663110,+0.283305,+0.436196,+0.759021,+1.106760,+0.289762,-0.000012,+0.044764,
+0.161075,+0.199658,+0.696782,+0.751602,+0.762531,+0.526522,+0.615547,+1.079512,+0.546481,-0.007035,-0.007162,+0.589432,
+0.441235,-0.005379,+0.438560,+0.755267,+0.758909,+0.690589,+1.188816,+0.903158,+0.051216,-0.008672,-0.008509,+0.455450,
+0.350288,-0.008511,+0.355218,+1.287159,+0.735299,+1.068200,+0.966965,+0.242617,-0.002221,-0.005234,-0.006381,-0.002963,
+0.366675,-0.007883,-0.003855,+1.474681,+0.779269,+0.056514,-0.003319,-0.001745,-0.006580,-0.006390,-0.006696,-0.004975,
+0.490097,-0.007120,-0.005579,+0.712310,+0.096278,-0.003654,-0.004472,-0.003107,+0.033512,-0.006159,-0.006848,-0.003508,
+0.570723,-0.006569,-0.003320,+0.828123,+0.425792,-0.000996,-0.000910,+0.478915,+0.523428,-0.005333,-0.004090,+0.418332,
+0.425467,-0.007012,-0.002020,+1.108865,+0.861242,+0.656078,+0.642562,+0.784214,+0.396793,-0.006269,-0.001156,+0.883394,
+0.366224,-0.007493,-0.002685,+1.214272,+1.066983,+0.735231,+0.635874,+1.003921,+0.500138,-0.007205,-0.001462,+0.789684,
+0.431684,-0.005674,-0.002666,+1.158210,+0.887868,+0.789709,+1.012712,+1.205619,+0.496160,-0.005682,-0.001888,+0.785185,
+0.315264,-0.000312,+0.026920,+1.185311,+1.146453,+1.151529,+1.367504,+0.803262,+0.479714,-0.007258,-0.003043,+0.988151,
+0.123998,-0.001917,-0.011066,-0.000099,+0.654257,+0.607485,+0.330247,+0.059319,+0.116450,-0.011060,-0.002142,+1.104687,
+0.138932,-0.001238,-0.011178,-0.014619,-0.011363,-0.010310,-0.010762,-0.014189,-0.010001,-0.008749,-0.000297,+1.142756,
+0.022997,+0.083715,+0.410919,+0.421327,+0.090395,-0.000408,-0.001247,-0.000950,+0.489924,+0.249772,+0.606267,+1.174764,

channel --> 18
-0.008693,-0.008162,-0.007981,-0.008209,-0.010889,-0.011074,-0.007854,-0.007058,-0.008259,-0.009361,-0.009422,-0.009608,
-0.007568,-0.009874,-0.008747,-0.009099,-0.009985,-0.009625,-0.008186,-0.009366,-0.009817,-0.008009,-0.009041,-0.010536,
-0.008398,-0.006802,-0.007542,-0.008997,-0.009695,-0.008341,-0.008562,-0.009222,-0.008430,-0.007520,-0.008146,-0.008365,
-0.007556,-0.005786,-0.007551,-0.010183,-0.008421,-0.008580,-0.007897,-0.008800,-0.008663,-0.007883,-0.007892,-0.007704,
-0.007245,-0.005521,-0.007311,-0.009919,-0.008784,-0.008065,-0.008082,-0.009117,-0.007903,-0.007147,-0.007654,-0.007573,
-0.007455,-0.005542,-0.006284,-0.008306,-0.009076,-0.007998,-0.008185,-0.007882,-0.007882,-0.007460,-0.006585,-0.007446,
-0.008002,-0.006081,-0.005673,-0.008062,-0.008343,-0.007344,-0.007135,-0.007396,-0.009018,-0.007513,-0.006461,-0.007995,
-0.008509,-0.006697,-0.005553,-0.008736,-0.009540,-0.008222,-0.008046,-0.009097,-0.008871,-0.007351,-0.006377,-0.009409,
-0.008872,-0.006147,-0.006602,-0.008365,-0.009420,-0.008677,-0.009519,-0.008625,-0.009244,-0.006577,-0.007785,-0.008886,
-0.008951,-0.005604,-0.007486,-0.008478,-0.008191,-0.009079,-0.009143,-0.009661,-0.009875,-0.006592,-0.007563,-0.008600,
-0.008925,-0.005617,-0.006726,-0.008601,-0.008410,-0.009109,-0.009329,-0.009348,-0.009225,-0.006124,-0.007379,-0.008998,
-0.008865,-0.007380,-0.006508,-0.007898,-0.008762,-0.009124,-0.009386,-0.009307,-0.008489,-0.005380,-0.007675,-0.009232,
-0.008528,-0.008114,-0.007042,-0.006716,-0.008012,-0.007955,-0.007752,-0.007495,-0.007870,-0.006030,-0.007514,-0.008480,
-0.007591,-0.008525,-0.011010,-0.009224,-0.008287,-0.008090,-0.007994,-0.008379,-0.008207,-0.007366,-0.008350,-0.008219,
-0.007951,-0.007793,-0.008341,-0.008520,-0.008204,-0.008110,-0.008170,-0.010240,-0.009044,-0.006877,-0.008159,-0.008278,
-0.008394,-0.008084,-0.007338,-0.007538,-0.007894,-0.008404,-0.009041,-0.009841,-0.008136,-0.006864,-0.008216,-0.008376,

channel --> 19
-0.005471,-0.015000,-0.004834,-0.003916,-0.006442,-0.008412,-0.009625,-0.010272,+0.156239,+0.190341,+0.247671,-0.005687,
-0.002899,-0.007920,+0.035932,-0.000471,-0.000141,-0.004341,-0.003832,+0.040384,+0.324419,+0.299672,+0.125669,-0.003262,
-0.002616,-0.005677,+0.030818,+0.278269,-0.004055,-0.004217,-0.002033,-0.002193,+0.267066,+0.433446,+0.046409,-0.000807,
-0.001532,-0.005546,-0.001372,-0.000009,-0.002705,+0.045357,+0.064223,-0.000197,+0.310774,+0.211446,+0.360007,-0.003039,
-0.002457,-0.003526,-0.003465,+0.007731,-0.000955,+0.019518,-0.000624,-0.001385,-0.003477,+0.130668,+0.345640,-0.001068,
-0.003548,-0.001767,-0.004104,-0.003016,-0.001070,-0.002982,-0.001182,-0.006256,-0.001811,+0.308608,-0.000438,+0.013114,
+0.006878,+0.048020,-0.004165,-0.000583,-0.000523,-0.005718,-0.004462,-0.002367,+0.546044,+0.295450,-0.005020,+0.222902,
+0.301457,+0.130538,-0.003990,+0.059592,-0.001572,-0.001199,+0.157374,+0.633262,+0.301096,+0.098406,-0.001989,+0.586810,
+0.333889,-0.000801,-0.003222,+0.017499,+0.061618,+0.325433,+0.405387,+0.128352,-0.000067,+0.038473,+0.281472,+0.155193,
+0.377253,-0.000951,+0.219902,-0.001005,-0.001189,-0.000850,-0.000914,-0.001298,+0.112117,-0.001140,+0.157468,-0.002308,
+0.217080,-0.000328,+0.194995,+0.184311,-0.000259,-0.000027,+0.026733,+0.072663,+0.380081,-0.000382,+0.083386,-0.002453,
-0.000388,-0.000626,-0.000565,+0.107371,+0.120447,+0.006115,-0.001161,+0.116963,+0.674162,-0.000515,+0.159949,-0.002201,
-0.000257,+0.062885,+0.014140,-0.004515,-0.003332,-0.004007,-0.002490,+0.609008,+0.688502,+0.014727,+0.122610,-0.003292,
+0.124282,+0.545549,+0.538720,+0.613589,+0.744529,+0.794082,+1.225761,+1.256125,+0.715636,+0.338686,+0.320625,-0.002722,
+0.064949,+0.377846,+0.405437,+0.409754,+0.254760,+0.426665,+0.553455,+0.686459,+0.377251,+0.126473,+0.369390,-0.001711,
+0.027840,+0.250338,-0.001031,+0.000228,+0.460166,+0.585887,+0.677473,+0.562709,+0.009550,-0.002536,-0.000948,-0.004372,

channel --> 20
+0.422249,+0.010211,+0.082931,+0.070954,+0.469340,+0.542430,+0.059947,+0.083351,+0.434075,+0.628003,+0.916445,+0.689906,
+0.333902,+0.287339,+0.531100,+0.278780,+0.321213,+0.226420,+0.263547,+0.546954,+0.467261,+0.444387,+0.584134,+0.736716,
+0.340230,-0.002761,+0.789918,+0.401280,+0.165562,-0.002196,+0.078564,+0.403064,+0.708681,+0.189727,+0.111295,+0.171837,
+0.024740,-0.001918,+0.884461,+0.814657,+0.550643,+0.771700,+1.580352,+1.199579,+0.611637,-0.002507,-0.002153,+0.191502,
+0.068828,-0.007344,+0.284101,+1.093479,+1.414955,+1.644956,+1.487876,+0.763403,+0.095314,-0.004082,-0.002215,+0.194313,
+0.089201,-0.006714,-0.000198,+0.517561,+0.850414,+0.731529,+0.642816,-0.001022,-0.001582,-0.001225,-0.003944,-0.000542,
+0.239561,-0.005106,-0.004482,+0.358332,+0.365854,-0.002124,-0.003076,-0.001576,-0.002494,-0.002943,-0.004957,-0.000522,
+0.418566,-0.003858,-0.006386,+0.235525,+0.036449,-0.004375,-0.003399,+0.291940,+0.297806,-0.002316,-0.004454,-0.000386,
+0.500847,-0.004423,-0.001051,+0.854195,+1.085210,+0.474411,+0.320508,+1.020127,+0.590557,-0.002955,+0.051978,+0.518991,
+0.472121,-0.004805,+0.132444,+0.894694,+1.787690,+1.178923,+0.853048,+0.791047,+0.563865,-0.003672,+0.415309,+0.836303,
+0.432615,-0.005112,+0.053457,+0.720407,+1.203392,+1.024251,+0.803535,+0.909717,+0.581675,-0.004353,+0.462202,+0.834078,
+0.347274,-0.002418,-0.002028,+0.694589,+0.786202,+0.853680,+0.959219,+1.205744,+0.535945,-0.006462,+0.177476,+0.806673,
+0.199815,+0.238835,+0.279733,+0.423215,+0.538735,+0.599381,+0.735412,+0.925727,+0.457353,-0.005723,+0.035005,+0.725684,
-0.000050,+0.867225,+1.663996,+1.163791,+0.953577,+1.002306,+1.147835,+1.372522,+0.320070,-0.004002,+0.257017,+0.678935,
+0.069906,+1.038452,+1.691232,+1.510155,+1.119419,+1.111429,+1.390261,+1.173990,+0.310161,-0.004799,+0.291161,+0.757532,
+0.130486,+0.096736,+0.012848,+0.573975,+1.000845,+1.105438,+1.086016,+1.169547,+0.915064,+0.080274,+0.468534,+0.807114,

channel --> 21
-0.007455,-0.008586,-0.006473,-0.005877,-0.007834,-0.008362,-0.006759,-0.007997,-0.007803,-0.006956,-0.008177,-0.008427,
-0.007376,-0.009231,-0.007196,-0.006669,-0.007148,-0.007624,-0.008194,-0.008030,-0.006994,-0.007135,-0.007957,-0.009482,
-0.006995,-0.006514,-0.007876,-0.007191,-0.006716,-0.006851,-0.007709,-0.006711,-0.007131,-0.007280,-0.007024,-0.007042,
-0.006534,-0.007212,-0.007275,-0.007538,-0.007299,-0.007699,-0.007271,-0.006895,-0.007463,-0.007264,-0.006957,-0.007855,
-0.006997,-0.006367,-0.006861,-0.007677,-0.007767,-0.007340,-0.007103,-0.006948,-0.007673,-0.007418,-0.007079,-0.007360,
-0.006927,-0.006329,-0.006413,-0.007398,-0.007583,-0.007144,-0.006968,-0.007107,-0.008327,-0.007251,-0.006350,-0.006776,
-0.006706,-0.006375,-0.006138,-0.007256,-0.007390,-0.006644,-0.007266,-0.008401,-0.007578,-0.006848,-0.006583,-0.007650,
-0.006978,-0.006515,-0.006175,-0.007218,-0.007032,-0.007958,-0.008184,-0.007421,-0.006758,-0.006544,-0.006960,-0.006556,
-0.007037,-0.006528,-0.006240,-0.007146,-0.007561,-0.007564,-0.007179,-0.007089,-0.006736,-0.006983,-0.006807,-0.006756,
-0.007207,-0.006641,-0.006885,-0.007411,-0.007400,-0.007363,-0.007338,-0.007406,-0.007226,-0.006755,-0.007058,-0.007384,
-0.006981,-0.006486,-0.006904,-0.007777,-0.007574,-0.007771,-0.007634,-0.007669,-0.007495,-0.006868,-0.007123,-0.007326,
-0.006800,-0.007012,-0.006562,-0.007715,-0.007681,-0.007645,-0.007438,-0.007435,-0.007683,-0.006470,-0.006918,-0.007339,
-0.006586,-0.007324,-0.006729,-0.007099,-0.007115,-0.007048,-0.007043,-0.007551,-0.007996,-0.006467,-0.006786,-0.007496,
-0.006577,-0.007157,-0.009640,-0.008930,-0.008025,-0.008049,-0.008265,-0.008203,-0.007947,-0.006699,-0.007113,-0.007241,
-0.006594,-0.006996,-0.007621,-0.008392,-0.008855,-0.008720,-0.008422,-0.008422,-0.007356,-0.007453,-0.007807,-0.007575,
-0.006459,-0.006466,-0.007362,-0.007595,-0.007465,-0.007113,-0.006979,-0.007398,-0.008938,-0.007388,-0.007182,-0.008039,

channel --> 22
+0.608345,+0.992706,+0.472764,+0.146910,+1.006404,+1.301458,+0.670263,+0.570181,+0.473539,+0.168737,+1.073851,+1.038919,
+0.204958,+1.601437,+0.637547,-0.001027,+0.082313,+0.846247,+0.430264,+0.755911,+0.485617,+0.114819,+1.144956,+2.320959,
+0.396486,+0.391215,-0.004264,-0.002212,+0.075357,+0.279285,+0.292690,-0.001241,-0.002956,+0.369802,+0.992813,+1.510808,
+0.488974,+0.252198,+0.225082,-0.004223,-0.001156,+0.329559,+0.541670,-0.003256,+0.067448,+1.279739,+1.649823,+0.922061,
+0.321231,+0.666261,+0.177639,-0.002743,+0.088899,+0.519317,-0.003680,-0.003766,+0.296096,+1.207171,+1.590459,+0.963712,
+0.433468,+0.929024,+0.111108,-0.006974,-0.004839,-0.007809,-0.006005,+0.093105,+0.325962,+0.783538,+1.132086,+1.116383,
+0.461737,+1.034245,+0.680088,-0.006938,-0.003703,-0.000023,+0.305993,+0.248978,+0.789012,+0.788956,+0.927890,+1.087428,
+0.390770,+0.847507,+0.861652,-0.000687,+0.177256,+0.342413,+0.327930,+1.062691,+0.614911,+0.831530,+0.933167,+1.181330,
+0.258021,+0.579700,+0.847010,+0.076584,+0.237813,+0.656678,+0.842752,+0.433983,+0.121728,+0.476717,+1.027336,+0.433374,
+0.330184,+0.516827,+0.946425,-0.005100,+0.286952,+0.203555,-0.000438,-0.003539,-0.000091,+0.412219,+0.844914,-0.003276,
+0.367804,+0.630882,+0.849926,-0.008017,-0.002093,-0.000631,-0.000246,-0.003640,-0.001267,+0.435138,+0.717484,-0.002016,
+0.401156,+0.852496,+0.391146,-0.007478,-0.005308,-0.003768,-0.005045,-0.005272,-0.001174,+0.286836,+0.794726,-0.003069,
+0.639681,+0.795146,+0.292607,-0.010011,-0.010519,-0.010066,-0.011465,-0.003917,+0.052182,+0.704676,+1.086376,-0.003903,
+0.750853,+1.572706,+2.477745,+1.059090,+0.237230,+0.263483,+0.633146,+1.054497,+0.982629,+1.855129,+1.533423,-0.004759,
+0.826956,+1.877664,+2.953795,+3.311606,+2.920281,+2.903071,+3.057165,+3.414648,+2.851816,+1.821395,+1.298880,-0.004995,
+0.815496,+1.124423,+0.905819,+0.997848,+1.331716,+1.548927,+1.898150,+1.933882,+1.294596,+0.546676,+0.249191,-0.003463,

channel --> 23
-0.009873,-0.014192,-0.009084,-0.006415,-0.005340,-0.009623,-0.012271,-0.006362,-0.002740,-0.000592,-0.006464,-0.004880,
-0.002588,-0.011712,-0.005385,+0.811895,+1.122699,+0.260315,+1.721483,+1.847615,+0.331403,-0.000888,+0.150471,-0.004672,
-0.000206,-0.006367,-0.002519,+0.313597,+0.979277,+1.228509,+1.627504,+1.216072,+0.664656,-0.000243,+0.320891,+0.176779,
+0.023289,-0.000217,-0.009003,-0.011487,-0.009528,-0.000632,-0.010231,-0.003707,-0.001994,-0.000241,+0.093410,+1.499448,
+0.576022,-0.001575,-0.007739,-0.011109,-0.010573,-0.011148,-0.006221,-0.003959,-0.004123,+0.057603,-0.001643,+0.988508,
+0.356495,-0.007967,-0.005256,-0.001213,-0.006802,-0.003831,-0.003711,-0.005950,+0.435777,-0.001106,-0.006075,-0.004240,
-0.000001,-0.011527,-0.013075,+0.408495,-0.001998,-0.008182,-0.008339,-0.001768,+0.141251,-0.001138,-0.009158,-0.002952,
+0.035744,-0.011800,-0.014735,-0.007234,+0.029210,+1.136190,+0.835048,-0.005680,-0.004773,-0.005996,-0.003876,-0.001373,
-0.001344,-0.012054,-0.013073,-0.012278,-0.010039,-0.006017,-0.009953,-0.007834,-0.003200,-0.006377,-0.009574,-0.005538,
-0.002671,-0.013180,-0.012167,-0.008185,-0.010026,-0.010984,-0.009989,-0.003903,-0.001794,-0.010743,-0.010695,-0.005200,
-0.002289,-0.012693,-0.016492,-0.007617,-0.005926,-0.007273,-0.008270,-0.001709,-0.001024,-0.011399,-0.011932,-0.006948,
+0.197303,-0.008301,-0.009737,-0.004953,-0.003393,-0.005664,-0.005923,-0.003116,-0.000560,-0.007560,-0.013214,-0.007742,
+0.251372,-0.001100,-0.006110,+0.504243,+0.436759,+0.447731,+0.564398,+0.230851,+0.109240,-0.009630,-0.011586,-0.004997,
+0.139776,-0.000515,-0.007637,-0.003947,+0.081692,+0.236271,+0.212554,+0.038888,+0.065672,-0.017433,-0.010679,-0.004487,
+0.347613,-0.000626,-0.007621,-0.011825,-0.008268,-0.007366,-0.008399,-0.013500,-0.016221,-0.011735,-0.006538,-0.004548,
+0.179787,+0.498297,+1.225657,+1.008182,+0.733715,+0.375143,+0.089302,+0.232828,+1.171523,+0.629002,-0.001859,+0.067779,

channel --> 24
+0.661843,+1.137128,-0.003159,-0.007359,-0.004868,-0.002054,-0.001784,-0.001607,-0.002989,-0.003882,+0.133109,+0.125008,
+0.625191,+1.790787,-0.002029,-0.009528,-0.007408,+0.125885,-0.001056,-0.008437,-0.007985,-0.008599,-0.000789,-0.000631,
+0.652410,+1.512314,-0.005679,-0.012764,-0.005853,-0.000112,-0.002074,-0.006560,-0.010766,-0.007871,-0.000461,-0.002793,
+0.737672,+0.952032,-0.002086,-0.006606,-0.002144,-0.003976,-0.004821,-0.008198,-0.008218,-0.001596,-0.001485,-0.005458,
+0.358864,+1.276451,+0.230633,-0.005057,-0.005382,-0.005440,-0.009245,-0.007646,-0.005156,-0.000562,-0.002095,-0.003900,
-0.000411,+1.602444,+0.432819,-0.008817,-0.006172,-0.004700,-0.005766,-0.007183,-0.006709,-0.002033,+0.099267,+0.083252,
-0.001290,+1.421190,+0.939334,-0.008717,-0.006551,-0.000873,-0.002493,-0.006809,-0.007024,-0.000661,-0.001952,-0.002375,
-0.002193,+1.281774,+1.015052,-0.005021,-0.006688,-0.005688,-0.003065,-0.004212,-0.005089,+0.564966,+0.034911,-0.003628,
-0.002900,+1.378967,+0.893270,-0.004148,-0.004055,-0.002394,-0.000379,-0.004499,-0.005294,+1.132018,+0.301609,-0.002467,
-0.002747,+1.573176,+0.648479,-0.005979,-0.004303,-0.001065,-0.000588,-0.003756,-0.006731,+1.446224,+0.363341,-0.002419,
-0.001208,+1.635322,+0.741316,-0.008622,-0.004261,-0.002553,-0.001542,-0.006505,-0.009144,+1.584374,+0.557068,-0.002203,
-0.000868,+0.894546,+0.793145,-0.008047,-0.006485,-0.004501,-0.004176,-0.008784,-0.010812,+1.554206,+0.572728,-0.002367,
-0.002126,+0.066752,+0.384299,-0.003466,-0.004733,-0.004899,-0.006690,-0.010493,-0.008620,+1.737928,+0.570776,-0.002835,
-0.002804,-0.004100,-0.001964,-0.007493,-0.010952,-0.012306,-0.012953,-0.010832,-0.006504,+1.596978,+0.202461,-0.002661,
-0.002609,-0.004181,-0.003266,-0.006129,-0.006509,-0.007733,-0.007833,-0.005861,-0.003633,+0.972225,-0.002367,-0.005416,
-0.000195,-0.001349,-0.003884,-0.004984,-0.003550,-0.002727,-0.002654,-0.002611,-0.004785,+0.317706,-0.000943,-0.003262,

channel --> 25
+0.842539,+1.333990,+0.998248,+0.573472,+0.597072,+0.839972,+1.424977,+1.307585,+0.606902,+0.452970,+0.561616,+1.131057,
+0.834718,+0.630169,+0.594207,+0.019871,+0.413316,+0.611041,+0.636041,+0.230409,+0.108710,-0.001265,+0.395006,+0.742430,
+0.711911,+0.518956,+0.297971,-0.001652,+0.605971,+0.654234,+0.575356,+0.308924,-0.001177,-0.001002,+0.361847,+0.660685,
+0.400237,+0.306889,+0.070760,+0.058171,+0.749800,+0.289583,-0.002549,-0.001293,+0.055453,+0.126873,+0.138567,+0.546697,
+0.516589,+0.156003,+0.397985,-0.000382,-0.002529,-0.003939,-0.003979,+0.088471,+0.503411,+0.083484,+0.067800,+0.494312,
+0.685869,+0.131295,+0.251331,+0.386070,+0.012669,+0.214805,+0.156193,+0.725435,+0.249370,-0.000092,+0.259582,+0.263940,
+0.489082,+0.074048,+0.356969,+0.397345,+0.349173,+0.672716,+0.557409,+0.414608,-0.001184,-0.001785,+0.577342,+0.176044,
+0.335526,-0.000090,+0.557399,+0.385075,+0.427812,+0.215056,+0.120598,+0.050486,+0.036921,+0.166925,+0.399299,+0.116780,
+0.364100,+0.159441,+0.451224,+0.163536,-0.000403,+0.212220,+0.409094,+0.049437,+0.159408,+0.332796,+0.285367,+0.315657,
+0.270074,+0.196316,+0.326803,+0.199254,-0.002206,+0.377960,+0.579062,+0.447693,+0.112655,+0.425951,+0.339159,+0.543011,
+0.308962,+0.200865,+0.238793,+0.128206,+0.221933,+0.365085,+0.582956,+0.231957,-0.001110,+0.263688,+0.359994,+0.542754,
+0.445892,+0.233436,+0.185903,+0.225671,+0.192281,+0.346135,+0.459869,+0.032813,-0.002880,+0.210978,+0.464344,+0.488583,
+0.430777,+0.328209,+0.239899,+0.395284,+0.354990,+0.343846,+0.232512,-0.002210,-0.001577,+0.236340,+0.605391,+0.596311,
+0.268526,+0.045873,-0.002857,-0.001528,-0.001658,-0.003095,-0.005410,-0.005793,+0.265968,+0.409463,+0.657654,+0.604690,
+0.323565,-0.003206,-0.002754,+0.291617,+0.223474,-0.000483,-0.002574,+0.051056,+0.710090,+0.351154,+0.391039,+0.439060,
+0.349471,+0.357766,+0.735679,+0.804272,+0.520452,+0.515799,+0.481241,+0.394696,+0.514268,+0.370318,+0.482258,+0.693160,

channel --> 26
+0.671322,+0.748196,+0.658167,+0.415537,+1.061620,+1.249778,+0.457877,+0.363497,+0.624110,+0.707811,+1.087611,+1.203848,
+0.213913,+1.098991,+0.742397,+0.361922,+0.168291,+0.360951,-0.001433,+0.051955,+0.646818,+0.505768,+0.764891,+1.661694,
+0.376016,+0.077735,+0.394391,+0.550424,+0.209170,-0.001233,-0.001310,+0.426362,+0.512964,+0.182769,+0.376232,+0.864130,
+0.234084,+0.001722,+0.357805,+0.745065,+0.409840,+0.128832,+0.259170,+0.668391,+0.573426,+0.362743,+0.541541,+0.403823,
+0.099702,-0.001903,+0.315493,+0.476503,+0.228293,+0.268920,+0.471758,+0.630663,+0.106851,+0.193148,+0.591001,+0.393881,
+0.142584,-0.000452,+0.167889,+0.387522,+0.456802,+0.247264,+0.251966,-0.000336,-0.000539,+0.224393,+0.229453,+0.328924,
+0.309748,+0.100114,+0.247087,+0.102561,+0.104347,-0.002306,-0.001224,-0.000455,+0.327402,+0.274705,+0.143229,+0.410878,
+0.419771,+0.107273,-0.000028,+0.442381,+0.237002,-0.000993,-0.001892,+0.355858,+0.749043,+0.407285,+0.084258,+0.670170,
+0.499845,-0.000059,-0.000100,+0.246959,+0.366381,+0.444475,+0.688629,+0.471751,+0.750675,+0.092556,+0.483827,+0.726557,
+0.524298,-0.000143,+0.456021,+0.330002,+0.003504,+0.630927,+0.804491,+0.563958,+0.688947,+0.064305,+0.423446,+0.653861,
+0.479224,+0.011151,+0.564450,+0.580466,+0.208346,+0.458448,+0.679384,+0.487708,+0.579549,+0.034675,+0.287435,+0.725145,
+0.495482,+0.289985,+0.153695,+0.426110,+0.429555,+0.613648,+0.743726,+0.630590,+0.461695,-0.002764,+0.473597,+0.706991,
+0.519462,+0.488530,+0.284455,-0.001398,-0.000212,+0.116720,+0.088934,+0.110526,+0.188880,-0.001066,+0.421748,+0.481898,
+0.348768,+0.673850,+1.461772,+1.021098,+0.622623,+0.492403,+0.436871,+0.389501,+0.547555,+0.724664,+0.825489,+0.414085,
+0.424240,+0.310536,+0.535360,+0.925508,+0.865331,+0.694464,+0.616142,+1.457356,+1.374446,+0.687659,+0.819813,+0.584248,
+0.565225,+0.443531,+0.230478,+0.340435,+0.478037,+0.637859,+0.891644,+1.077588,+0.671893,+0.167079,+0.478453,+0.395433,

channel --> 27
-0.005698,-0.009883,-0.001154,+0.493018,+0.389483,-0.001307,-0.005837,-0.008530,-0.003989,+0.132035,-0.003467,-0.004945,
-0.004148,-0.008905,-0.001742,+1.201035,+1.562690,+0.374928,+0.171875,+0.327943,+0.148394,+0.187394,+0.308248,-0.006830,
-0.001207,-0.007565,-0.001949,+0.745571,+1.347099,+0.852246,+0.477801,+0.681632,+0.363780,+0.262632,+0.340554,-0.002746,
-0.001113,-0.007641,-0.004638,-0.000554,-0.000441,+0.038600,-0.005589,+0.116834,+0.088507,-0.002753,-0.000866,+0.395078,
-0.001565,-0.006376,-0.002842,-0.001037,-0.004947,-0.006579,-0.000690,+0.263883,-0.001719,-0.006571,-0.003300,+0.390871,
-0.002712,-0.009177,-0.001983,+0.653882,-0.000609,+0.064368,+0.194964,-0.000469,+0.020986,-0.002453,-0.004504,-0.003655,
-0.000520,-0.010983,-0.008092,+1.243256,+0.529887,-0.001261,-0.003075,-0.002748,+0.213382,-0.000513,-0.008467,-0.005523,
-0.000205,-0.009765,-0.010759,+0.320158,+0.909431,+0.775231,+0.577508,-0.002417,+0.141201,-0.003074,-0.007803,-0.000505,
-0.000716,-0.009169,-0.008798,-0.001289,-0.001863,-0.002070,-0.002707,-0.001674,+0.320655,-0.004298,-0.006543,-0.001040,
-0.000640,-0.010405,-0.007848,+0.229479,-0.003146,-0.004517,-0.003896,+0.150451,+0.418093,-0.007465,-0.006632,+0.092447,
+0.077624,-0.011042,-0.011706,+0.172745,+0.201364,-0.000457,-0.001984,+0.291178,+0.413937,-0.010010,-0.007065,+0.048565,
+0.265421,-0.005903,-0.007591,-0.000626,+0.119985,+0.008143,+0.007545,+0.240410,+0.359722,-0.007509,-0.007475,+0.077056,
+0.309689,-0.001659,-0.005471,+0.346201,+0.531161,+0.452310,+0.552111,+0.381315,+0.230490,-0.010445,-0.008060,+0.185049,
+0.206909,-0.001982,-0.005235,-0.003465,-0.001030,-0.000136,-0.000245,-0.000830,-0.002470,-0.019382,-0.008550,+0.343154,
+0.168555,-0.002475,-0.009162,-0.011540,-0.010214,-0.009269,-0.008692,-0.008762,-0.014164,-0.019508,-0.005946,+0.209730,
-0.001094,+0.256100,+0.080494,-0.003141,-0.004451,-0.004914,-0.006013,-0.003302,-0.005639,-0.006161,-0.000246,+0.201345,

channel --> 28
+0.372422,+0.470670,+0.301499,+0.370202,+0.533034,+0.561619,+0.495145,+0.431929,+0.365509,+0.398354,+0.298169,+0.463254,
+0.313800,+0.441418,+0.255609,+0.441265,+0.486138,+0.618876,+0.629125,+0.579402,+0.531418,+0.482631,+0.431856,+0.544171,
+0.415889,+0.465813,+0.237010,+0.326725,+0.572013,+0.689313,+0.690145,+0.739261,+0.597103,+0.511470,+0.564984,+0.622885,
+0.522202,+0.474965,+0.271429,+0.204647,+0.227897,+0.318596,+0.218861,+0.365760,+0.429262,+0.646811,+0.556499,+0.674359,
+0.572464,+0.516319,+0.347219,+0.212753,+0.213175,+0.237920,+0.279133,+0.400494,+0.567061,+0.667001,+0.575233,+0.600096,
+0.653755,+0.459232,+0.402671,+0.306715,+0.347605,+0.420033,+0.411612,+0.635726,+0.677451,+0.593396,+0.633108,+0.548793,
+0.572468,+0.403244,+0.337963,+0.272862,+0.395195,+0.596279,+0.592723,+0.586389,+0.568956,+0.641302,+0.685470,+0.508016,
+0.532795,+0.404449,+0.391886,+0.213207,+0.481794,+0.645820,+0.551670,+0.359466,+0.407449,+0.488093,+0.588803,+0.522198,
+0.490119,+0.396944,+0.435987,+0.140708,+0.252366,+0.320314,+0.280136,+0.317721,+0.394497,+0.377479,+0.395901,+0.402331,
+0.472132,+0.345793,+0.288132,+0.192280,+0.213519,+0.228577,+0.245333,+0.384014,+0.433538,+0.374060,+0.308516,+0.282680,
+0.484933,+0.338309,+0.215559,+0.170836,+0.221434,+0.273138,+0.264522,+0.381453,+0.414258,+0.357460,+0.301000,+0.290917,
+0.519707,+0.458556,+0.408552,+0.229859,+0.284326,+0.286578,+0.291866,+0.309214,+0.404555,+0.457983,+0.324881,+0.285252,
+0.545142,+0.507047,+0.430083,+0.622396,+0.660790,+0.664165,+0.622100,+0.463414,+0.525101,+0.487936,+0.406145,+0.300032,
+0.554531,+0.422496,+0.423027,+0.299120,+0.299500,+0.366320,+0.293016,+0.274772,+0.458464,+0.258595,+0.305545,+0.273251,
+0.600086,+0.478982,+0.447284,+0.377806,+0.427866,+0.430077,+0.396794,+0.381208,+0.412881,+0.362644,+0.318574,+0.240512,
+0.533148,+0.584936,+0.641937,+0.547755,+0.448190,+0.410598,+0.400884,+0.444077,+0.564885,+0.575759,+0.433962,+0.327262,

channel --> 29
+0.509332,+1.732014,+1.322096,+0.739619,+0.593663,+1.401573,+2.644151,+2.414820,+0.515474,+0.065768,+0.019737,+1.203768,
-0.000695,+0.042739,+0.201607,-0.005944,-0.002713,+0.322716,+1.471588,+1.459674,+0.440184,-0.008704,-0.003898,+1.427789,
-0.002775,-0.002818,+0.033336,-0.004718,+0.053449,+0.156026,+0.399218,-0.003874,-0.007230,-0.004265,-0.004302,+0.816225,
-0.004282,-0.000960,-0.006088,-0.001532,+0.409677,-0.001090,-0.011102,-0.011734,-0.005785,-0.004220,-0.007240,+0.904033,
+0.192066,-0.007663,-0.003376,-0.004009,-0.003457,-0.010828,-0.014015,-0.007992,+0.506507,-0.005347,-0.009310,+0.310942,
+0.567281,-0.008366,-0.007135,-0.005516,-0.009828,-0.008912,-0.006883,+0.915209,+0.098276,-0.009735,-0.005521,-0.000535,
+0.089659,-0.006452,-0.002804,-0.003990,-0.005295,+0.223554,+0.159749,+0.198102,-0.007444,-0.010216,+0.566859,+0.079235,
-0.002342,-0.006839,+0.391597,+0.244100,+0.314694,+0.156147,-0.004255,-0.001962,-0.006398,-0.006750,-0.000169,+0.221184,
-0.002146,-0.005981,+0.036208,+0.044227,-0.004170,-0.004622,-0.000404,-0.007322,-0.007817,-0.008482,-0.005014,-0.001358,
-0.003230,-0.007517,-0.002959,-0.003949,-0.010775,-0.004031,-0.002544,-0.004293,-0.007582,-0.005973,-0.006051,-0.003484,
-0.004300,-0.008423,-0.003823,-0.003044,-0.006919,-0.004734,-0.001665,-0.005894,-0.009146,-0.006903,-0.006849,-0.003610,
-0.002630,-0.006002,-0.006514,-0.003378,-0.004668,-0.005057,-0.004935,-0.008840,-0.009748,-0.007031,-0.004029,-0.003979,
-0.001255,-0.004301,-0.006310,-0.005697,-0.007325,-0.007943,-0.007865,-0.007098,-0.008857,-0.006439,-0.001637,-0.001862,
-0.001357,-0.002554,-0.003882,-0.003974,-0.006950,-0.008921,-0.008429,-0.008535,+0.393002,+0.394201,+0.519900,-0.003498,
-0.001070,-0.007578,+0.241432,+2.307242,+2.011140,+1.606214,+1.409447,+1.794727,+2.829956,+1.274589,+0.421719,-0.001199,
-0.002399,-0.001620,+0.675888,+1.287883,+0.939335,+0.895342,+1.051733,+0.871093,+1.903079,+0.629296,-0.001931,+0.549571,

channel --> 30
+0.108422,+0.941792,-0.004558,-0.008334,-0.005922,-0.002406,-0.002465,+0.525592,-0.001286,-0.006771,-0.005672,-0.002149,
+0.639579,+1.600997,-0.000505,-0.002185,+0.440880,+0.742080,+1.997178,+2.037473,+0.023866,-0.010485,-0.003781,-0.000817,
+0.541029,+0.893569,-0.001399,-0.009236,+0.371441,+1.153817,+1.817277,-0.000030,-0.009882,-0.007389,-0.001742,-0.006025,
+0.217207,+0.716241,-0.001568,-0.006681,-0.001603,+0.921635,+0.170380,-0.010742,-0.010331,-0.002321,+0.247260,+0.026134,
+0.551708,+0.895251,-0.001417,-0.003683,+0.028933,+0.024751,-0.009743,-0.010535,-0.001301,+0.401208,-0.003334,+0.040191,
+0.184782,+0.667034,+0.139950,-0.003949,-0.005078,-0.004917,-0.006295,-0.000933,+0.550860,-0.001801,-0.002349,+0.330682,
-0.002838,+0.681293,+0.364949,+0.064032,-0.001457,+0.197867,+0.112790,+0.456809,+0.260905,-0.004104,-0.000010,+0.709996,
-0.004424,+0.686723,+0.788763,-0.003514,+0.137068,+1.255031,+1.447513,+0.890128,-0.010999,-0.002976,+0.641025,+0.463119,
-0.005329,+0.601193,+0.887177,-0.001047,-0.001589,+0.017890,+0.682685,-0.003853,-0.010209,+0.691171,+0.216594,-0.003092,
-0.006229,+0.478985,+0.681007,-0.001994,+0.244435,-0.001867,-0.003712,-0.003812,-0.007520,+1.056794,+0.295711,-0.006275,
-0.004580,+0.675446,+0.346040,-0.008004,+0.022638,-0.002333,-0.002170,-0.004843,-0.009159,+1.118597,+0.369288,-0.005360,
-0.002730,+0.492098,+0.624964,-0.004580,-0.003219,-0.004495,-0.005130,-0.009222,-0.010657,+1.427818,+0.456678,-0.005761,
-0.004547,-0.003388,+0.100400,+0.301456,+0.098386,-0.000345,-0.001998,-0.008313,-0.007208,+1.346311,+0.787910,-0.002632,
-0.004610,-0.009013,-0.005545,-0.006975,-0.010193,-0.010479,-0.011451,-0.009516,-0.008643,+1.224213,+0.400348,-0.001923,
-0.005156,-0.003908,-0.002749,-0.001785,-0.000930,-0.000726,-0.001251,-0.003491,-0.001117,+1.236966,-0.001411,-0.006160,
-0.004843,+0.024398,+0.432479,+0.234928,-0.001401,-0.002333,-0.001230,-0.002024,+0.305594,+0.575603,-0.003988,+0.226108,

channel --> 31
+0.189421,+0.500380,+0.829003,+0.539587,-0.000152,+0.129789,+0.667270,+0.817179,+0.341793,+0.099356,+0.050009,+0.264215,
+0.158442,+0.046399,+0.371766,+0.273990,-0.000684,-0.004061,-0.002611,-0.000991,+0.058173,+0.079656,-0.000800,+0.129745,
-0.000666,-0.000294,+1.110362,+0.860208,-0.000919,-0.003902,-0.004355,-0.001825,+0.285290,-0.001288,-0.003760,-0.001621,
-0.001848,+0.373279,+0.573317,+0.791801,+0.654889,+0.155046,+0.275701,+0.370242,+0.076149,-0.007051,-0.005717,-0.001546,
-0.000761,-0.001179,+0.415539,+0.526892,+0.414392,+0.288269,+0.646174,+0.244113,-0.004610,-0.008221,-0.007360,-0.001336,
-0.002740,-0.002896,+0.510708,+1.193002,+0.422987,+0.519383,+0.372231,-0.003299,-0.008052,-0.010278,-0.007676,-0.003875,
-0.003644,-0.001937,+0.523847,+1.171207,+0.253336,-0.003901,-0.006233,-0.006216,-0.008724,-0.009313,-0.007287,-0.004771,
-0.003775,-0.003276,+0.242306,+0.746416,-0.001840,-0.007865,-0.007521,-0.002388,-0.001542,-0.005492,-0.007198,-0.003658,
-0.002965,-0.003231,-0.001792,+0.713272,+0.052773,-0.002597,+0.232255,+0.098033,+0.010330,-0.003018,-0.003591,+0.249535,
-0.003259,-0.002556,+0.063131,+1.018426,+0.140887,+0.312156,+0.505976,+0.166647,-0.001683,-0.001286,-0.001239,+0.562643,
-0.003596,-0.001681,+0.478524,+1.380018,+0.509685,+0.258568,+0.391908,+0.267948,+0.005709,-0.000295,-0.002088,+0.561256,
-0.002330,-0.002422,+0.160147,+1.225732,+0.693736,+0.546755,+0.719881,+0.582040,+0.130668,+0.044587,+0.066688,+0.567850,
-0.002159,-0.002609,+0.267133,+0.702508,+0.467969,+0.496740,+0.754661,+0.507803,-0.001716,-0.000694,-0.000663,+0.693545,
-0.003226,-0.004241,-0.003462,+0.516672,+0.591054,+0.455420,+0.313130,-0.000905,-0.002051,+0.286517,+0.285752,+0.823777,
-0.003551,-0.008449,-0.008199,+0.204456,+0.253581,+0.131579,+0.036989,+0.318112,+0.710266,+0.548961,+0.365615,+1.037589,
-0.002749,-0.003327,-0.001552,+0.005045,-0.000913,-0.000881,-0.000011,-0.000451,+0.184145,+0.132530,+0.219981,+0.689251,

