channel --> 0
-0.105482,+0.165980,+0.007142,-0.010992,
+0.253394,+0.171233,-0.028907,+0.332194,
-0.249280,-0.423263,-0.455851,+0.092503,
-0.111910,-0.114850,-0.385124,+0.030954,

channel --> 1
+0.053217,-0.546692,-0.157780,+0.051168,
-0.418847,-0.723517,+0.082872,+0.342815,
+0.219411,-0.369240,+0.333277,-0.278619,
+0.169776,+0.324367,+0.215581,-0.384403,

channel --> 2
-0.137961,-0.349033,-0.696028,-0.262643,
-0.050074,-0.082804,-0.102928,-0.157204,
+0.190321,-0.037546,-0.272966,-0.091044,
+0.044785,-0.160711,-0.076550,+0.086993,

channel --> 3
-0.079848,-0.421694,-0.243815,-0.210534,
+0.157548,+0.376380,+0.074767,+0.473486,
+0.676099,+0.677229,-0.456152,-0.221861,
+0.106199,+0.377788,+0.240480,+0.051123,

channel --> 4
-0.015787,-0.008229,-0.182888,+0.166201,
+0.007383,+0.404472,+0.398176,-0.068232,
-0.007021,+0.184762,-0.177586,-0.011930,
+0.002794,+0.146286,+0.171196,+0.365787,

channel --> 5
-0.450471,+0.069553,-0.381914,-0.258156,
-0.282185,-0.214691,+0.221625,-0.766941,
+0.219082,-0.012562,+0.345638,+0.853903,
-0.219213,-0.012303,-0.044836,-0.043754,

channel --> 6
-0.316365,+0.283887,-0.210813,-0.190208,
-0.379016,-0.150956,+0.167297,-0.187730,
-0.189146,-0.622232,+0.395745,+0.300130,
-0.062952,-0.259538,-0.044469,+0.022205,

channel --> 7
-0.391014,+0.034084,-0.054957,-0.261171,
+0.036791,+0.243243,-0.150373,-0.406916,
+0.063959,-0.333069,+0.020515,-0.078375,
-0.082359,-0.040679,-0.150740,-0.224262,

channel --> 8
-0.033235,-0.124603,-0.328371,-0.515205,
-0.095981,-0.359405,-0.032271,-0.468063,
+0.385287,+0.300353,+0.252639,+0.452971,
-0.002200,-0.003320,+0.158069,+0.156988,

channel --> 9
+0.264023,+0.155906,-0.104103,+0.033085,
+0.656944,+0.214302,+0.461131,-0.045748,
+0.246486,+0.418329,+0.160877,+0.168410,
+0.346091,-0.076388,+0.112078,+0.878555,

channel --> 10
+0.177790,-0.260399,-0.209590,+0.530966,
-0.095571,+0.035248,-0.220069,+0.256100,
+0.332197,-0.063147,+0.027398,-0.133746,
-0.064810,+0.085826,-0.131066,+0.115437,

channel --> 11
+0.111068,-0.045043,+0.200796,+0.025103,
-0.332204,+0.278609,+0.203137,-0.080283,
+0.040231,+0.110152,-0.180528,-0.120572,
-0.047626,-0.294957,-0.464085,+0.634938,

channel --> 12
+0.137148,-0.189352,-0.184536,+0.031074,
-0.118104,+0.443667,+0.171932,+0.160850,
-0.298907,+0.061965,-0.118299,-0.323171,
+0.006777,-0.237741,-0.127783,+0.294941,

channel --> 13
-0.262829,-0.437214,-0.157649,-0.118603,
-0.109783,+0.322423,+0.368205,+0.501160,
-0.069454,-0.204709,+0.249628,-0.222829,
-0.284612,-0.144541,-0.086594,-0.360441,

channel --> 14
+0.005987,-0.068783,-0.576169,-0.155054,
-0.053916,+0.228477,-0.026734,+0.109015,
+0.325377,+0.016582,+0.213001,+0.111651,
+0.168258,-0.450679,-0.259285,+0.174135,

channel --> 15
-0.336536,-0.245569,-0.270464,-0.546852,
-0.434687,-0.784043,-0.496502,-0.268158,
-0.244737,-0.679225,+0.086681,-0.960867,
-0.355974,+0.118355,-0.135388,-0.843482,

channel --> 16
+0.114973,+0.417084,+0.271713,+0.022317,
-0.109177,+0.144509,-0.358471,-0.125001,
-0.004482,-0.165274,+0.017746,-0.707699,
-0.207857,+0.148796,-0.107219,+0.047925,

channel --> 17
-0.003883,+0.208719,+0.025304,+0.062117,
-0.069875,+0.248762,+0.305081,-0.405423,
-0.065646,-0.028691,+0.080203,+0.193143,
-0.311111,-0.388614,-0.311512,+0.083162,

channel --> 18
+0.018732,-0.358395,-0.439408,-0.304059,
-0.117826,-0.180036,-0.635124,-0.082246,
+0.063283,-0.053339,-0.578243,+0.356286,
-0.120202,+0.000226,-0.096472,+0.343305,

channel --> 19
-0.004735,-0.680929,-0.199068,-0.229824,
+0.101852,-0.532588,+0.082531,+0.198168,
+0.332470,-0.152327,-0.053015,+0.177703,
+0.157691,+0.173080,-0.555239,-0.009375,

channel --> 20
+0.002746,-0.259670,-0.108695,-0.288414,
-0.073186,+0.116225,+0.049608,+0.094225,
+0.286469,-0.249693,+0.279471,-0.341660,
+0.011821,-0.015414,+0.237513,-0.440832,

channel --> 21
+0.006656,+0.227327,+0.273267,-0.354556,
+0.145762,-0.316317,-0.275531,-0.263151,
+0.027791,+0.031541,+0.347905,-0.423993,
-0.199158,+0.088245,-0.457124,+0.040331,

channel --> 22
+0.127208,+0.412683,+0.006445,-0.207456,
-0.250744,+0.588286,+0.021778,-0.119923,
+0.492025,+0.650787,+0.556374,-0.129946,
-0.234173,+0.178138,+0.164668,-0.907735,

channel --> 23
+0.164736,+0.099146,-0.269447,+0.088558,
+0.029532,-0.852379,-0.601196,-0.064419,
-0.184406,+0.172496,-0.324357,-0.102644,
-0.116842,+0.159556,-0.150769,-0.208089,

channel --> 24
-0.068641,-0.099257,+0.219547,+0.417981,
+0.440259,+0.165814,+0.494081,+0.532240,
-0.140663,+0.123783,+0.020720,+0.096880,
+0.375895,+0.342979,-0.268618,-0.299717,

channel --> 25
-0.015783,-0.025663,+0.147949,-0.767540,
-0.038862,-0.522171,+0.071276,-0.396408,
-0.035035,-0.204252,-0.153252,-0.056585,
+0.097723,-0.067849,+0.396399,+0.117962,

channel --> 26
-0.116189,-0.128701,-0.252705,-0.175151,
-0.093580,+0.254839,+0.147895,-0.047121,
-0.253932,-0.421689,+0.542327,+0.079623,
-0.021679,-0.227020,-0.066816,-0.370066,

channel --> 27
-0.021783,-0.362203,+0.041735,+0.282799,
+0.118214,-0.385564,+0.120405,+0.536658,
+0.366713,-0.006102,+0.447423,+0.813284,
+0.435733,+0.049001,+0.173420,+0.202110,

channel --> 28
+0.057076,+0.790769,+0.510763,+0.359055,
+0.041948,+0.433064,-0.313758,+0.225092,
-0.361412,-0.416813,+0.293454,+0.051433,
+0.646224,-0.214603,-0.058422,-0.094135,

channel --> 29
-0.043476,+0.016119,-0.167687,-0.274687,
-0.020939,-0.336802,-0.044456,-0.200338,
+0.079530,+0.196626,+0.020285,+0.227181,
+0.244767,+0.266128,-0.334354,+0.444310,

channel --> 30
+0.152741,-0.534844,-0.067998,-0.127927,
-0.162731,+0.040687,-0.350619,+0.149105,
-0.306925,+0.237107,-0.527749,+0.111869,
-0.303059,+0.216956,+0.352582,-0.205621,

channel --> 31
-0.233238,-0.686581,-0.160220,-0.160527,
-0.080804,+0.040381,-0.158151,+0.011294,
+0.240502,-0.313890,-0.689803,-0.644216,
+0.086352,+0.351908,+0.648592,+0.077708,

channel --> 32
+0.226342,+0.643335,+0.823233,+0.489109,
+0.326959,+0.929366,+0.335010,+0.759512,
+0.055224,-0.033805,-0.324779,-0.268907,
+0.623167,+0.244981,+0.232628,+0.317433,

channel --> 33
+0.350589,+0.187531,-0.200783,+0.040001,
+0.119194,+0.041207,-0.382683,+0.087907,
-0.000631,+0.028231,-0.310174,-0.505714,
-0.169017,+0.207643,+0.043884,+0.466706,

channel --> 34
+0.286475,-0.164603,+0.355697,-0.217595,
+0.129211,+0.325881,-0.266431,-0.813458,
+0.215967,+0.329178,-0.294099,+0.030096,
+0.313699,+0.610765,-0.195889,+0.456659,

channel --> 35
+0.121254,-0.318969,-0.078402,+0.026698,
-0.013452,-0.375065,-0.382728,+0.339811,
+0.257525,+0.199747,-0.158767,-0.186527,
+0.253172,-0.289649,+0.232193,-0.084765,

channel --> 36
+0.014724,+0.105442,+0.166036,-0.048157,
-0.303607,-0.099032,+0.012169,-0.301844,
-0.040184,-0.263242,+0.352150,-0.475053,
-0.096836,+0.446866,+0.366096,+0.060924,

channel --> 37
+0.235567,+0.006024,+0.049157,+0.005800,
+0.075980,-0.312319,-0.033204,+0.091874,
-0.091990,+0.010883,+0.028700,+0.112803,
+0.378585,+0.296943,-0.201605,-0.018836,

channel --> 38
-0.118865,+0.041596,+0.155836,+0.081334,
+0.109823,-0.521551,+0.535196,+0.105198,
+0.909659,+0.180633,+0.787285,+0.355573,
+0.340841,+0.109638,-1.129388,-0.063525,

channel --> 39
-0.146189,+0.072195,-0.216707,-0.336521,
-0.112894,+0.014878,-0.164598,-0.318302,
+0.093538,-0.098108,+0.005881,+0.041791,
-0.005412,-0.066892,+0.188921,-0.178255,

channel --> 40
+0.016966,-0.740306,+0.172275,+0.607921,
-0.086825,-0.381927,-0.058070,+0.626218,
+0.080697,-0.470132,+0.198490,-0.085230,
+0.168220,+0.312592,+0.200094,-0.581632,

channel --> 41
+0.019186,-0.068909,-0.127608,-0.404616,
-0.509074,+0.141181,-0.434344,-0.555960,
-0.068267,+0.008721,-0.144362,+0.228760,
-0.068670,-0.234436,-0.395465,-0.320846,

channel --> 42
-0.372061,-0.197439,-0.148051,-0.250246,
-0.272307,+0.469386,+1.010015,-0.062155,
+0.493949,+0.011238,-0.219069,+0.051261,
+0.356604,+0.272213,+0.147347,+0.438745,

channel --> 43
-0.122943,+0.203051,-0.081483,-0.664998,
+0.354795,+0.056676,-0.179778,-0.479751,
+0.524219,+0.465659,+0.306381,+0.139401,
+0.192629,+0.353437,+0.196179,+0.458727,

channel --> 44
-0.153329,+0.054254,+0.196353,-0.030565,
+0.211629,+0.006250,+0.352752,+0.095379,
-0.036811,-0.108457,+0.465686,+0.527719,
+0.229496,-0.017717,+0.841268,-0.071269,

channel --> 45
+0.176698,-0.065017,+0.027318,-0.289867,
-0.051288,-0.055344,-0.264521,+0.099235,
+0.138448,-0.500093,-0.304927,-0.062588,
-0.008057,-0.416265,-0.318771,-0.295097,

channel --> 46
-0.088501,+0.036378,+0.658924,+0.339254,
+0.257304,+0.057335,+0.215609,+0.364237,
+0.196883,-0.295553,-0.671258,-0.095050,
+0.087716,+0.197773,+0.014585,+0.114479,

channel --> 47
+0.102603,+0.114094,+0.211276,+0.024473,
+0.008410,-0.480301,+0.049164,-0.082806,
-0.045937,-0.174140,-0.043489,+0.618224,
-0.278866,+0.002296,+0.322026,-0.405033,

