channel --> 0
+1.298571,+0.776898,+0.795675,-0.046393,+0.309286,+0.513508,+0.555621,+0.430238,+0.758031,+0.398347,+0.135388,-0.524406,-0.594684,-1.716197,-0.163672,-0.012987,
-0.250674,-0.386684,-1.427813,-0.066026,+1.113268,+1.271745,+1.457343,+1.583926,+2.620471,-0.348197,-1.793476,-1.492784,-1.539597,-1.694457,-0.489446,+0.479863,
-0.070923,-1.562813,-1.149181,+0.137481,+0.123229,-0.200753,+0.287843,-0.057554,-0.554691,+1.018759,-1.374955,-1.181327,-1.079100,-1.601413,-0.967661,-0.045183,
+0.722389,-1.029887,-1.153251,+0.808146,+0.782122,+0.934057,+0.370816,-0.269467,+0.800475,+0.722854,-0.960582,-1.142535,-1.056421,-1.501623,-0.955968,-0.031575,
+0.555647,-0.785549,-0.266187,+1.077977,+1.395518,+1.899553,-0.150232,+0.047223,+1.110717,+1.355568,-1.029621,-1.201480,-1.162669,-1.661094,-1.087988,-0.620626,
+0.492024,-0.139484,-0.160598,+2.291463,+0.444639,+0.584186,+0.799145,+0.927880,+1.178763,+0.577150,-1.006498,-1.110852,-1.214033,-1.606498,-1.965903,-0.613355,
+0.714433,-0.042679,-0.887309,+0.035170,+1.405444,-0.138222,+1.494670,+1.479760,+0.463566,+0.657433,-1.438619,-1.265265,-1.181340,-1.352021,-1.937558,-0.901604,
+0.794724,+0.178932,-0.855846,-0.015774,+1.414351,+1.466365,+1.219414,+1.225627,+1.504269,+0.202879,-1.331319,-1.722917,-1.548478,-1.452441,-1.445231,-1.056863,
+0.530347,+0.965891,-0.347668,+0.148788,+1.139796,+0.796851,+1.650621,+0.374178,+0.946028,-0.209788,-0.774516,-0.233749,-1.367016,-1.696712,-1.836686,-0.903432,
+0.437325,+1.245336,-0.280973,+0.190866,+1.339457,+1.370967,+1.685151,+1.086631,+1.037337,+0.841522,-0.613935,-0.345601,-0.265693,-0.054516,-1.468363,-1.608311,
+0.241301,+1.283962,-0.350500,-1.569271,+1.269895,+1.402428,+0.843383,+0.005966,+1.257252,+0.109644,-0.235735,-0.245554,+0.104037,+0.225623,-0.623472,-0.909607,
+0.188724,+1.466582,-0.530091,-0.726597,+0.268078,+1.210417,-0.124628,+0.304379,+0.797944,-1.070868,-0.358583,+0.357168,-0.057456,-0.496088,-0.889411,-1.046832,
+0.207069,+1.268063,+0.055429,-0.022152,-0.754012,+0.868984,-0.028772,+1.613454,+1.165554,-1.063054,+0.085543,-0.305782,-0.092947,-0.985771,-0.464337,-1.522431,
+0.144166,+1.492356,+0.128031,-0.481931,-0.708627,+0.017099,+0.728798,+1.381113,+0.817237,-0.387584,+0.158021,-0.314765,-0.998792,-1.116698,-0.737507,-1.884289,
+0.148000,+1.593721,+0.207116,-0.835090,-1.323157,-1.355644,-0.249345,+1.492397,-0.322073,-1.230002,-1.506353,-1.067691,-1.389895,-1.053364,-0.864989,-1.938921,
-0.397618,+1.184699,+0.595939,-0.950546,-1.393014,-1.917686,-0.438762,+0.541466,-1.089124,-0.676991,-1.308912,-1.072413,-1.133375,-0.921276,-1.092695,-0.682981,

channel --> 1
+0.732959,+1.250167,+1.306051,+1.116597,+1.288367,+1.370576,+1.390336,+1.158447,+0.752299,-0.143951,-0.626170,-0.457426,-0.690491,-1.041965,-0.289367,+1.167686,
-2.051766,-2.497423,-3.359322,-0.167336,+0.534897,+0.684936,+0.392457,+0.328912,+0.099703,-2.585092,-2.481455,-1.394545,-0.860037,-0.756984,-0.543032,+0.605778,
-1.559425,-1.055861,-0.528164,+1.529565,-0.200139,+0.388731,-0.013915,-0.180478,-0.929237,+0.742329,-1.032191,-0.334855,-0.418641,-0.736581,-1.109965,+1.057295,
-0.326137,-0.439300,-0.371287,+0.641228,+1.234624,+1.597564,+0.886192,+0.585386,+0.958554,-0.672606,-0.915531,-0.569192,-0.559360,-0.865928,-0.919606,+0.789539,
-0.213364,-0.476885,+0.904832,+0.659547,+0.438745,+0.647274,+1.158199,+0.715404,+0.856356,+0.592794,-0.960835,-0.578573,-0.658220,-0.735510,-1.766514,+0.879801,
-0.473195,-0.695202,-0.767614,+0.801333,+0.851721,+0.358081,+1.781658,+0.741561,+0.148677,-0.269126,-0.763615,-0.631037,-0.674061,-0.749155,-1.982893,+0.283009,
+0.104808,-0.271805,-0.500720,+0.062032,+1.327141,+0.478953,+1.700064,+0.773397,+0.156451,-0.103495,-0.585003,-0.664026,-0.692130,-0.623780,-1.252113,+0.866698,
-0.067744,-0.346898,+0.144162,+0.458259,+1.024724,+1.008824,+1.002825,+0.802043,-0.086697,-0.785631,-0.725383,-0.558206,-0.598965,-0.640190,-1.274231,-0.523924,
-0.474365,-0.217396,-0.178984,+0.619601,+1.283555,+1.173962,+0.510701,+0.087269,+1.047420,-0.698611,-0.457696,-0.824240,-0.588645,-0.649585,-0.890477,-0.603671,
-0.387148,+0.629385,-0.609963,+0.514050,+1.434704,+1.384692,+1.069793,+0.737415,+0.744063,-0.879156,-0.771996,-0.400647,-0.829702,-0.486256,-1.030317,-1.063759,
-0.422672,+0.826526,-1.038218,-1.916872,+1.563387,+0.682431,+0.526743,-0.077244,+0.985814,-1.759686,-0.808750,-0.419987,-0.109030,-0.313254,-1.207902,-1.390404,
-0.434004,+1.091924,-0.607934,-0.857679,-1.463011,+0.766082,+0.575191,+1.445965,+0.212615,-1.279834,-0.112968,+0.080987,-0.766487,-0.889750,-0.403267,-2.246151,
-0.436525,+1.349583,-0.700109,-0.011442,-1.986716,+1.292173,+1.103920,+1.312737,-0.085466,-0.708768,+0.316586,-0.475088,-0.309934,-0.898276,-0.487711,-1.959781,
-0.453890,+1.630802,-0.492049,-0.080356,-0.638953,-0.979731,+0.606387,+1.082027,-0.592433,-0.259005,-0.626136,-0.348927,-0.478299,-0.589072,-0.412622,-1.153877,
-0.460207,+1.537455,-0.527268,-0.280006,-0.606844,-1.239338,+1.438910,+1.794883,-1.064664,-0.193967,-0.580133,-0.547705,-1.281011,+0.096847,-0.057955,-0.058487,
-0.393288,+1.059235,-0.676257,-0.582095,-0.535077,-0.504791,+0.919413,+1.377445,-0.037351,+1.212112,+0.758787,+1.421805,+1.387372,+0.892420,+1.156997,+0.941755,

channel --> 2
-1.888269,-1.123969,-1.194861,+0.462119,-0.956812,-1.055817,-1.083978,-1.014492,-1.360365,-2.775482,+0.016184,-0.100133,+0.930726,-0.654324,-0.349829,+0.200198,
+0.394292,+2.333643,+1.242536,+0.498170,+0.273147,-0.458576,-0.847219,-1.671187,-1.020624,-2.113703,+0.720305,-0.242363,-0.479749,+0.314571,-0.155426,+0.556828,
-0.950367,+0.172484,-0.630855,+1.267124,+1.711748,-0.899481,-0.557215,-0.041971,-0.725835,-1.448542,-0.072120,-0.413430,-0.415137,-0.303605,-1.089904,-0.430133,
-0.414155,-1.158762,-0.328454,-0.357211,+0.227141,-1.298641,-1.008422,-0.174291,+0.751856,+0.078428,-0.441535,-0.353333,-0.301516,-0.113387,-0.359924,-0.085191,
-0.190505,-0.608819,+0.676745,-0.033760,-0.089128,+0.299281,-1.568999,+0.699989,+0.689103,-0.083107,-0.574597,-0.494733,-0.216515,-0.297982,-1.038155,-0.550605,
-0.105410,-0.636148,+0.318616,-1.606666,-0.136253,+0.232879,-1.020838,+0.825153,+0.578271,-0.552718,-0.452601,-0.343007,-0.282738,+0.166408,+0.076606,-0.161891,
-0.465309,-0.876287,+0.763833,+0.429263,-0.609381,+0.643441,-0.586607,+0.175341,+1.313454,-0.589144,-0.217450,-0.426742,-0.257307,+0.089151,-0.997280,-0.832803,
-0.787959,-0.825368,-0.170263,+0.453070,-0.214425,+0.795732,+0.559406,-0.843793,+0.874340,-1.032161,-0.617283,-0.869240,-0.548484,-0.361541,-0.088048,-0.534015,
-0.048058,-0.367598,-0.314416,+0.587020,-1.043106,+0.114041,-0.582623,+0.363698,+0.257037,-0.878019,-0.251475,-0.209413,-0.581114,-0.080720,-0.321968,+0.712030,
+0.425735,-1.155546,-0.469734,-1.108566,-1.413241,-0.575675,-0.293797,-0.385989,-0.481210,-0.095602,-1.243176,-0.461578,-0.084704,+0.329852,-0.104430,+0.409219,
-0.065813,-1.163156,+0.109734,-0.990704,-1.435644,-1.052386,+0.258279,+0.880095,+0.458133,+0.707606,-0.876341,+0.485940,+0.015956,-0.366937,+1.781599,+0.086289,
-0.067692,-0.001748,-0.492719,+0.135622,-0.894964,-1.381498,+0.364700,+0.975386,+0.384995,+0.170452,+0.524160,+0.237090,-0.017863,-0.220192,+0.634145,+0.466655,
+0.152100,+0.154539,-0.325750,+0.967764,-0.413898,-1.486721,-0.277360,+1.658920,+0.936852,+0.037867,+0.304044,-0.459169,-0.006884,+0.126783,-0.350896,+1.732849,
-0.173196,-0.499181,-0.891252,+0.007500,-0.134123,-0.824940,+0.291301,-0.390222,-0.397980,-0.504063,-0.351975,+0.471467,-0.432518,+0.092794,-0.347590,-0.902065,
-0.194092,-0.994172,-1.325253,-0.668156,-1.321882,-1.324497,-0.904082,-2.097000,-1.424329,-2.824176,-2.033247,-1.868871,-2.305478,-1.801349,-2.043705,-0.417446,
+0.991658,+1.194911,-0.114435,-0.800161,-1.590576,-0.905394,+0.466495,+0.837258,+0.055059,-0.646949,-0.231636,+0.580492,+1.750198,+1.342322,+1.286695,+3.159769,

channel --> 3
+0.424729,-0.720276,-1.223868,+0.053770,-0.198937,-0.414734,-0.608897,-0.856656,-0.095424,+0.882213,-0.217909,-0.462255,-0.236034,+1.438795,-0.338404,-0.937310,
+1.158616,+0.647995,+1.251130,-0.560794,-1.796691,-1.941497,-1.512465,-1.492885,-1.568617,+1.449688,+0.280304,-0.551160,-0.815305,+0.981135,+0.244881,-2.142719,
+1.930747,+1.144377,+1.729849,-1.056786,+0.421254,+0.431304,+0.425685,+0.224032,+2.268451,-1.479075,-0.444087,-0.485086,-0.730785,+0.071422,+2.328367,-2.089960,
-0.402441,+0.790783,+3.226813,-1.561094,-0.886250,-0.235691,+1.827626,+1.183128,+1.414371,+0.086719,-1.033478,-0.674394,-0.641750,+0.107018,+2.472755,-1.659757,
-0.837460,+0.405559,-0.348677,-0.237707,-1.330170,-1.794991,+0.580281,+0.456997,-1.424067,-1.166088,-0.565288,-0.542184,-0.561060,-0.009816,+2.161518,-1.427273,
-0.401897,-0.254183,+1.666478,-1.771542,+0.973155,+0.207350,-0.806114,+1.782723,+0.058694,-0.943918,-1.016471,-0.578884,-0.645960,-0.489203,+2.651271,-0.745382,
-0.265614,-0.656599,+1.364398,+0.327614,-0.972668,+2.042790,-0.002823,-0.190546,+0.865446,-0.231472,-0.310327,-0.441723,-0.605962,-0.939023,+2.710937,-0.269904,
-0.288167,-0.721848,-0.000880,+0.781440,-0.242011,-0.899041,-0.381576,-1.243066,+0.243207,-0.321026,-0.205417,-0.129000,+0.008680,-0.249731,+1.850160,-0.221605,
-0.146639,-1.233826,+0.256701,-0.188925,-0.864088,+0.229570,+0.161001,+0.841509,+0.371642,-0.642865,+0.269735,-0.974330,-0.621960,-0.400534,+1.196565,-0.141670,
+0.261450,-0.862633,+0.354294,-0.611774,-1.375548,-0.495727,-1.562607,-1.166855,+0.240050,-1.264318,-0.283992,+0.160570,-1.072185,-1.639600,+0.667353,+1.898457,
+0.102015,-1.532178,+0.349831,+2.460654,-2.281791,+0.446936,+1.062098,+1.234592,-0.286958,+0.100110,-0.874743,-0.851027,-0.756830,-0.502150,+0.104134,+1.168384,
+0.453703,-1.692230,-0.509593,+0.730947,+0.355805,-0.691161,+0.707739,+0.475027,-0.497750,+0.321964,-0.868571,-0.760115,-1.338473,+0.168047,-0.414257,+1.242582,
+0.624480,-1.576516,-0.496445,-1.167428,+1.506017,-0.704075,-0.053592,-0.189743,-0.779231,-0.181712,-1.040040,-0.331502,-0.636277,+0.187830,-1.027108,+1.051374,
+0.491292,-1.447864,-0.948489,-0.602803,+0.173081,+0.083187,-0.785951,+0.492771,-0.981612,-1.228334,-1.101867,-0.289306,+0.456505,+0.309664,+1.062917,+2.420849,
+0.610931,-1.390159,-0.474480,+0.539344,+0.499040,+2.704556,+1.177646,+1.287536,+2.516864,+2.599387,+3.641276,+2.779010,+3.605086,+2.701619,+2.130856,+1.301936,
+0.692379,-1.856462,-1.341234,-0.328091,-0.569679,+0.211074,-0.710495,-2.112322,-1.417394,-2.217847,-2.744926,-2.311586,-2.707144,-2.845105,-2.715442,-2.764894,

channel --> 4
+0.250370,+1.768811,+1.599008,+1.354887,+1.510311,+1.554651,+1.541783,+1.486183,+0.578254,+0.716203,+0.736967,+0.501570,-0.636363,-1.685518,-1.160751,+1.186298,
+0.873639,+3.008092,+2.996729,+0.098824,+2.078798,+2.164357,+1.940056,+1.893807,+0.626114,+1.672316,-0.802252,-0.591639,-0.482982,-0.598638,-1.546039,+1.789469,
+0.047303,-0.459657,-1.048283,+0.574043,+1.756540,+1.416083,+1.718998,+1.887135,+1.156167,-1.275717,-0.222175,-0.642909,-0.731548,-0.684712,-1.621297,+0.994921,
-1.366758,-0.349422,-0.946359,+0.270301,+0.418121,+0.898587,+1.016920,+0.269215,-0.945307,-0.665504,-0.277990,-0.746801,-0.702115,-0.801748,-2.061592,+1.544815,
-0.756597,+0.262105,-2.307797,-0.330409,+0.732680,+0.732311,+0.958375,-0.439146,-0.697149,-0.767904,-0.057289,-0.759977,-0.701778,-0.765866,-0.820253,+1.213020,
+0.578936,+0.036247,-1.174725,+0.518213,+1.403330,+0.226159,-0.617480,+0.798399,+0.334743,-0.087475,-0.712715,-0.676523,-0.714767,-0.727462,-1.021933,-0.402224,
+0.326889,-0.346257,-0.256453,-1.362273,-0.267149,+0.441603,+0.867537,-0.136111,-0.214797,-0.115030,-0.680154,-0.763529,-0.761121,-0.790281,-0.420918,-1.237474,
+0.202312,-0.173899,-0.579579,-1.512959,+0.216751,+1.375858,+0.733572,+0.792104,+0.372670,-0.893864,-0.286017,-0.580185,-0.759948,-0.769521,-1.116271,-1.193510,
+0.359529,+0.661542,-0.347008,-1.975319,+0.121090,+0.546469,-0.211361,-0.029241,-1.707614,-1.044648,-0.936153,-0.526552,-0.119063,-0.674490,-0.744083,-1.832042,
+1.098914,+0.888990,-0.904701,-2.254071,+0.238767,+0.142142,+0.160149,-0.078482,-0.772628,-1.445219,-1.056826,-1.456265,-0.513565,-0.528471,-0.299923,-2.302487,
+1.090550,+0.695731,-1.676881,-0.962223,+0.240668,+0.946215,+0.502704,+0.181245,-0.278439,-0.970812,-1.126419,-1.214064,-1.063080,-1.545900,-1.829115,-2.501659,
+1.067707,+0.405965,-0.274388,-1.149305,-1.594360,+0.116599,+0.230348,-0.391195,-0.397447,-0.836016,-1.746215,-1.126636,-1.486947,-1.915025,-1.357985,-0.863369,
+1.017219,+1.839102,+0.079694,-1.698754,-0.253848,-1.467294,+0.186658,-0.275017,-0.491568,-1.565366,-1.179050,-1.155091,-1.767827,-1.117977,-1.728862,-1.756988,
+1.023427,+1.757312,-0.497748,-0.783303,-1.104297,-1.501701,-1.037308,-0.155625,-1.095452,-1.306698,-1.381605,-1.444112,-0.782974,-1.250113,-1.387256,-1.002778,
+1.036169,+1.373013,+0.030421,-0.748517,-0.571907,-1.471168,-1.341473,+0.662850,-0.697644,-1.409628,-1.396333,-1.508137,-0.668669,-1.676334,-0.871886,-0.850711,
+1.074455,+1.664737,+0.883985,-0.453625,-0.114068,-0.297542,-0.309779,+1.604616,+0.158466,-0.112151,+0.991934,+1.670937,+2.049168,+2.297472,+3.097751,+2.735812,

channel --> 5
+0.902156,+0.592480,+0.528831,+0.657048,+0.531217,+0.580316,+0.638668,+0.572100,+0.359495,-0.373949,-0.504688,+0.048110,+0.097518,+0.190578,+0.611066,+0.791322,
-0.290162,-1.023518,-0.731230,+0.370809,-0.023775,+0.006916,-0.377762,+0.111980,-0.277672,+0.323107,+0.546502,+0.508777,+0.369116,+0.614643,+0.032806,+0.694966,
+0.520998,+0.900327,+0.815543,-1.500188,+0.696909,-0.036711,-0.578464,+0.161998,-0.914902,+0.070630,+0.887548,+0.678001,+0.704152,+0.697774,+0.878376,-0.366442,
-0.257969,+0.661020,+1.488546,-0.873989,-0.045949,-1.723512,-0.909612,+0.619816,-1.284546,-0.562149,+0.589677,+0.700756,+0.599333,+0.696350,+1.254677,-0.692679,
-0.780120,+0.694918,+0.663448,+0.058793,-2.115616,-0.354504,-0.458005,-0.826112,-0.781710,-0.892990,+0.829361,+0.681580,+0.614489,+0.686406,+0.662618,-0.705017,
-0.195566,+0.395469,+1.192040,+0.575001,-1.061519,+0.670077,-0.674621,-1.660627,+1.429895,-1.370493,+0.701544,+0.569170,+0.647255,+0.797236,+1.021206,-0.759651,
+0.178918,+0.297857,+1.548734,+0.994714,-0.842352,-0.983282,-1.781517,-1.214043,-0.893047,-0.648366,+0.624526,+0.640325,+0.625199,+0.746209,+0.392260,-0.381167,
+0.205980,+0.157077,+0.932341,+1.694296,-0.972648,-1.096281,-0.177575,-0.966362,-1.225650,-0.025297,+0.472542,+0.627381,+0.721210,+0.651679,+0.746339,-0.353794,
+0.255463,-0.078310,+0.540247,+0.929111,+0.082834,+0.753061,-0.260110,+0.142535,+0.327337,-0.176294,+0.460252,+0.448101,+0.282645,+0.549383,+0.343744,-0.347074,
+0.807216,-0.570810,+0.620782,+0.808276,+0.410561,+0.031704,-0.153050,+0.406131,-1.519193,+0.149146,+0.159197,+0.296740,+0.115336,+0.090574,+0.503071,+0.605306,
+0.724335,-0.535306,+1.014103,+1.070330,-0.008562,-0.416400,-0.074389,+0.077862,-2.170338,+0.772124,+0.213370,+0.846780,+0.169923,+0.505596,+0.621180,+0.909898,
+0.778057,-0.914847,+0.489276,+0.398655,+0.319984,-1.162441,-0.141766,-0.230141,-2.434319,+0.953565,+0.355503,+0.486523,+0.709602,+0.616488,+0.269397,+0.930023,
+0.745612,-0.757464,-0.172406,+0.436175,+1.569766,+0.228019,-0.038141,-1.555046,-1.449078,+0.495714,+0.318671,+0.902608,+0.494941,+0.887510,+0.275090,+1.068389,
+0.698021,-0.458854,-0.101556,+0.796468,+0.977556,+0.936055,+0.737622,-2.849375,-0.069547,+0.544834,+0.379866,+0.371647,+0.400403,+0.391574,+0.327408,+0.470544,
+0.693629,-0.417629,-0.070158,+0.592590,+0.583154,+1.148868,+0.895577,-3.023666,+0.321920,+0.347564,+1.136874,+0.751973,+0.824047,-0.023638,+0.030846,+0.139922,
+0.819123,-0.569581,-0.375768,+0.365578,+0.135812,-0.127005,-0.614327,-2.911615,-1.239946,-1.913629,-1.810896,-2.629320,-2.813084,-2.511751,-1.842427,-0.938530,

channel --> 6
+1.009476,-0.034470,-0.335753,+0.445832,-0.599582,-0.625990,-0.550772,-0.705736,-0.982919,-0.404577,+0.900358,+0.999950,+0.201350,+0.516671,+1.511634,+0.290843,
-1.335225,+1.199132,+0.684477,+1.241085,+0.687572,+1.953124,+1.855233,+1.713932,+1.444862,+0.458427,+0.183226,-0.100561,-0.281885,-0.497922,-0.662001,+0.606868,
-0.242559,+0.255874,-0.393921,-0.687906,+2.276021,+1.545356,+0.371656,+1.369142,+1.056318,-0.981353,+0.259692,-0.410685,-0.460623,-0.322797,-1.766229,+0.180008,
-1.749200,-0.621368,-0.735706,-0.965986,+1.613541,-0.443245,-0.082303,-0.049744,-1.164888,-1.814801,-0.277966,-0.497732,-0.568225,-0.283557,-1.767131,-0.289926,
-1.910623,-0.772184,+0.439649,-0.508250,-0.513614,+0.234472,+2.227326,+1.343841,-0.886683,-1.165432,+0.066490,-0.586364,-0.585902,-0.258938,-1.898511,-0.591632,
-0.824356,-0.905336,-2.170813,-1.326433,+0.507333,+0.805619,-0.074486,-0.735667,+1.190294,-1.746074,-0.379664,-0.585256,-0.591450,-0.189324,-1.459938,-0.682994,
-1.108541,-0.528650,-0.816257,-0.412349,-0.495575,+0.853078,-1.748453,-0.575630,+0.459249,-0.707607,-0.197696,-0.587091,-0.610538,-0.323884,-1.872619,-0.538791,
-1.869744,-0.879540,-0.488392,-1.293475,-1.441715,-0.195209,+0.837372,+0.226962,-0.493173,-1.148166,-0.254887,-0.422750,-0.331999,-0.385554,-1.022999,-0.829883,
-1.081277,-0.027760,-0.947810,-1.135729,-0.089215,-0.147219,+0.537408,-0.118601,-0.081705,-1.522411,-0.435819,-0.139175,-0.454516,+0.171005,-0.432471,-0.778283,
-0.468032,-0.349250,-0.799917,-1.804167,-0.059082,+1.215978,+1.152083,+2.204187,-1.790761,-2.532058,-1.126583,-0.373670,-0.797105,-0.848754,-0.067280,-1.228845,
-0.580990,-0.571353,-0.468765,-1.760425,-1.396922,+0.005456,+1.223386,+1.522031,-2.148024,-0.235650,-0.190917,+0.219947,-0.331136,-0.840975,+0.111630,-1.483992,
-0.642092,-0.597366,-0.498689,-0.924370,-3.172045,-0.851263,+0.541183,+1.394837,-3.239079,-0.178086,+0.033612,-0.319880,-0.148097,-0.695023,-0.522873,-1.210231,
-0.726889,+0.064419,-0.525688,-0.107953,-1.856339,-1.136363,+0.373394,+0.118499,-1.711453,-0.292057,-0.185204,-0.306283,-0.751568,-0.235293,-0.954216,-0.826556,
-0.699465,-0.267689,-0.659138,-0.532427,-0.726494,-2.844980,-0.767193,-1.565820,-2.055230,-0.666337,-1.013515,-0.349315,-0.129266,+0.034328,-0.261168,-1.377290,
-0.770745,-1.035871,-1.149990,-0.415611,-0.303516,-1.274261,-0.031977,-1.760659,-1.466927,-0.276206,+0.347972,-0.548018,+0.315489,-0.159045,+2.064754,+2.715834,
-0.534062,-0.152016,-0.211797,+0.127175,+1.661891,+1.515403,+0.139765,-0.914991,+3.760881,+3.176183,+2.359949,+1.003978,+0.740716,+0.754095,+0.437137,+1.272989,

channel --> 7
-2.168035,-0.550970,-0.385405,-0.226368,-0.449372,-0.570888,-0.462264,-0.292033,+0.261180,-1.187002,-0.419820,+0.062893,+1.356164,-0.908749,-1.928753,-0.110465,
+1.139023,+1.083543,+0.199267,+2.107421,+1.676287,+1.664452,+1.499458,+1.351819,+0.931224,-0.347624,-0.668758,-0.457476,-0.001150,+0.841196,+0.337277,+1.482253,
-0.222051,-0.447992,-0.011871,+2.890895,+0.472026,-0.970802,-1.617709,-1.610349,-1.829834,+1.998980,-0.029189,+0.456694,+0.376986,+0.684155,-0.427627,+1.951177,
+1.137423,+0.401863,+0.232292,+2.892073,-0.552723,-1.130825,-0.891438,+0.005854,-1.117057,+1.591866,+0.174101,+0.455124,+0.330334,+0.547063,-0.455406,+2.111897,
+2.047768,+0.409496,-0.027259,+0.820815,+0.002209,+0.532239,-0.557479,-0.434269,+0.230981,+1.040258,+0.202833,+0.369572,+0.416636,+0.534932,-0.296394,+2.533099,
+1.024134,+1.516420,-0.432821,+0.271911,-1.961123,+0.029008,-0.660385,-2.516279,+0.025877,+0.191524,+0.496177,+0.319059,+0.403052,+0.531839,-1.321068,+2.660230,
+0.697028,+1.305085,+0.055667,+0.382474,-0.366059,-1.364945,-0.925978,-1.259235,-1.242447,+0.186844,+0.522895,+0.371275,+0.347096,+0.521039,-0.605850,+1.058930,
+0.962130,+1.632658,+0.817040,+0.788871,+0.228831,-0.808594,+0.549239,-0.664740,-0.055457,+1.307604,+0.393130,+0.315186,+0.430621,+0.411205,-0.538635,+0.018438,
+0.717981,+1.493268,+0.641399,+1.154389,-0.081152,-0.564250,-1.730638,-1.338023,-0.041216,+1.899654,-0.163577,+0.001863,+0.321039,+0.481627,+0.663592,+0.908317,
+0.389006,+1.912052,+0.940658,+0.648086,+0.116836,-0.867844,+0.028682,+0.239281,-0.573467,+1.951761,+1.128898,-0.215400,+0.903571,+0.459918,+0.671845,-0.168007,
+0.505049,+2.138025,+0.636847,-0.168376,+0.907983,-1.425752,-1.372901,-0.671651,-0.487739,+0.113517,+0.765144,-0.374348,+0.314408,+0.402477,+0.556910,-0.130077,
+0.486152,+2.676538,+0.160786,+0.521129,-0.175919,-0.594792,-0.662211,-0.614449,+0.827971,+0.204420,+0.210583,+0.230439,+0.608017,+0.682439,+0.924372,-0.690855,
+0.536773,+1.497778,+0.791793,+0.775865,-0.449681,-0.112729,-0.561699,-1.025663,+0.866895,+0.282092,+0.913372,+0.380919,+0.349553,+0.237818,+0.936795,-0.714815,
+0.545350,+1.452019,+1.377885,+0.682093,+0.416333,+0.197575,+0.713992,-1.123756,+1.248137,+0.234686,+0.753919,+0.453471,+0.678557,+0.680999,+1.209024,+0.182978,
+0.545157,+1.642861,+1.621751,+0.662529,+0.854209,+0.349939,+1.018439,-1.561414,+1.792694,+0.789289,+0.361551,+0.699038,+0.748075,+1.019895,+0.491333,+0.105588,
+0.531363,+1.650387,+1.086740,-0.069934,+0.500351,+0.265151,-0.277068,-1.041794,+1.225559,+0.329889,-0.629061,-0.612892,-1.086233,-0.021463,+0.235897,-0.608826,

channel --> 8
+0.563402,-0.333716,-0.304466,-0.606871,-0.487519,-0.343337,-0.229248,-0.185474,-0.571402,+0.923590,+0.060203,-0.845609,-2.021935,+0.064031,+1.471131,-0.313981,
+0.955144,-0.094383,+1.264657,+2.572045,+0.639247,+1.051577,+0.974702,+0.905658,+0.458926,-0.881351,+1.028217,+0.060366,-0.315797,-0.668925,+1.173971,+0.803639,
-0.051619,+0.303195,-0.064019,-1.691891,-0.495839,+1.084620,+1.604521,+1.181506,-0.002738,-1.476173,-1.055715,-0.511394,-0.492428,-0.710611,-0.082767,-0.413898,
-0.443454,-0.774540,+0.053762,-0.249436,+0.351469,+0.215740,+0.427926,+0.328722,-0.789265,-0.514957,-0.579188,-0.444051,-0.516974,-0.520370,+0.610046,+0.182521,
-0.327677,-1.149157,+0.123878,-0.562350,+2.098644,+0.456025,+0.191163,+2.154929,+0.802506,-1.271191,-0.701757,-0.412070,-0.486733,-0.320780,+0.532481,+0.652783,
+0.148415,-1.816931,+0.713382,+0.584785,+0.348779,-0.993273,-0.694726,+0.017214,-1.171366,-0.558391,-0.372293,-0.477498,-0.434939,-0.413678,-0.501293,+0.345152,
+0.432280,-1.808110,+0.060452,+1.319639,-0.028425,+0.596387,+0.165299,-0.348934,-0.316389,-1.946047,-0.600705,-0.323503,-0.544263,-0.445848,-0.944353,+1.301836,
+1.232356,-2.321755,-0.408987,-0.047465,+0.205502,+1.172848,-0.565287,-0.116462,+0.010085,-1.170642,-0.167589,-0.381198,-0.241357,-0.453338,-0.884314,+1.833322,
+0.980457,-2.383632,-0.889259,+0.297304,-0.586025,-0.690774,+0.874522,+0.461668,+0.275515,-1.566712,-0.879826,-0.337664,-0.620105,-0.358014,-0.866472,+1.270770,
+0.462890,-1.978106,-0.951733,+0.375746,-0.918471,+0.151849,-0.033693,-1.588243,+0.625686,-0.704704,-1.290579,-1.160395,-0.880603,-0.663115,-1.090283,-0.464711,
+0.673120,-2.484637,-1.193001,+0.042054,+0.444745,+0.173441,+0.100372,-0.011869,-0.071079,-1.451589,-0.710888,+0.224271,-1.966427,-1.699749,-0.489473,+0.692508,
+0.704209,-1.867562,-1.646797,-0.757126,+1.439248,-0.031249,+0.091050,-0.728796,-0.477434,-0.753059,-0.299344,-1.125707,-0.562323,-1.595613,-1.400520,+0.877221,
+0.703702,-1.459881,-1.598332,-0.903121,-0.113888,+0.309056,+0.100850,-0.038851,-1.324428,-1.243665,-1.867058,-1.341680,-1.521335,-0.923708,-1.533579,-0.674851,
+0.748605,-1.419037,-1.898298,-0.933464,-1.050690,+0.452308,-0.190171,+0.971527,-1.391184,-0.914082,-1.582535,-0.907419,-1.220113,-0.088478,-1.443300,-1.353286,
+0.745336,-0.552314,-2.146853,-0.599055,-0.522841,+0.474388,+0.001699,+1.237860,-1.553875,-1.403214,-1.091419,-1.786709,-0.105913,-1.448397,-0.711001,+1.833994,
+0.911640,-0.201489,-2.440899,-0.135486,+0.038844,+1.459233,+2.133021,+2.114167,+1.464529,+0.480859,-1.272566,-1.746719,-2.153609,-2.165660,-1.677029,-1.743630,

channel --> 9
-2.689713,-1.637618,-0.943592,-0.050792,+0.352266,+0.313659,+0.240644,+0.230246,-0.480051,-1.798222,-2.356945,-2.874448,-1.117381,-1.404926,-0.822516,-0.051399,
-2.869733,-3.068414,-3.779083,-0.760842,-0.805068,-1.432578,-1.757685,-1.495462,-1.572759,-1.287604,+0.035997,+0.618441,+0.765132,+0.001514,-0.824769,-0.646735,
+0.602064,+2.210300,-0.422007,+0.521555,+0.866248,+0.520159,-0.214972,-0.840802,-0.522220,-0.451290,-0.847364,+1.108282,+0.970446,-0.474214,-0.695476,+0.322724,
+0.829751,-0.346876,+0.064592,+0.861955,+0.435243,+0.298862,+0.993797,+1.732848,+0.768746,+0.852765,-0.105160,+0.982702,+0.846692,-0.270055,-0.106857,+1.065092,
+0.506116,-0.009371,-0.165876,+0.832766,-1.501188,-1.006718,+0.562561,+1.192229,-0.416285,+1.195774,+0.485325,+0.984874,+0.853722,+0.123924,-0.409863,+0.969404,
-0.032723,-0.021010,-0.978441,-1.698457,-1.806168,-0.592892,-0.497418,-2.230127,-0.477196,-0.442472,+0.568266,+0.812581,+0.913593,-0.174038,-0.674361,+1.355995,
+0.370673,+1.177409,+0.655565,+0.684165,+0.814799,+0.568543,+0.353991,+1.122730,+1.840464,+0.816182,+0.869661,+1.018703,+0.901190,+0.654850,-0.440250,+1.206666,
+0.071835,+1.038226,+1.321978,+1.418420,+0.017065,-1.303290,-1.303415,-0.781769,-0.365059,+1.274972,+0.916598,+1.035430,+1.221206,+0.681702,-0.753896,+0.566817,
-0.172887,+0.553306,+0.121643,+0.851667,+1.236718,+0.554821,+0.141235,-0.223946,+1.153606,+0.325520,+0.335498,+0.397761,+1.013704,+1.872153,+0.000309,+0.066616,
+0.314318,+0.529225,-0.095820,-0.777056,-0.309236,-0.786403,-0.445240,+0.241987,-0.364310,+0.120662,+0.328614,-0.220736,+0.509806,+0.434060,-0.760124,-0.074266,
+0.250713,+0.745428,+0.209523,-0.713953,-0.693751,-0.174655,+0.484650,+0.210392,-0.325347,+0.572565,+0.258379,+0.412402,+0.270220,+0.230471,-0.274606,+0.710617,
+0.278146,+1.215506,+0.652593,+0.861759,-1.005813,-0.412102,+1.778374,+0.944634,+0.481779,+0.660753,+0.815354,+0.390180,+0.691952,+0.885186,+0.292043,+0.178243,
+0.212737,+0.683597,-0.075718,+0.611746,-0.252006,-0.770871,+0.185047,+0.976553,+0.138511,+0.658946,+0.687378,+0.724042,+1.007926,+0.684272,+0.098090,+0.310951,
+0.156739,+0.968368,+0.904635,+0.867320,+0.374133,-0.254478,+0.596103,+0.737579,-0.027780,+0.557121,+0.413821,+0.405296,+0.802656,+0.904010,+0.924317,+1.181296,
+0.086660,+0.768298,+0.336548,+0.862274,+0.986658,+0.292815,+1.088292,-0.508828,-0.713098,+0.224026,+0.199642,+0.763107,+0.211247,+1.174852,+0.901984,+1.362066,
-0.047535,+0.945978,-0.099924,+0.830798,+1.455194,+1.474699,+1.315459,+0.124311,+1.003216,+1.123992,+0.989723,+0.814748,+0.256032,-0.068959,-0.748960,-0.861079,

channel --> 10
-1.340508,-0.275412,+0.215348,-0.012630,-0.380814,-0.344157,-0.312333,-0.559290,-0.617163,+1.044969,+2.489926,+1.780012,+0.839780,-0.461528,-0.619822,-0.115055,
+0.479469,+4.265430,+4.033431,-0.256903,+0.277398,+1.664143,+1.758297,+1.344139,+0.753631,-1.867087,+1.493868,+0.628764,+0.497745,-1.646873,+1.029722,+0.501647,
-1.167132,+0.665107,-0.772071,+0.338931,+0.715461,+1.097825,+1.057777,+0.760416,+0.542529,-1.270187,-1.844472,-0.302340,-0.540653,-1.829033,-0.011090,+0.098059,
-1.653314,-1.316793,-1.273163,-0.049695,-0.272711,-0.566339,+0.109369,+0.463513,-1.455363,-0.587576,-0.635128,-0.464963,-0.558799,-1.538330,-0.901365,+0.755097,
-1.299942,-1.236006,+0.266458,-0.844156,+0.936810,+0.762332,-1.898246,-0.194143,+0.167740,-0.810647,-0.706866,-0.402526,-0.631773,-1.293237,-0.214287,+1.214480,
-0.557131,-0.791762,+0.163667,-0.081112,+0.623657,+1.423214,-0.328655,-0.494279,+0.747604,-0.895322,-0.385052,-0.544564,-0.626140,-1.324208,-1.925928,+0.174451,
-0.589795,-1.029251,-1.050062,+1.254296,-0.459540,-1.036409,+0.269446,-0.336541,+0.005409,+0.113339,-0.055020,-0.528778,-0.535768,-0.719231,-2.214159,+0.647372,
-0.822340,-1.737840,-0.023831,-0.200320,+0.605827,+1.086905,+1.147987,+2.392158,-0.128583,-0.775080,-0.408318,-0.538063,-0.403914,-0.412711,-2.750775,+0.425737,
-0.289369,-1.343161,+0.032008,-0.468483,-0.192679,+0.373011,+0.035132,+0.492947,-1.131471,-1.046840,-0.510419,+0.102108,-0.757158,-0.389973,-1.704049,+0.754897,
-0.026848,-1.432578,-0.574923,+0.525257,-1.032173,+0.208584,+0.418860,+1.320810,-1.838249,-0.895881,-1.183130,+0.252664,-0.106331,+0.174182,-1.795326,+0.216445,
-0.018855,-0.988407,-0.340490,-0.046393,+0.529234,-0.631207,+1.080663,-0.901000,-0.496188,-0.683192,+0.029242,-0.256132,+0.033683,+0.002421,-1.499052,-0.654895,
-0.050818,-1.205860,+0.285624,-1.127308,+0.459683,-0.633651,-0.788297,-1.261510,-1.519004,-1.067601,+0.007334,-0.086764,-0.366843,-0.778584,-0.958053,-0.394290,
-0.119291,+0.005629,+0.279552,-0.689692,-1.300685,+0.656393,-0.900027,-1.009524,-2.137085,-0.401143,+0.359655,-0.071621,-0.519380,-0.696549,-0.721322,-1.571366,
+0.038265,-0.127655,-1.018036,+0.366904,-0.679094,+0.996146,-0.592330,-1.958082,-1.038964,+0.159567,-0.352007,-0.729394,-0.007193,-0.004186,+0.276754,+0.082499,
+0.099202,-0.660724,-1.534085,+0.108637,+0.136823,+0.051610,+0.540947,-1.248692,-1.151400,+0.568055,+0.596078,+0.054597,-1.502705,-1.246569,-1.223588,-1.014309,
-0.027662,-0.030365,-1.382774,-0.313183,-0.993552,-0.482898,+0.858900,-0.037252,-0.789116,+0.547538,+0.719269,+1.184625,+1.405212,+1.419500,+1.779775,+1.702683,

channel --> 11
+0.627154,+0.056164,-0.070272,-0.018183,+0.107989,+0.069434,-0.137253,-0.335458,-0.613050,-3.357536,-2.698143,-1.214862,+0.644445,-0.450775,-1.325964,+0.023938,
-2.356619,-3.962799,-3.263087,-1.471883,-0.980456,-1.986017,-1.992256,-2.203886,-1.675542,-3.048168,-0.070582,+0.113100,+0.443952,+0.882311,-2.026151,+0.093035,
-1.617755,-0.325098,-0.957177,-1.981990,-0.528093,+0.412216,+0.828701,+0.027614,-0.541992,-0.227568,+1.010211,+1.026036,+0.926772,+0.800998,-1.145206,-1.103679,
+0.061658,+0.602526,-1.403601,-1.594793,+1.953679,+2.548018,+2.071285,+1.394635,+2.227321,-0.082294,+0.925331,+0.890120,+0.941110,+0.881046,-1.555907,-0.957898,
+0.291204,+0.751580,-1.786262,+0.247857,+0.602188,-0.615242,-0.254683,-0.002079,-0.591653,+0.092068,+0.336405,+0.946529,+0.995056,+0.728302,-0.778864,-1.169260,
-0.050080,+0.923753,-0.710373,+0.612321,+0.032456,+0.588418,+1.316206,+0.477193,+0.180213,+1.039593,+0.729666,+0.925183,+0.972104,+0.796662,-1.176044,-1.216293,
+0.156833,+0.508095,+0.088735,-0.388548,+1.975214,+1.569418,+1.485048,+2.454399,+1.047218,+2.033980,+0.768505,+0.931807,+0.910741,+0.985500,-0.034589,-1.793281,
-0.299142,+0.632440,+0.785629,+0.246368,+1.675444,+0.348477,-0.507634,-0.217456,+0.957304,+1.338219,+0.303742,+0.632166,+0.870714,+0.830264,+0.147109,-1.575382,
-0.365528,+0.451442,+0.576932,-0.492246,+0.647776,+0.606531,+0.430053,-0.659678,+0.980278,+0.479443,+0.398302,+0.324850,+0.132108,+0.340716,+0.567157,-2.023182,
+0.178149,+0.551266,+0.300618,-0.943273,+1.210028,-0.046571,-0.585133,-0.365171,+0.952729,+0.788138,+1.023191,+0.302332,+0.268358,+0.498748,+0.247033,-1.428985,
+0.146422,+0.253252,+0.529461,-2.065086,+0.261905,+1.556696,+1.598151,+1.104262,+0.347440,+0.594711,+0.900212,-0.186483,+0.609969,+0.826052,+0.472170,-2.135894,
+0.122929,+0.418892,+0.214098,+0.142777,+0.214367,+2.295999,+1.536475,+1.824994,+0.038522,+0.694138,-0.547370,+0.338338,+0.695401,+1.372330,+0.763671,-1.335381,
+0.104361,+0.244443,+0.223075,+0.769543,-0.358717,+0.964136,+1.523957,+2.085811,+1.316530,+0.565024,+0.587524,+1.121214,+0.739990,+1.029831,+0.836322,-1.184741,
+0.140714,+0.330486,+0.498323,+0.778057,+0.828722,+0.453308,+1.540317,+1.892172,+1.129400,+0.727719,+1.256917,+0.690670,+0.613502,+0.463971,+0.671017,-0.510692,
+0.159639,-0.012697,+0.616197,+0.705901,+0.586663,-0.167153,+0.799392,+1.574571,+0.860223,-0.097606,+0.116463,+0.101101,-0.694298,-2.056384,-1.604874,-4.531201,
-0.000651,-0.175955,+0.528072,-0.872569,-1.292354,-3.019140,-2.597984,-0.894675,-4.437768,-5.157619,-4.999385,-5.215622,-5.352952,-4.020937,-2.879259,-1.966780,

channel --> 12
-0.108183,+0.257391,+1.094460,+0.096257,+0.182261,+0.486908,+0.907411,+0.638758,+0.031395,+1.047263,+0.763923,+1.230474,-0.109003,+0.111175,-1.038938,+0.499389,
-2.049723,+0.579944,+0.604985,-0.902299,+0.602901,+0.993290,+0.776803,+0.934026,+1.541852,+1.033669,-1.137673,+0.221417,+0.324986,-1.694548,-1.060057,+0.191128,
+0.140542,-0.071044,-1.826788,-1.533785,-1.372225,+0.418247,+0.977572,+0.137075,-0.645802,-2.074154,-1.027943,+0.075012,+0.272564,-0.794663,-0.959642,-1.192078,
-1.452988,-0.440125,-1.598958,-1.992136,-1.380319,-1.068856,+0.683049,+0.546633,-2.099934,-1.384520,+0.055909,+0.211985,+0.323815,-0.815885,-1.858814,-1.374032,
-2.317472,-0.201916,-0.592812,-2.052558,-0.836243,+2.584388,+0.635431,+0.525045,+1.132659,-0.182664,-0.096935,+0.280144,+0.164842,-0.590515,-1.408955,-0.856564,
-1.092747,+0.461580,-0.054959,+0.015345,+0.875566,+0.753192,-0.680670,+0.003012,+1.042690,-1.175546,+0.227317,+0.200706,+0.188065,-0.433735,-2.741537,-2.980743,
-0.778017,+0.264431,-0.685089,+0.261486,-0.733329,-2.587665,+0.038309,+0.463914,+0.129576,+0.545684,+0.055127,+0.180028,+0.248815,+0.321314,-1.491305,-1.988818,
-1.405329,-1.048273,+0.018412,-0.895701,-0.020525,+0.776286,+1.368979,+1.889485,+0.792761,-0.381693,+0.688227,+0.697607,+0.165094,+0.500586,-1.878892,-1.956240,
-1.012298,-0.749227,+0.227635,-1.256542,+1.340647,+1.614599,+2.042744,+0.534712,-0.170903,-0.218789,+0.710710,+1.095458,+0.693082,+0.341717,-0.999995,-1.615412,
-0.397058,-0.160986,-0.276300,+0.117841,+0.159356,+1.661165,+1.124807,+0.934711,-2.641554,-0.529003,-0.237284,+0.970144,+0.560176,+1.558289,-0.573214,-1.828361,
-0.345663,-1.110513,-0.518490,-0.730709,-1.044840,+0.819166,+0.899833,-1.140922,-1.511861,-0.742972,+0.007076,+0.686603,+1.742280,+1.207051,-1.357854,-1.833399,
-0.218031,-2.142803,+1.038028,-0.593806,-1.300035,-0.371645,-0.958616,-0.051969,-2.020628,-0.883980,+0.537163,+1.710911,+0.666951,-0.311359,-0.063657,-0.975297,
-0.494444,-0.161261,+1.071754,+0.305485,-0.228847,-0.132135,-0.170629,+0.089964,-0.879672,-0.503104,+1.316085,+0.278151,+0.403741,-0.239219,-0.109579,-2.375759,
-0.532893,-0.360696,+0.334965,+0.669564,+0.065350,-0.200696,-0.240466,-1.879246,-0.852403,+0.923591,+0.361442,+0.562505,+0.690692,+0.078031,+1.216433,+0.089884,
-0.551936,-0.697852,-0.455703,+0.760144,+0.565601,-0.693750,+0.014048,-1.198617,-1.378122,+1.395824,+1.192320,+0.673146,-0.073247,+0.280066,+0.946450,+0.755504,
-0.728481,-1.074480,-1.678518,+1.516236,+1.307359,+1.119416,+0.511101,-0.119292,-0.201035,+1.254989,+0.410276,+0.592062,+0.826756,-0.063345,+1.199972,+0.655922,

channel --> 13
+0.690123,-0.237434,-0.220096,-0.196575,-0.214904,-0.185678,-0.148976,-0.071153,+0.849994,+1.100802,+1.391621,+0.694417,+0.919363,-0.106920,+2.129956,-0.192221,
+1.999465,+1.797601,+1.931948,+1.337938,+0.106290,-0.277503,+0.198631,-0.147239,+1.062280,+0.946523,-0.853690,-1.516145,-1.950356,-2.154243,+1.298975,+0.095406,
+0.972940,-1.302260,+0.400133,+2.749407,+1.356587,-0.223887,-0.595808,-0.291373,+1.092675,+3.187634,-1.873056,-2.096682,-2.013771,-2.127258,+1.522203,+0.840951,
+2.454651,-1.673672,-0.081390,+3.059371,-1.132609,-1.116054,-2.007538,-2.004276,-0.592186,+2.805571,-1.872908,-2.070641,-2.036858,-2.053398,+0.791054,+0.633828,
+2.568209,-1.528019,+1.090770,+2.602435,-0.080386,-0.275922,-1.103258,-0.855502,+0.700009,+1.405544,-1.870901,-2.074001,-2.050181,-2.091552,-0.322951,+0.221217,
+1.663464,-0.441874,+0.443148,+0.612817,+1.212943,+0.556285,+1.658742,+1.239133,+1.087834,+1.161768,-2.058724,-2.090302,-2.100422,-2.099202,-0.260005,+2.593361,
+1.565644,+0.350153,-1.675769,+0.867698,+0.102710,-1.035091,+0.765626,-0.374358,-0.771425,-0.895410,-2.052335,-2.075876,-2.034679,-2.076810,-1.553779,+2.757859,
+1.623697,+1.008048,-1.937008,-0.195849,+0.201045,-0.846375,+0.983989,-0.721527,-0.716353,-0.533984,-1.978986,-1.924108,-2.048145,-2.088458,-1.575372,+2.104795,
+1.429130,+1.189324,-1.667461,+0.512289,+0.688414,-0.016933,+0.390236,+0.448735,+0.641192,+0.929702,-0.856300,-1.502011,-1.874793,-1.921440,-2.046819,+1.472104,
+0.434843,+1.132922,-0.731378,+0.746403,+0.934807,+0.222799,+0.383426,-0.115665,+0.543376,+1.827392,-0.671479,-0.868564,-1.226200,-1.146156,-1.779077,+1.948717,
+0.375932,+2.164781,-0.244218,+0.834022,+1.591587,-0.679723,-0.864429,-1.621963,+1.851094,+0.166428,-0.551462,-0.835832,-0.573859,-0.525933,-1.007537,+1.251495,
+0.396333,+2.795910,-0.892448,-0.405575,+1.691368,-0.631288,-1.678159,-1.417773,+2.766887,-1.607232,-0.044031,-0.541003,-0.708927,-0.200140,-0.889648,+0.000012,
+0.410298,+1.774025,-0.031584,-0.114625,-0.455042,+0.517800,-1.584437,-0.563206,+1.317412,-0.787872,-0.608251,-1.167837,-0.393531,-1.485416,-0.169069,+0.371276,
+0.386449,+1.585003,+0.168833,-1.674143,-1.154443,+0.335093,-0.301126,+0.105161,+0.956891,-0.863858,-0.528009,-0.515597,-1.134795,-1.286526,-0.323499,-0.666507,
+0.379454,+1.757461,+0.839139,-1.566022,-1.674485,-0.499479,-0.030154,+0.582124,+1.192399,-0.484552,-1.079564,-0.870507,-1.305890,+0.964881,-0.067435,+0.690380,
+0.428027,+1.551020,+1.091524,-0.996902,-1.266389,+0.038996,+1.565432,+2.007268,+2.243853,+1.764475,+1.031167,+0.989907,+1.671966,+1.514554,+0.979501,+1.127887,

channel --> 14
+1.511504,+0.578506,+0.314778,+0.826232,+0.165957,+0.153546,+0.038882,-0.150970,+0.090334,+0.598878,+0.467122,+0.150508,+0.457179,-0.336489,+0.265987,+0.302782,
-0.731467,+0.066686,+0.552292,+1.116450,-0.966644,-0.616872,-0.341466,-0.210125,-0.325716,-0.569483,+1.740903,+0.644812,+0.560327,+0.187113,-0.492568,+0.652030,
-0.486131,+0.571833,+0.634184,-1.707471,-0.289625,-1.208699,-1.271291,-1.412225,-1.093953,-0.158706,+1.562607,+0.665361,+0.204902,-0.129169,-0.310007,-0.658279,
-0.767856,+1.083785,+0.430914,-0.336783,+2.534021,+0.656031,+0.773505,+1.101221,+0.640941,-1.522816,+1.192190,+0.492683,+0.161174,+0.193106,-0.324400,-0.699464,
-0.775687,-0.053314,-1.173262,+0.213328,+0.372896,-2.289000,-0.132063,+0.768882,-1.184493,-0.851256,+0.620975,+0.583719,+0.309041,+0.550612,+0.711285,-1.221049,
-1.144543,-0.534156,+0.565647,+0.426580,-1.559098,+0.061677,-1.173614,-1.471536,+0.639590,+0.665302,+1.081270,+0.397705,+0.224138,-0.097301,-0.468927,-0.726597,
-1.390092,-0.638092,-0.691773,+0.179985,-0.110559,+1.638436,+0.022204,-0.353001,+0.052770,+0.394414,+0.693594,+0.605794,+0.258697,-0.028377,-0.164017,-0.741461,
-1.257984,-0.170957,+0.479211,+0.403261,-0.259837,-1.436782,-0.873916,-0.824354,-0.815086,+0.145536,+0.446382,+0.768773,+1.472504,+0.379964,-0.248810,-0.774898,
-1.058995,-0.808712,+0.281437,-0.153823,-2.160471,-2.145681,-0.131397,-0.110837,+0.112317,-0.908997,-0.832679,-0.191086,-0.405003,+0.570261,+0.534775,-0.712324,
-1.160229,-0.718365,+1.474315,-0.341185,-0.493515,-0.768905,-1.277608,-0.503927,+0.680040,+0.340325,+0.444399,+0.450522,-0.571288,-1.797471,-0.590828,-0.125030,
-1.166789,-0.960654,+0.437749,-0.196556,+0.429527,-0.246629,+0.937898,+0.900096,-0.228007,+1.857819,+0.425990,-0.259321,-0.698341,-0.521967,+0.341515,-0.237253,
-1.043639,-0.345503,-0.119179,-1.045513,+0.918130,+0.880160,+0.502958,-0.482689,-1.772510,+1.484442,-0.137767,-0.746101,+0.062340,+0.901766,-0.745708,+0.105142,
-1.025883,-1.612313,-0.755781,-0.933457,-0.391959,+1.443923,-0.199280,-0.958570,+0.174206,+1.230244,-1.363491,+0.325011,-0.287983,+1.049325,-0.964116,-0.640929,
-0.852732,-1.345121,-0.559498,+0.751065,-0.264984,+0.515235,+0.588635,-0.755057,+0.242369,-0.109572,+0.291746,+0.558603,+0.604513,+1.221342,+0.666408,+0.534980,
-0.857491,-1.547147,+0.446644,+1.590271,+0.911323,+2.590956,+2.051117,+1.025810,+2.670958,+1.542536,+1.955497,+1.267749,+2.652398,+0.954722,+0.728780,+0.261572,
-0.631891,-0.681474,+1.601026,+0.763991,+0.441536,+0.190520,-0.277727,+0.028525,-0.205994,-2.271008,-2.276443,-1.767311,-2.793126,-2.389802,-2.787221,-2.055595,

channel --> 15
-1.552961,-1.709083,-1.305818,+0.356054,-0.124863,-0.668415,-0.995115,-0.845299,-0.780873,-0.484642,-0.604597,-0.631478,-0.005917,+0.847920,+0.375889,+0.608677,
-1.017154,-0.818275,+0.409670,+0.294177,-2.349061,-2.865410,-3.190093,-3.061851,-1.317181,+5.939857,+1.837288,+1.268892,+0.686672,+0.000017,-2.088465,+0.185652,
+3.852356,+2.062832,-0.714963,-1.528326,+0.027876,+0.306449,+0.302549,+0.426081,+0.860582,-0.318387,+0.915501,+0.323822,+0.254063,-0.719733,-1.920924,-0.015744,
+1.244952,-0.247592,-1.703671,-0.981477,+0.520041,+1.555169,+0.110087,-0.096560,+1.020853,-0.253419,+0.157381,+0.312888,+0.297400,-0.656423,-1.696724,+0.040057,
-0.088078,-0.047271,-2.236558,-0.867001,-2.233849,+0.546662,+1.973164,-1.210795,-0.184443,-0.521382,+0.559255,+0.301467,+0.314407,-0.306516,-1.316565,-0.395181,
+0.159649,+0.812015,-1.627730,+0.585909,+0.253651,-1.335908,-0.640203,-0.446160,-0.965302,+0.295239,-0.012637,+0.201551,+0.316215,-0.274428,-1.096560,-0.650282,
+0.307511,+1.798162,+0.192586,+0.422080,+2.844418,+1.414360,+0.362270,+1.391312,+1.396270,+1.456022,+0.439875,+0.344311,+0.270814,+0.165991,-0.107776,-1.141634,
-0.352051,+1.613879,-0.074971,-0.392046,-0.120008,-0.518554,-0.869029,-0.115022,+1.015718,+1.474715,+0.979407,+0.654280,+0.384628,+0.091845,-0.373758,-0.795847,
-0.614724,+1.430630,-0.622997,-1.095577,+0.451199,-0.576069,+2.002872,+2.236321,-0.384844,+0.909893,+0.444399,+0.881471,+1.638435,+1.025706,-0.636525,-1.782311,
+0.238576,+1.601700,-0.370014,-2.496287,+0.000519,-1.810137,-1.230128,-0.072810,-1.406510,-0.824818,+0.851682,-0.732086,+0.782548,+0.578403,+0.071447,-1.416917,
+0.073203,+1.650347,+0.007569,+0.072038,-0.902865,+0.884064,-0.149744,+0.247147,-1.262616,-0.284492,+0.721046,+0.980820,-0.303671,-0.366951,-0.211887,-1.047553,
-0.163688,+1.156318,+1.190184,+1.386162,-0.559839,+1.859435,+0.524475,-0.613820,-0.285551,-0.141041,+0.812902,+0.091914,+0.660131,+0.623691,+0.188385,-0.420630,
-0.244871,+1.086193,+0.979962,+0.408539,+1.192409,-0.023852,+0.564734,-1.028076,+0.670011,+0.432671,-0.073817,+0.155301,+0.148728,+0.647946,-0.230908,-0.395501,
-0.176643,+0.867087,+1.206416,+0.027326,+0.061275,-0.238485,+0.180725,-0.282288,+0.218930,+0.180397,-0.110223,+0.122122,+0.344100,+0.245557,-0.010986,+0.236360,
-0.283747,+0.309256,+1.039434,-0.089402,+0.090454,-0.409873,-0.879116,-0.062326,-0.477690,+1.019330,+0.407342,+0.843077,+1.306784,+0.251816,+0.858309,+1.365109,
+0.962106,-0.565953,+1.302508,+0.694066,+1.401089,+1.295080,+0.384972,+1.672150,+2.041226,+1.175484,+0.526699,-0.036343,-0.270572,+0.043883,-0.338260,+0.110369,

channel --> 16
+0.248418,-0.283414,-0.744485,-1.301164,-0.462231,-0.281006,-0.519542,-0.860340,-0.973473,-0.767389,-1.169509,-0.821935,-0.458751,+2.157401,-0.551563,-1.503461,
-0.146507,-1.442933,-1.068481,-2.045466,-1.223130,-1.368189,-1.197982,-0.903414,-1.698199,-3.216313,+0.794026,+1.165758,+1.296449,+1.407674,+0.300610,-2.156271,
-0.335661,+1.257115,+0.601108,-0.949301,-2.332594,-0.200458,+0.627409,+0.541867,+0.252598,-1.815358,-0.678603,+0.906265,+0.884571,+1.191803,+0.864484,-1.653940,
-0.226194,+0.347317,+1.073364,-2.566434,-0.181872,+1.164954,+1.701302,+1.213145,+2.044572,-0.405958,-0.354436,+0.794597,+0.915636,+1.336523,+1.226732,-1.451659,
-0.631383,-0.260189,+0.293012,-1.030399,-0.340364,-0.765180,-0.905654,+0.502530,-0.928121,-0.950720,+0.038054,+0.788071,+0.903134,+1.096594,+0.898660,-1.177116,
-0.512216,-0.833386,+1.140465,-0.513275,-0.794084,-0.605146,-0.693443,-0.497721,-0.884988,-0.376441,+0.148329,+0.863885,+0.859191,+1.336359,+1.238896,-1.509338,
-0.083445,-0.572628,+1.985715,+0.005173,+0.247953,+0.596481,+0.687330,+0.824981,+1.089068,+0.872169,+0.952696,+0.847195,+0.882465,+0.862457,+1.882560,-0.712316,
-0.279676,-1.156203,+1.209655,+0.637310,-0.063482,+0.044362,-1.266010,+0.210472,-0.146782,+0.441612,+0.727994,+0.668792,+0.781034,+1.064380,+1.842018,-0.130441,
-0.185968,-1.595786,+1.056119,-0.201552,-0.942780,+0.537064,-0.074668,-0.137205,-0.515576,-0.453863,+0.614451,+0.213465,-0.232544,+0.559404,+1.188515,+0.279273,
+0.058056,-1.252360,+0.634576,+0.391535,-1.568435,-0.424710,-0.857862,-0.976651,-0.275270,-0.962164,+0.037502,+0.683131,-0.338023,+0.302081,+0.635989,+0.256222,
+0.137332,-1.719409,+0.794613,+0.777503,-0.887401,-0.362097,+0.355035,+0.175915,+0.036890,-0.770414,+0.544861,+0.590267,+0.284765,+0.751430,+0.847416,+0.311113,
+0.216705,-2.189266,-0.069703,+1.371207,+1.050303,+0.312863,+0.647690,+0.561157,-0.363713,+0.414928,+0.803984,+0.321560,+0.269501,+0.586709,+1.139550,+0.437916,
+0.303240,-1.747009,-0.257201,+0.846800,+0.499833,+0.268294,-0.525346,+0.386250,-0.139705,+0.507592,+0.411518,+0.814590,+0.886242,+0.630025,+1.140290,+0.524911,
+0.412747,-1.466712,-0.172131,+0.794769,+1.176689,+1.162015,-0.528127,+0.049290,-0.084698,+0.341940,+0.374660,+0.529050,+0.629859,+0.744908,+0.661649,+1.893534,
+0.464724,-1.569055,-0.744080,+0.848379,+0.899454,+1.538847,+0.447184,+0.132375,+0.378464,+1.872472,+1.985946,+1.947241,+1.444558,+1.117101,+0.511102,+0.237170,
-0.701127,-1.633080,-1.714460,+0.364395,+0.143004,+0.127369,+0.225956,-0.735922,-2.175236,-1.435814,-1.898625,-1.926311,-2.354139,-2.495219,-1.736460,-2.457948,

channel --> 17
-1.558083,-0.139885,-0.048602,+0.667345,-0.081895,-0.334226,-0.384924,-0.189314,-0.138476,-1.742304,-1.566532,-1.010348,-1.018073,-2.299749,-1.656154,+0.558977,
-1.555835,-1.844238,-2.420654,-0.480000,-0.584645,-1.041735,-1.815285,-1.594659,-1.631315,+2.969081,-0.422125,-0.281998,-0.073754,-0.332433,-0.985337,+1.635758,
+0.583777,-0.475810,-1.139943,+1.067557,-0.099535,-0.815155,-0.846821,-1.225874,-1.641703,+0.483539,+0.777454,+0.172682,-0.073526,-0.202681,-1.048826,+1.671820,
+0.500593,+0.362495,-0.321874,-0.542006,+0.400930,+1.174779,+0.158844,-0.044327,-0.155740,-1.319474,+0.330386,-0.037967,-0.009972,-0.219971,-0.931327,+1.625998,
+0.242645,+0.702896,+0.420689,-0.736525,+0.514318,+1.660664,+1.789084,-1.102431,+1.747052,+0.060237,+0.514461,+0.040383,-0.120297,-0.190678,-0.526748,+1.280704,
+0.101729,+0.809528,-0.076457,+0.913501,+0.387309,-0.803577,+0.516401,+0.818506,-1.012422,-0.339891,+0.040052,-0.065294,-0.036334,-0.248467,-0.923786,+1.272009,
-0.102081,+0.704557,-0.133627,-0.753912,+1.691220,+0.101680,+1.393444,+0.464354,+0.239545,+0.315082,+0.125058,-0.106474,-0.079695,+0.125497,-0.612279,+0.635540,
+0.193961,+1.213315,+0.062119,+0.401527,+1.378490,+1.511885,+0.074052,+0.237061,+1.416016,+0.200131,+0.606354,+0.481895,+0.128717,+0.165123,-0.632733,-0.326304,
-0.338145,+1.673396,+0.161012,+0.446483,+1.783554,+0.650764,-1.016374,+0.116251,-0.081851,+0.759517,+0.402813,+0.307067,+1.441147,+0.396402,-0.242096,-0.673455,
-0.112356,+0.872103,-0.543666,+0.323032,+1.904316,-0.540569,+0.202315,+0.221998,+0.851183,+0.239448,+1.383911,-0.501154,+0.841644,+1.297964,+0.494925,-0.678568,
-0.260269,+1.226302,-0.571925,-0.545852,+0.813074,+0.809810,-0.549311,-0.560669,-0.205850,-0.314200,+0.771560,+0.024235,+0.521669,-0.092533,-0.637349,-0.372050,
-0.340086,+1.449347,+0.941015,+0.919618,-1.018023,+1.186248,+0.204007,+0.604095,+0.047870,-0.568404,-0.533568,+0.309832,-0.338007,-0.738687,+0.313819,-0.327459,
-0.471197,+1.101847,+0.242615,-0.530701,+0.402195,+0.899701,+1.222633,+0.978751,-0.797313,-0.065952,+0.999005,-0.348919,-0.125928,-0.145528,+0.024639,-0.495039,
-0.428685,+1.183330,+0.217688,+0.129111,-0.382363,-0.335685,+1.211069,+1.215321,-0.387216,+0.737231,+0.396845,+0.025046,+0.345790,+0.295685,+0.652795,-0.332917,
-0.401090,+1.382293,+0.857817,+0.152386,+0.803947,-0.398015,+1.233008,+2.410131,-0.365204,-0.215288,-1.415548,-0.615562,-1.278454,+0.109787,+0.325937,+0.493585,
+0.419759,+1.205497,+1.722493,+0.185030,+1.076873,+0.916668,+1.495761,+1.639906,+1.409760,+2.187156,+2.429385,+2.630434,+1.820542,+1.955434,+1.392226,+2.227895,

channel --> 18
-0.814870,+0.047689,+0.707031,+0.550153,+0.965682,+0.494225,+0.270905,+0.361371,-0.585421,-1.160011,-1.182841,-0.850789,-0.343803,+2.263934,-1.886880,-0.307228,
-2.049835,-0.624721,+0.147752,-0.763240,-1.118889,-0.873028,-0.378683,-0.106737,+0.566035,-3.080024,-0.814586,+0.823404,+1.148084,+2.607952,+0.398993,-0.267712,
-1.425160,+0.598429,+0.941431,-1.453550,+0.117666,+1.424277,+1.946311,+2.103435,+2.712888,-1.942283,-1.695620,+0.778325,+1.075785,+2.023723,+0.309770,-0.440178,
-1.323688,+0.074698,-0.125012,-0.271163,-0.159445,+1.313159,+0.844891,+0.759428,+1.902727,+0.492486,+0.963871,+0.977740,+1.076881,+2.007752,+0.042051,-0.088352,
+0.508270,+0.957043,-1.041419,-0.613720,+0.612206,-0.115856,-2.084366,-0.410457,-1.836119,-0.067120,+0.498540,+0.740848,+1.186290,+1.924202,+0.665105,+0.470756,
+0.717033,+0.572367,-1.038217,-1.564769,-1.874742,+0.671296,-0.549324,-3.775716,-1.359097,+0.255212,+1.161069,+1.045667,+1.157094,+2.034344,+0.249189,-0.904173,
+0.475109,+0.770482,+0.868685,-0.605799,+0.340083,-0.021753,+1.309620,+0.227546,+0.714444,+1.674701,+1.281697,+1.008908,+1.094014,+1.465824,+0.964306,-0.560443,
+0.545232,+0.813055,+0.704027,+0.361901,+0.974352,-0.541837,-1.833803,+0.411401,-0.912958,+1.434232,+0.480266,+0.297202,+1.029449,+1.313448,+1.440055,-0.020807,
+0.795386,-0.105003,+0.288872,-0.301346,-0.007784,-0.391540,-0.311132,-1.678634,-0.908820,-0.715595,-0.167179,-0.690300,+0.345177,+0.810687,+1.912038,+0.139891,
+0.890617,+0.049154,+0.967776,-0.191488,-0.959964,-1.025507,-1.458348,-0.041196,-0.567965,+0.346306,+0.474566,+0.343939,+0.152598,+0.356578,+1.169353,-0.278715,
+1.152636,-0.849431,+0.851408,-0.817857,-1.445650,-1.297446,+0.282661,+1.228215,-0.713893,+1.093590,+1.387747,-0.557386,-0.033468,+0.266660,+1.521954,+0.077706,
+1.081170,-0.470304,+1.324972,-0.032797,-1.254079,-0.386427,+1.654816,+1.402014,-0.032509,+0.734520,+0.838362,-0.282380,-0.003686,+0.929444,+1.250873,+0.214898,
+0.847729,+0.585410,+0.346784,+0.721879,-1.000940,-1.230270,-0.480639,+0.306255,+0.827202,+0.663937,+0.152470,+0.576458,+0.509787,+1.205295,+1.804552,+0.104158,
+0.910421,+0.607143,+0.643294,+0.615908,+1.114928,+0.323578,+0.120953,+0.269318,+1.072755,+0.481683,+0.619636,+0.780110,+0.863823,+0.908297,+1.387102,+0.001772,
+0.910203,+0.457587,+0.582767,+0.858752,+1.588203,+0.211865,+1.246264,+1.363159,+2.038408,+1.709690,+1.007918,+1.740435,+0.282448,+1.432713,+1.451382,-2.549942,
-0.969072,+0.182678,-0.095439,+0.694796,+0.790884,+0.109215,-0.025320,+1.553876,+0.087631,+0.598692,+0.072729,+0.349719,+0.774999,+1.243937,+0.667280,-1.584556,

channel --> 19
-1.566080,-0.659608,+0.334357,+0.643986,+0.143986,-0.067897,+0.093565,+0.247280,+0.792704,+2.027133,+2.100604,+1.090925,+0.306731,-0.874147,+0.244980,+1.458831,
+0.012642,+1.271507,+1.423488,-0.104603,+0.547929,+2.017766,+2.225810,+1.545135,+1.228647,+1.039488,-1.123009,-0.924688,-0.908104,-0.976994,-1.648270,-0.330661,
-0.336240,-1.382646,-0.731021,-0.674110,+0.511239,+0.618146,-0.016947,+0.751646,+0.804248,+1.092461,-1.735884,-0.459547,-0.305342,-0.193790,-1.555339,-0.205106,
+1.430436,-1.455865,-1.103364,+0.419418,-1.972958,-0.671589,-0.293530,-0.973291,-0.524845,-0.261387,-0.659286,-0.160470,-0.147884,-0.128605,-0.818789,-0.980406,
+0.537145,-2.322299,-0.143261,-0.898141,-0.779447,+0.304259,-0.690903,+0.023265,+1.027572,+1.512198,-0.588641,-0.317282,-0.091292,-0.185987,-1.242321,-0.999490,
-0.850789,-0.602753,-1.869964,-0.431638,-0.010566,+0.784282,+1.441565,-0.486422,+1.455697,+1.496404,-0.306397,-0.141453,-0.032643,+0.285668,-1.000261,-1.075762,
-1.710403,+0.108404,-1.048030,-1.446701,-0.970112,-0.961751,-0.253324,-0.340069,-1.647014,-0.363299,-0.009275,-0.012295,-0.138778,+0.377851,-0.509214,-1.724051,
-1.313507,+0.545245,-0.969374,-2.045881,-1.417547,+0.243486,-0.001256,+0.656512,-0.614585,+0.813803,+0.311690,+0.111859,+0.478596,+0.526453,+0.299469,-1.936802,
-1.188211,+0.972218,-1.581533,-1.188816,-0.573047,-1.591040,+0.650648,-0.618446,-0.932024,+1.070224,-0.634048,-0.360701,-0.010293,+0.179805,-0.820363,-1.569371,
-2.400319,+0.392845,-1.069852,-1.197809,+0.083911,+0.078776,+1.204469,+0.450215,-0.266962,+0.819410,+0.196472,-0.962584,-0.283301,-0.316006,-0.238479,-1.108940,
-1.937602,+2.086732,+0.011668,-0.308601,-0.396419,-0.671293,-0.673807,-1.079031,+0.732976,+0.417333,+0.378271,-0.561500,-0.343588,-0.525107,-0.077831,-0.084545,
-1.750568,+2.105670,-0.735263,-0.184121,-2.035482,-0.421295,-0.774614,-0.429316,+1.726747,-0.558006,-0.284761,-1.277516,+0.440134,-0.341098,-0.411068,-0.614357,
-1.751163,+0.296221,-0.829474,-0.560967,-1.009062,-0.377994,-1.403911,-1.314580,+2.172063,-0.218665,-0.976296,-0.165850,-0.425718,+0.064070,+0.391992,+0.222012,
-1.808018,-0.241336,+0.223556,-1.067570,-0.049933,-1.410121,-0.933837,-0.813091,+1.099501,-0.557828,-0.456011,+0.280228,-0.319301,+0.491652,+0.134473,+0.689576,
-1.934363,-0.159257,+1.118433,-0.123174,+0.517163,+0.377695,-0.544280,+0.909962,+1.886637,+0.239662,+1.298997,+0.346769,+2.760068,+1.945042,+2.080624,+2.748461,
-1.680826,+0.468148,+1.518282,+0.568696,+2.686958,+2.153316,+0.845324,+1.606735,+3.649662,+2.575328,+3.215678,+1.820884,+1.321379,+0.567598,+0.553865,+0.038789,

channel --> 20
-1.366442,-0.486984,-0.072152,-1.050526,-1.038035,-0.748908,-0.252894,+0.067834,+0.579093,+1.312193,+1.425994,+1.500092,+0.752683,-0.091989,-1.890020,+0.164097,
+2.632902,+3.014512,+1.684159,-0.093362,+2.222837,+2.620942,+2.738420,+2.460431,+0.512444,+1.050486,-0.323510,-1.156053,-0.885298,-0.153288,-0.225923,+0.032395,
-0.067205,-1.509942,-2.073727,+0.395782,+1.546460,+0.872969,+0.339891,+0.052438,+1.637424,+0.453739,+1.139788,+0.156499,+0.247892,+1.102888,+1.366727,+0.521195,
-0.618016,+0.865494,+0.975601,+1.175403,-2.556765,-2.609995,-0.248776,-0.475769,-2.387603,+0.047912,+0.433543,+0.402894,+0.410530,+1.003968,+1.319222,-0.275501,
-1.208382,+0.016443,+0.378090,+0.883962,+0.443484,+1.203570,+1.150009,+1.158983,+0.251883,+1.713864,+0.685951,+0.458649,+0.375842,+0.772697,+1.359305,-0.238511,
-0.945054,+1.023085,+2.820796,+0.435001,+1.437525,+2.374810,-0.444183,+2.355760,+1.756993,+1.022115,+0.188222,+0.360970,+0.312442,+0.919149,+2.524654,+0.057477,
-1.337319,+0.682028,+1.707569,-0.350110,-2.158812,-2.714323,-2.251709,-2.194013,-2.482663,-1.613209,-0.330267,+0.323883,+0.363705,+0.520975,+1.899600,-0.342129,
-0.753145,+0.595495,+0.401367,-0.275753,-0.441463,+0.189630,+1.282987,-0.032397,+0.003594,+0.570861,+0.175681,+0.079054,-0.008435,+0.399841,+1.412676,+0.419085,
-0.061184,+0.340956,+1.434121,+0.108975,+1.471846,+1.348043,-0.049599,+0.011004,-0.526458,+0.540766,+0.832367,+0.334822,+0.278399,-0.469775,+0.272584,+0.924389,
-0.588202,+0.016344,+1.154629,+1.026552,+1.304869,+1.494000,+0.976930,+0.699139,-0.112061,+0.924591,+0.311506,+0.397687,+0.811814,+0.525290,+1.181884,+1.872228,
-0.359752,+0.231250,+0.884387,+4.129913,+0.816071,+0.897180,-0.959335,-1.313694,-0.362906,+1.454118,+0.069961,+0.462055,+0.787538,+1.121919,-0.071742,+1.650641,
-0.060316,-0.849426,-0.580970,+1.044949,+0.566434,-0.878102,-0.295091,-0.312840,+1.335282,+0.208678,+0.156590,+1.079309,+0.856752,+0.228047,+0.064756,+1.932721,
+0.064482,-1.687633,+0.471938,+0.609811,+2.902872,-0.226323,-0.008838,-0.137879,+0.754142,-0.366460,+0.526558,+0.242022,+0.074580,-0.523584,+0.546363,+2.196528,
-0.087972,-1.236075,+0.750160,+0.228831,+0.534441,+1.349476,-0.003920,-0.248112,+0.875601,+0.320318,+1.304470,-0.015955,-0.265972,-1.180192,-0.740395,+1.241618,
+0.012588,-1.126931,+0.422777,+0.266477,+0.061087,+0.776454,-1.395076,-2.493032,-0.993231,-1.737463,-2.629847,-2.379932,-2.346674,-1.485391,-2.335891,-0.578619,
+0.050897,-0.483186,-0.001112,-0.148047,-0.286085,+0.568059,+0.412974,-1.345496,-1.388611,-2.073504,-2.102973,-2.261611,-2.607383,-2.031215,-2.336031,-1.551310,

channel --> 21
-0.868454,+0.175837,+0.230429,+0.731914,+1.011868,+1.183396,+1.393619,+1.353953,+1.235558,+0.392637,-1.537761,-0.332608,-0.384237,-0.240318,-0.056716,+1.294646,
+0.345267,-2.002698,-0.827024,+1.894715,-0.782018,-1.720510,-2.270644,-2.420904,-2.155858,-0.178298,+0.881883,+0.853698,+0.535048,+2.121892,-0.086718,+1.443335,
-0.597476,+0.242993,+1.241673,-0.109143,-0.140717,+1.171468,+0.868187,+0.797053,-0.814638,-0.946664,+1.995017,+0.619502,+0.573511,+1.999932,-0.642890,+1.540763,
-1.016614,+2.132839,+1.542227,+0.403775,+1.492035,+0.641344,+0.881083,+0.780894,+0.396919,-1.088297,+1.096271,+0.608119,+0.507686,+1.238024,+0.601275,+0.543214,
-1.027755,+0.230493,+0.025687,-2.233126,+0.604453,-1.168486,+0.846091,-0.106296,-0.246565,-1.383474,+0.479221,+0.526484,+0.588156,+1.407899,+0.500565,+1.316279,
-0.937849,+0.594734,-1.271117,-0.046805,-0.156356,-0.640374,-0.218859,-0.707966,-2.030893,-0.837591,+0.716023,+0.556295,+0.636704,+1.484495,+1.018858,+0.472374,
-0.462754,+0.163058,+1.703631,-1.357466,-0.310129,+0.917434,-0.683004,-1.034697,-0.020245,-1.062810,+0.946742,+0.823668,+0.554539,+0.905958,+1.191057,+0.239525,
+0.192454,-0.034244,+1.353678,+0.863482,-0.274924,-0.492783,-1.624647,-1.669911,-0.489458,-0.181891,+0.842652,+1.408396,+1.420554,+0.971279,+1.563742,-0.020440,
-0.340718,-0.361444,+0.619794,+0.905225,+0.212880,-0.024748,-0.528550,+0.656359,+0.240009,-0.013212,-0.137953,-0.355526,+1.106359,+0.792699,+1.737998,+0.359221,
-0.375117,-0.812058,+0.728451,-0.274051,-0.836990,-0.618332,-1.251733,-1.155219,+1.354716,-1.036169,+1.175727,-0.377091,-0.107956,-0.443619,+1.338173,-0.555545,
+0.155347,-0.857206,+1.181849,+0.390569,-0.320555,+0.223167,-0.981878,+1.199758,+0.121817,-1.163172,-0.640499,-0.001384,-1.078798,-0.935919,+0.779259,+0.440323,
+0.211617,-1.085696,+0.134962,+0.447235,-1.485332,-0.077381,+0.775277,+0.877939,-0.435404,+1.010381,-0.281404,-0.494595,-0.319977,-0.531011,+1.181490,+0.075774,
+0.157424,-0.650433,-0.241775,-0.353449,+0.387050,-1.298862,+0.817753,+0.225868,-1.527164,+0.576163,+0.018007,-0.018292,+0.070432,+0.400104,+0.634177,+0.749335,
+0.280916,-0.439561,+0.305009,+0.483646,+0.991358,-0.640020,+0.499574,+1.265084,-0.876173,-0.117942,-0.653501,+0.411301,+0.604698,+1.630195,+1.266355,+0.944795,
+0.296874,+0.103767,+0.394015,+1.637823,+2.149149,+2.692618,+2.520436,+1.957243,+1.785222,+2.383619,+2.194237,+1.745579,+1.231716,+0.901659,+0.760474,+0.755060,
+1.263076,+0.337717,+0.027564,+0.966716,+0.434375,+0.457968,+0.326216,-0.790801,-0.443865,-0.270944,+0.057368,+0.825159,+0.170605,+0.441332,+0.431221,-0.976674,

channel --> 22
-1.070895,-0.005876,-0.425332,-0.070525,-0.361697,-0.269745,-0.375281,-0.701042,-0.653984,-1.808251,-1.397836,-0.861094,+0.436439,-1.018300,-1.899220,-0.268699,
-0.963577,-1.337173,-0.493074,-0.401208,-0.394192,-0.889865,-0.724559,-1.457657,-2.069222,-1.925701,+0.601201,+0.427197,+0.590378,+0.761899,-0.932417,+0.897964,
-1.792985,-0.486234,+0.072640,-0.579604,-1.068792,-1.647398,-1.490782,-1.393004,-2.699569,-2.131901,+1.029117,+0.521882,+0.223650,+0.493243,-1.430979,-0.702210,
+0.277669,+1.167175,-0.029923,-2.319685,+1.599011,+0.706257,+0.378442,+0.341209,+0.143047,-1.148356,+0.843791,+0.240717,+0.173908,+0.678981,-0.516521,-1.900154,
-0.921428,+0.287416,+0.476650,-0.236000,+0.578401,-0.144754,+0.477913,+1.345832,+0.616878,-1.129801,+0.838818,+0.231029,+0.210647,+0.541746,-0.754420,-2.226209,
-2.192624,-0.068631,-0.673921,+0.735868,-0.532553,-0.449307,-1.209813,-0.273502,-0.590916,+0.110413,+0.645483,+0.249903,+0.180229,+0.633943,-1.293088,-2.659312,
-2.028337,-0.322611,-0.287188,-1.359012,+0.699208,+1.035763,+0.732659,+0.389464,-0.008389,-0.224315,+0.476188,+0.286445,+0.200969,+0.317781,-1.125679,-3.268940,
-1.993976,+0.584968,+0.614803,+0.051833,+0.601044,+0.484559,+0.143736,-0.279747,+0.934081,-0.228023,+0.367577,+0.442531,+0.541311,+0.451561,+0.248656,-2.204724,
-1.762261,+0.300811,+0.762927,-0.540213,-0.398198,-1.086612,-0.036148,+0.334629,-0.802564,+0.079115,+0.006864,+0.018219,+0.200004,+0.588074,+0.618991,-1.326094,
-1.610029,-0.182539,+0.745861,-0.695342,-0.094571,-0.874029,-0.757905,-0.170485,+0.114168,+0.140675,+0.094387,-0.323640,-0.438584,+0.053762,+0.689199,-1.393745,
-1.522156,-0.499694,+1.081045,-1.459343,-1.136458,-0.772936,-0.368190,+0.527511,+0.393138,-0.168795,+0.298298,+0.231322,+0.019991,-0.063597,+1.132600,-0.770398,
-1.546426,-0.271996,+0.248437,-0.750049,-0.133295,+0.208893,+0.080060,-0.050642,-0.195303,+0.561180,-0.195330,-0.421053,-0.047770,+0.324557,+0.798988,-1.427484,
-1.409882,-2.185343,-0.085497,-0.440808,-1.158215,+0.161889,+0.150991,-0.004634,+1.235289,+0.864150,+0.059227,+0.104407,+0.205492,+0.364895,+0.420180,-1.075968,
-1.239568,-1.705178,-0.142939,+0.289660,-0.204809,+0.105977,+0.452338,-0.467557,+0.318260,-0.030836,-0.293339,+0.733465,+0.694489,+1.111895,+0.852625,-0.268082,
-1.202301,-1.727724,+0.840549,+0.622696,+0.454608,+0.826653,+0.489983,+0.198370,+1.598709,+0.941060,+1.235601,+1.094214,+2.600831,+2.293929,+1.822959,+2.085858,
-1.458726,-1.344727,+0.959068,+0.624989,+0.720843,+1.689837,+1.981149,+1.035284,+0.720956,+1.215379,+0.914261,+1.642696,+0.095367,+0.138404,+0.129939,-0.370302,

channel --> 23
-2.062709,-0.641383,-0.485239,-0.377497,-0.281997,-0.286803,-0.361060,-0.502467,-0.476603,-1.860312,-1.470509,-1.222747,-0.216341,-0.653531,-2.746486,-0.597558,
+0.955373,-0.590010,-1.616134,-0.903947,-0.184228,-0.037318,+0.061660,-0.397451,-1.076153,-3.300732,+0.070685,+0.245104,+0.325425,+0.689521,+0.186307,+0.085238,
-1.145050,+0.397313,+0.765171,+0.270372,+1.198683,+1.461005,+1.235857,+1.150300,+1.608762,-1.983897,-0.153587,+0.794104,+0.711981,+0.612781,+1.079272,-0.346294,
-1.836020,+0.157051,+1.453597,-0.094626,+0.471173,+1.379089,+1.627729,+1.058558,+1.388988,+0.211233,+0.079431,+0.657725,+0.708372,+0.660781,+1.521824,-0.218500,
-0.247631,+0.049789,+0.777861,+0.276726,+0.138320,-1.558164,-0.710269,+0.164721,-0.375562,+0.508293,-0.042242,+0.737368,+0.674622,+0.623000,+1.517360,-0.098216,
-0.171743,-0.219898,+0.625990,-0.766511,+1.648882,+1.146398,-0.688720,+1.623935,-0.536286,+0.834532,+0.323358,+0.693277,+0.686963,+0.633641,+1.807850,-0.719845,
+0.378661,-0.019994,+0.460897,-0.364507,-0.223745,+1.028779,+1.014821,-0.318113,+1.160027,+0.840887,+0.682007,+0.677064,+0.643638,+0.701532,+0.729412,-0.407246,
+0.516550,-0.315474,+0.798091,+0.757245,+0.621229,-1.251938,-0.128041,-0.610345,-0.121190,-0.270515,+0.120660,+0.571812,+0.790901,+0.727787,+0.052546,-0.401269,
+0.596694,-1.287896,+0.567646,+0.024058,-0.281822,+1.250623,-2.253814,+0.241852,+0.212914,-0.339355,+0.154784,-1.623000,+0.039168,+0.372814,+0.644327,+0.458782,
+0.461668,-0.660877,+0.089048,+0.260123,+0.614168,+0.180247,-0.028899,-0.900628,+1.228474,-0.014389,-0.210634,+0.313484,-0.761057,-0.646955,-0.181311,+1.228745,
+0.667030,-1.254442,+0.576527,+0.894657,-0.095817,+0.367422,+0.799274,+0.440987,+0.431641,+0.212963,-1.061691,-0.510638,+0.137652,+0.626408,+0.182099,+0.927451,
+0.731038,-0.643254,+0.100088,-0.360867,-0.734528,+0.226585,+1.150252,+0.792678,+0.948637,+0.189243,+0.197375,+0.490666,+0.049670,+0.527760,+0.321649,+0.444300,
+0.737627,-0.406891,-0.390390,-0.191548,-0.080699,-0.556382,+0.853020,+1.595159,+0.371189,+0.280677,+0.571338,+0.425125,+0.667441,+0.299912,+0.413663,+1.476015,
+0.728193,+0.532239,+0.115135,+0.642688,+0.348799,+0.187980,+0.371301,+2.238995,+0.099650,-0.261593,+0.402513,+0.283390,+0.492078,+0.187068,+0.445351,+0.545492,
+0.757679,+0.528593,-0.275133,+0.672906,-0.035377,+0.793220,+0.940131,+1.276108,+0.414598,+0.538906,+0.485127,+0.549558,-1.011878,-0.195981,-0.167562,-1.211342,
+0.731936,+0.799960,-1.231816,-0.056522,-0.646963,-0.887574,-0.459121,-0.577625,-2.320326,-2.519829,-4.134931,-2.149616,-2.748425,-2.135213,-1.701957,-2.847759,

