channel --> 0
+0.106002,+0.016648,
-0.071797,-0.048973,

channel --> 1
-0.006110,+0.017790,
+0.083444,+0.050525,

channel --> 2
-0.034176,-0.002966,
+0.015899,-0.016606,

channel --> 3
+0.168983,-0.081694,
+0.115026,+0.026484,

channel --> 4
+0.006485,+0.051039,
-0.062208,+0.034086,

channel --> 5
+0.035283,-0.004049,
-0.011948,+0.004908,

channel --> 6
-0.053962,-0.023186,
-0.009557,-0.019054,

channel --> 7
+0.003218,-0.012703,
-0.095863,-0.099818,

channel --> 8
+0.051488,-0.060991,
+0.012189,-0.093971,

channel --> 9
+0.034840,+0.026020,
-0.013938,+0.025008,

channel --> 10
+0.014370,+0.021640,
+0.047250,+0.023400,

channel --> 11
+0.279321,-0.032221,
+0.039119,+0.338068,

channel --> 12
-0.005388,+0.032829,
+0.261377,-0.041355,

channel --> 13
-0.419964,+0.029016,
+0.174782,-0.071738,

channel --> 14
-0.050074,+0.119093,
-0.262592,-0.047865,

channel --> 15
-0.188421,+0.181064,
-0.011292,-0.028963,

channel --> 16
-0.086960,-0.075430,
-0.047311,-0.009871,

channel --> 17
+0.009363,-0.033263,
+0.014894,+0.038161,

channel --> 18
+0.059446,-0.096577,
+0.090592,-0.011377,

channel --> 19
+0.148810,+0.012795,
+0.115079,+0.058623,

channel --> 20
-0.042611,-0.014812,
-0.067092,+0.013739,

channel --> 21
+0.003365,-0.056211,
-0.016975,-0.059836,

channel --> 22
+0.162389,+0.011431,
-0.004337,+0.131597,

channel --> 23
+0.268728,+0.278728,
+0.092491,-0.030068,

channel --> 24
-0.000667,+0.032873,
+0.041227,+0.018462,

channel --> 25
+0.129341,+0.020328,
-0.137991,+0.081154,

channel --> 26
-0.033572,-0.008884,
+0.138598,-0.023015,

channel --> 27
+0.100721,-0.001627,
+0.143213,+0.089508,

channel --> 28
+0.305207,+0.001457,
-0.072382,+0.013271,

channel --> 29
-0.033078,+0.010057,
-0.061372,-0.061524,

channel --> 30
+0.084912,+0.095355,
+0.037788,+0.013494,

channel --> 31
+0.038579,-0.001105,
+0.005749,+0.040784,

channel --> 32
+0.068786,-0.039376,
+0.099331,+0.039355,

channel --> 33
-0.031178,+0.025834,
+0.183366,-0.119572,

channel --> 34
-0.015715,-0.095444,
-0.061981,-0.086479,

channel --> 35
-0.050635,+0.066789,
+0.014980,-0.179735,

channel --> 36
+0.022260,+0.045658,
-0.099375,-0.169630,

channel --> 37
-0.056188,-0.026514,
+0.068126,-0.053225,

channel --> 38
-0.141791,+0.109340,
-0.101536,+0.002010,

channel --> 39
-0.240295,+0.084594,
+0.003780,+0.086935,

channel --> 40
-0.003853,-0.073525,
+0.178527,-0.044195,

channel --> 41
-0.122670,-0.075050,
-0.101863,-0.139152,

channel --> 42
+0.032598,-0.103337,
+0.080767,-0.032562,

channel --> 43
-0.028421,+0.170945,
+0.049751,-0.125726,

channel --> 44
-0.123538,+0.134206,
-0.053328,-0.007355,

channel --> 45
-0.019739,-0.019633,
-0.007490,+0.097078,

channel --> 46
-0.036213,+0.093863,
+0.107635,+0.100969,

channel --> 47
-0.032720,-0.002008,
+0.001710,-0.081438,

channel --> 48
+0.024768,-0.005191,
+0.002387,-0.010096,

channel --> 49
-0.046521,-0.015480,
+0.010323,-0.022517,

channel --> 50
-0.097837,-0.027494,
-0.082212,-0.127071,

channel --> 51
+0.032264,+0.160217,
-0.254374,-0.150229,

channel --> 52
-0.158429,+0.177879,
-0.020321,+0.100497,

channel --> 53
-0.276257,-0.076129,
+0.294989,+0.066873,

channel --> 54
-0.000419,+0.172583,
-0.142249,+0.055941,

channel --> 55
+0.084285,-0.031343,
+0.001050,+0.086971,

channel --> 56
+0.034787,+0.070379,
-0.039465,+0.069526,

channel --> 57
-0.116286,+0.083490,
-0.006671,+0.017900,

channel --> 58
-0.023131,-0.347642,
-0.196175,-0.297110,

channel --> 59
+0.094204,-0.142809,
-0.087683,+0.015150,

channel --> 60
-0.170122,+0.026874,
+0.013167,+0.026897,

channel --> 61
-0.273837,-0.077729,
-0.075050,-0.163327,

channel --> 62
-0.063889,-0.414585,
+0.023819,-0.253686,

channel --> 63
-0.228215,-0.143668,
+0.140734,+0.109364,

channel --> 64
+0.240267,+0.179881,
-0.214834,+0.028497,

channel --> 65
-0.107949,-0.059217,
+0.065847,+0.046884,

channel --> 66
-0.060979,+0.105950,
-0.199412,-0.043984,

channel --> 67
-0.115472,+0.096458,
-0.084969,+0.060555,

channel --> 68
+0.197717,+0.163533,
-0.087053,+0.307551,

channel --> 69
+0.069221,-0.016987,
-0.000090,+0.007754,

channel --> 70
-0.012037,-0.008020,
+0.037503,-0.010693,

channel --> 71
-0.005089,+0.009874,
-0.021505,+0.001030,

channel --> 72
+0.291314,+0.022916,
+0.108173,+0.095936,

channel --> 73
-0.173040,+0.129591,
+0.041901,+0.137374,

channel --> 74
-0.285107,-0.051801,
-0.028331,-0.002471,

channel --> 75
+0.026822,+0.018378,
-0.007097,+0.046022,

channel --> 76
+0.501598,-0.008166,
+0.319855,-0.045439,

channel --> 77
+0.028663,+0.010003,
-0.056700,+0.032465,

channel --> 78
-0.353098,-0.080243,
+0.166572,-0.010923,

channel --> 79
-0.154083,+0.035334,
+0.045153,-0.033673,

channel --> 80
+0.362582,-0.000570,
+0.174959,+0.134002,

channel --> 81
-0.174175,-0.258282,
+0.030843,+0.227069,

channel --> 82
-0.045472,-0.038313,
-0.016845,-0.111612,

channel --> 83
-0.144066,+0.072018,
+0.101174,+0.070316,

channel --> 84
+0.059505,-0.087042,
-0.012066,-0.012377,

channel --> 85
-0.009874,-0.022222,
+0.011659,-0.018796,

channel --> 86
+0.138501,+0.079907,
+0.179580,-0.003499,

channel --> 87
-0.038912,-0.082478,
-0.080267,-0.010403,

channel --> 88
-0.198716,-0.088375,
-0.040161,+0.039603,

channel --> 89
-0.199203,-0.026365,
-0.323675,-0.045454,

channel --> 90
+0.009987,-0.141238,
+0.046860,-0.076821,

channel --> 91
+0.036530,+0.003425,
-0.029444,-0.009305,

channel --> 92
-0.283246,+0.083104,
-0.042861,-0.093086,

channel --> 93
-0.038821,+0.000846,
+0.058072,+0.005602,

channel --> 94
+0.197785,-0.128057,
+0.061719,+0.062397,

channel --> 95
-0.156077,+0.113096,
-0.000081,-0.040274,

