channel --> 0
+0.084589,-0.019257,+0.741840,+0.344810,+0.036716,-0.469755,-0.546328,+0.449654,
+0.096391,+0.141370,-0.159456,-0.143357,-0.122357,+0.390256,-0.185037,+0.880135,
+0.086188,+1.144663,-0.739985,+0.326087,+0.726533,-0.713328,-0.211220,+0.679019,
+0.106120,+0.030797,+0.549968,+0.155569,+0.614074,-0.338484,-0.030188,+0.647201,
+0.194727,-0.404707,+0.535483,-0.213192,-0.406613,+0.461648,+0.833164,+0.602425,
+0.690589,-0.200055,-0.606862,-0.828617,-0.423662,-0.461426,+0.027204,+0.501576,
+0.760594,+0.050350,-0.496095,+0.090912,-0.028123,-0.818725,-0.318583,-0.350667,
+0.236471,-0.338081,-0.466881,-0.507870,-0.273634,-0.527058,+0.223885,+0.325805,

channel --> 1
+0.628396,+0.962391,+0.550805,+0.766650,+0.389246,-0.641903,+0.201855,+0.215927,
-0.294262,-0.740664,-0.344460,+0.094434,-0.893220,+0.456723,+0.491692,+0.423295,
-0.497101,-0.291651,+0.632694,+0.518290,-0.862543,+0.663819,+0.292096,+0.329688,
+0.226226,-0.375110,-0.332751,-0.040000,+0.308167,+0.530188,+0.980706,+0.335601,
-0.032592,-0.400426,+0.697059,-0.073361,+0.211333,-0.165683,+0.823462,+0.569640,
-0.077553,-0.535429,-0.407309,-0.723643,-0.733406,-0.791950,-0.369467,+0.537473,
+0.455996,-0.288102,-0.189958,+1.417292,-0.584571,+0.093296,+0.047154,+0.627091,
+0.445804,+0.435299,+0.243105,+0.845270,+1.046153,+1.438890,+1.229968,+0.972395,

channel --> 2
-0.610472,-0.387254,+0.273650,+0.022197,+0.126824,+0.802344,+1.114101,-0.248812,
+0.270075,+0.213715,+0.574876,+0.809138,-0.087138,+1.187082,+0.750327,+0.106942,
-0.099528,-0.087808,-0.511551,-0.308374,-0.061047,+1.001452,+0.866279,+0.009237,
-0.139793,+0.567939,-1.318950,-0.454033,+0.351614,-0.069315,+0.278675,+0.204461,
+0.521670,+0.415953,+0.068936,-0.208107,+0.373444,-0.425265,-0.541520,+0.211148,
+0.055030,-0.127555,+0.037339,+0.086750,-0.921899,+0.107177,+0.238582,-0.138155,
-0.215533,+0.694806,+0.233497,-0.500672,+0.142516,+0.085791,-0.142232,+0.193640,
+0.292363,+0.538833,+0.427908,-0.065036,+0.831809,+0.364824,-0.740165,-0.041656,

channel --> 3
-0.225933,-0.186217,+0.518013,+0.177951,-0.041842,-0.338825,+0.140136,-0.097150,
+0.894684,+0.152288,+0.762098,+0.016598,+0.187237,+0.178148,+1.077432,-0.149166,
+0.647872,-0.306569,-0.223662,+0.037401,+0.046872,-0.283746,+0.138659,-0.531340,
+0.310376,-0.629931,-0.264765,-0.307724,-0.155526,+0.427756,+0.244198,-1.223794,
-0.113812,-0.152620,-0.747196,-0.396725,-0.679160,-0.093192,+0.445263,-1.276989,
+0.566140,-0.238985,-0.328886,-0.721141,+0.670546,-0.208173,-0.219983,-0.107330,
+0.385487,+0.494734,-0.629300,+0.097175,+0.654448,-0.508805,+0.265450,+0.399178,
-0.223562,+0.805300,-0.083537,-0.488770,+0.698743,+0.185480,+0.429284,+0.335260,

channel --> 4
-0.046547,-0.054372,-0.041779,-0.015350,+0.457686,+0.412284,-0.696182,-0.611317,
+0.374403,-1.382049,-0.032211,-0.063111,-0.655161,+0.709309,-0.406949,-0.715726,
-0.906446,-0.890360,+0.287759,+0.438924,+0.123858,+0.014081,-0.705917,-1.030027,
-0.024628,+0.383547,-0.554573,-0.672929,+0.342870,-0.667572,-0.096389,-0.778730,
+0.110174,-0.028995,-0.350463,-0.999318,-0.491560,+0.434421,+0.562554,-0.540257,
+0.296158,+0.626876,+0.131646,-1.557118,-0.329361,+0.938954,+0.317008,-0.520544,
+0.162453,-0.132854,+0.370734,-0.926363,-0.655825,-0.369117,-0.650239,-0.488976,
+0.398956,+0.214357,+0.037006,-0.487567,+0.350790,+0.491479,+0.149122,+0.185317,

channel --> 5
-0.457638,-0.307226,+0.711477,+0.459303,-0.324087,-0.227531,-0.061937,-0.318493,
+0.481911,-0.725965,+0.795303,-0.261633,+0.362690,+0.977375,+0.188782,-0.393476,
+0.891309,+0.462890,-0.514909,+0.971789,+0.915553,+0.577009,+0.360932,-0.208737,
+1.060686,+1.010994,+0.817312,-0.158480,+1.666562,+0.531769,+0.595255,-0.129515,
+0.698570,-0.154945,+1.044736,+0.221876,+0.749853,+1.361217,+2.120115,+0.973927,
+0.156232,-0.404361,-0.270690,-0.515463,-0.764382,+0.295371,+0.806566,+0.040138,
-0.136329,+0.542291,-0.216239,-0.053012,+0.189332,-0.041966,-0.209821,-0.322107,
-0.311722,+1.041627,-0.429832,-0.158797,-0.311049,-0.824807,-1.182537,-0.293326,

channel --> 6
-0.262035,-0.329305,-0.652970,-0.828567,-0.805747,+0.117937,-0.276888,-0.872736,
-0.499713,-0.657178,-0.379237,-0.347972,-0.383368,+0.532199,-0.164577,-0.698701,
+0.082164,-0.397716,-0.388158,-0.511112,-0.877871,+0.684209,-0.132744,-0.730545,
-0.514072,+0.448325,-0.094525,-0.364429,-0.352081,+0.904917,+0.039547,-0.079166,
-0.338448,+0.592875,-0.935444,-0.745104,+0.273893,-0.160114,-0.319431,-0.210660,
-0.628342,+0.045147,+0.385622,+0.204777,-0.443959,-0.140011,+0.111327,-0.063567,
-0.773170,-0.341228,+1.039523,+0.195478,-0.026220,+0.702652,+0.534442,+0.002282,
-0.648227,+0.020055,+0.264985,-0.182215,-0.560466,-0.740629,-1.345822,-0.995892,

channel --> 7
-0.367044,-0.598906,-0.055008,-0.457651,-0.383436,-0.210973,+0.637508,-0.728738,
+0.252188,+0.087211,-0.482325,-1.064403,+1.880675,+0.240883,+0.766805,+0.278776,
+0.693639,-0.189359,-0.806881,-0.328751,+0.876255,+0.294546,+0.367321,+0.570105,
+0.819899,+0.527601,+0.415205,-0.249216,+0.276766,+0.042080,+0.202534,+1.370386,
+0.776870,+0.103083,-0.059699,+0.167915,+1.015572,+0.120684,-0.267120,+0.853205,
+0.607683,+0.273433,+0.012950,+0.270252,+0.957495,+0.688344,-0.013566,+0.445029,
+0.814670,+0.794780,+0.950521,+0.045214,+0.993007,+0.162841,-0.202043,+0.470302,
+1.275085,+0.011875,+0.198133,-0.724263,+0.482033,-0.426594,-0.688680,-0.233607,

channel --> 8
+0.492526,-0.403201,-0.564637,-0.974587,-0.210586,-0.248692,-0.122763,+0.206381,
-0.399378,-0.373263,+0.677409,+0.475284,-0.175497,+0.038291,-0.299718,-0.390271,
-0.881717,-0.484615,+0.052278,+0.377474,+0.285551,-0.586690,-0.093893,-0.138397,
+0.067794,-0.639416,+0.376161,+0.988855,+0.867481,-0.784031,-0.475832,-0.325683,
-0.154592,-0.282037,-0.190415,-0.063578,+0.720184,-0.469610,-0.229076,-0.132540,
-0.957026,-0.575760,+0.511677,-0.311403,+0.204573,-0.733194,+0.305847,-0.378049,
-0.523348,-0.104029,+0.432154,-0.279073,+0.411587,+0.058308,+0.444514,-0.342937,
+0.194106,+0.635599,-0.280274,-0.340435,+0.350430,-0.158539,-1.253179,-0.308944,

channel --> 9
+0.550794,+0.780310,+0.383958,-0.015767,+0.722042,+0.651609,-0.111218,+0.264195,
+0.444414,+0.239208,+0.609324,+0.212242,-0.645330,+1.024065,-0.028293,+0.219272,
+0.271101,+0.318558,+0.236832,+0.565125,-0.373933,+0.406140,+0.120241,+0.235704,
+0.215168,+0.248547,-0.220714,-0.204004,+0.136100,+0.852729,+0.172539,-0.092470,
+0.187992,+0.431893,-0.267730,-0.482178,-0.593789,+1.578971,+0.608373,-0.164835,
+0.141416,+0.099291,-0.218550,-0.824890,-0.185591,+1.461992,+0.399135,+0.516375,
+0.676184,+0.321697,-0.461563,-0.223850,+0.722062,+1.326148,+1.170815,+0.387421,
+0.580472,+0.857195,+0.653393,-0.639994,+1.351767,+0.572556,+0.109670,-0.128915,

channel --> 10
+0.424919,+0.246354,+0.247465,+0.017471,+0.249551,-0.336862,-0.287568,-0.210966,
+0.150875,-0.258074,+0.919464,-0.284998,-0.377448,-1.201827,-0.512101,-1.037692,
-0.258577,+0.496661,+1.083271,+0.717966,-0.231970,-0.585738,-0.332588,-0.410197,
-0.513429,-0.648324,+0.435645,+0.067314,-0.354817,-0.461474,+0.114744,-0.168639,
-0.493024,+0.015733,+0.338154,+0.581214,-0.449021,-0.334110,+0.293258,-0.903496,
-0.380409,+0.083828,+0.006161,-0.166640,+0.497992,+0.358514,-0.187130,+0.020863,
-0.383179,-0.090764,-0.819144,-0.530458,+0.062679,-0.128088,+0.211759,+0.290858,
-0.798974,-0.320188,-0.481257,-0.155340,-0.308173,-0.137041,-0.151506,-0.185410,

channel --> 11
+0.058034,-0.565961,-0.316565,+0.125670,-0.054243,+0.469034,-0.342914,-0.231070,
+0.210604,-0.131289,-0.318546,+0.069252,+0.185539,+0.341607,-0.389385,+0.254936,
-0.497078,+0.185296,-0.535670,-0.657311,-0.630312,-0.139903,-0.387963,+0.114553,
-0.713652,-0.172511,-0.676780,+0.034542,-0.728245,-0.382052,+0.383448,+0.732021,
-0.897850,-0.275209,-0.914837,-0.507288,-1.001289,-0.294763,+0.405748,+0.460890,
-0.730010,+0.355679,+0.122267,-0.239694,+0.294088,+0.194652,+0.210333,+0.410241,
-0.706590,-0.596615,+0.268490,-0.404402,-1.079815,-0.651271,-0.422371,+0.603841,
-0.938491,-0.794318,-0.292407,+0.053940,-1.252116,-0.598958,-0.353709,-0.566251,

channel --> 12
+0.035296,-0.299494,+0.116577,-0.815166,-0.273572,+0.822081,-0.119027,-0.743734,
+0.146912,-0.991951,-1.373429,-0.671397,+0.200823,+0.811164,-0.179678,-0.243764,
+0.023647,-0.482744,-0.645937,-0.604882,-0.630245,+0.432371,-0.240210,+0.020146,
-0.710912,-0.709885,-0.741917,-0.478276,+0.258890,+0.306936,+1.487191,-0.238367,
+0.202952,-0.538248,-1.206593,+0.167387,-0.216271,-0.286277,+1.178399,-0.508707,
+0.401793,+0.022871,-0.377542,+0.315430,+0.388428,-0.400894,-0.324211,-0.636891,
-0.065596,+0.657120,+0.014181,-1.033490,-1.189061,-2.236013,-1.101699,-1.139965,
-0.257401,-0.319819,-0.423387,-0.684139,-0.201911,-0.982192,-0.609112,-0.364614,

channel --> 13
-0.582393,-0.067815,-0.220269,-0.567075,-0.256336,+0.134308,-0.433946,+0.417239,
+0.012877,-0.454265,-0.023870,+0.173967,-0.431474,+1.205285,+0.360829,+0.576786,
+0.774037,+0.163628,-0.342404,-0.017560,-0.893072,+1.276305,+0.482281,+0.032832,
+0.293239,-0.306456,-0.312257,-0.632534,-0.466363,+0.490832,+0.683752,+0.134148,
+0.408341,+0.141378,-0.515504,-0.562015,-0.145885,+0.366027,+0.023728,+0.172626,
+0.443651,+0.133700,-0.361097,+0.007402,-0.544531,+0.018498,+0.432815,+0.107055,
-0.024261,-0.048841,-0.041618,-0.009532,+0.393139,+0.410284,+0.874967,+0.580648,
+0.025857,+0.275791,-0.064740,-0.843669,-0.949372,-0.529544,-0.160979,-0.108080,

channel --> 14
-0.439667,-0.502844,-1.092262,-1.165311,+0.120483,-0.526515,+0.227528,-0.204497,
+0.675387,-0.159382,-0.555103,+0.252316,+1.307537,+0.600943,+0.949576,-0.456261,
+0.226264,-1.329391,-0.631355,-0.085761,+0.115107,+0.774337,+0.332661,-0.215797,
+0.184429,-0.282670,-0.411260,-1.547562,+0.180758,+0.735255,+0.179180,-0.045287,
-0.411393,+1.224587,-0.492691,-0.769459,+0.255423,-0.412443,-0.111606,-0.005714,
-0.062481,+0.630225,-0.410132,-1.295781,+0.009632,+0.590827,-0.079184,+0.150969,
-0.492494,+1.157720,+0.881662,-0.731828,-0.447845,+0.915104,-0.191354,+0.316386,
-0.335350,+0.281790,+0.491292,-0.585154,-0.098566,+0.001049,-1.070357,-0.550604,

channel --> 15
+0.252484,-0.289164,+0.541770,+0.304676,-0.111979,+0.392110,-0.251384,-0.030650,
+0.692250,-0.071104,+0.447894,-0.170329,-0.669250,-0.004311,-0.457880,-0.861360,
+0.393662,+0.426734,+0.656661,+0.303887,-0.098748,-0.505109,-0.185238,-0.684616,
-0.066396,-1.063718,+0.366916,+0.053724,-0.620639,-0.409160,-0.156390,-0.479071,
+0.015131,-0.469674,+0.021790,+0.021547,-0.504604,-0.286573,+0.626707,+0.193817,
-0.134154,-0.340771,+0.243409,-0.637990,-0.223571,+0.057720,+0.251338,+0.071942,
-0.370741,-0.418396,+0.247453,-1.520079,-0.382693,-0.796433,-0.293452,-0.682331,
-0.113182,-0.432923,-0.182420,+0.279022,+0.388977,+0.135575,+0.926478,+0.466782,

channel --> 16
-0.469765,+0.078849,-0.275311,-0.119954,-0.068561,-0.210039,-0.472294,-0.191814,
-0.423582,+0.512453,+0.232478,+0.025897,+1.046577,-0.208420,-0.382429,-0.864115,
-0.343467,-0.889999,+0.309650,-0.131415,-0.533087,+0.033425,-0.359921,-0.859292,
-0.041406,-0.311868,+0.449304,+0.147113,-0.566512,+0.025212,+0.612520,-0.368706,
-0.631994,+0.068725,-1.072332,-0.402528,-0.964777,-0.223266,+0.311656,-0.906695,
-0.809717,+0.677088,-0.789418,-0.076327,-0.339471,-0.408330,-0.637454,-0.613110,
-0.451227,+1.179571,+0.121323,-0.448579,-0.293046,+0.171696,+0.539606,+0.481966,
-0.610636,-0.023899,-0.061224,-1.173809,-0.253271,+0.274045,-0.370660,+0.514628,

channel --> 17
+0.577426,+0.130434,+0.901294,+0.955689,+0.434840,+1.160646,-0.582631,-1.016151,
-0.418295,+0.067719,+1.332712,+0.409016,-1.035175,-0.127798,-0.561966,-1.239512,
-0.942552,+1.047454,+1.138874,-0.325701,-0.100091,-0.052769,+0.449663,-0.409453,
-1.205951,-0.558814,+0.544348,+0.280465,-1.208839,-0.014473,+0.793996,+0.431369,
-0.873494,+0.071559,+0.723780,+0.771145,-0.716730,-0.722247,-0.280408,-0.328587,
-0.551637,+0.739817,+0.485970,+0.787029,-0.107694,-0.610120,-0.639126,-0.800969,
-1.293918,-0.086569,-0.272545,-1.012419,-0.974177,-0.782486,+0.051163,-0.237172,
-0.689470,-0.029472,+0.827329,+0.897439,+0.668533,+0.693125,+0.347596,-0.025178,

channel --> 18
+0.519515,-0.509110,-0.050604,+0.351392,-0.072481,+0.156139,+0.035752,-0.464422,
-0.017455,+0.170811,+0.847939,+0.476481,+0.223715,+0.550959,-0.019697,-0.084582,
+0.475257,+0.524592,+1.216719,+1.094622,-0.059723,+0.536768,+0.660219,+0.566036,
+0.467221,+0.601606,+0.173599,+0.399354,-0.085570,-0.218801,+0.188838,+0.514226,
-0.148383,+0.655637,+0.866338,+0.437107,+1.134366,+0.044128,-0.315522,+0.040955,
+0.095128,+0.230640,+0.685551,+0.626298,-0.025506,-0.817022,+0.136903,-0.290690,
-0.186097,+0.466153,+0.075053,+0.703987,+0.326558,+0.490486,-0.460261,-0.382853,
-0.169529,-0.047095,-0.582549,+0.319097,+0.079783,+0.303370,+0.369884,+0.165685,

channel --> 19
+0.309846,-0.321735,+0.282950,+0.219051,-0.569624,-0.495275,-0.450067,+0.144907,
-0.212537,-0.370944,-0.464778,-0.585322,-0.196327,-0.495100,+0.145625,-0.179080,
-0.345974,-0.025952,-0.083917,-0.483333,+0.287337,-0.643353,+0.418079,-0.545411,
-0.067436,-0.617309,+0.015781,-0.658218,-0.323397,-0.014795,-0.175602,-0.709751,
+0.221187,-0.454149,+0.328304,-0.156037,+0.315918,-0.491262,-1.210906,-0.671106,
+0.385010,+0.536561,+0.355912,+0.097094,+0.477243,-0.687266,-0.376588,+0.167706,
-0.177824,-0.466369,+0.152040,+1.001824,-1.010731,-1.035565,-0.644104,-0.728654,
-0.045473,-0.448845,+0.066392,+0.220734,-0.143465,+0.111555,+0.242633,+0.391731,

channel --> 20
+0.372881,+0.594588,+0.324381,+0.479401,+0.034742,-0.934946,-0.163360,+0.195018,
-0.676814,-0.485622,+1.718069,+0.214722,-0.254132,-0.145810,-0.069193,-0.416737,
-0.191991,-0.352224,+1.343677,-0.101460,-1.201444,-0.422108,+0.053304,-0.585315,
+0.057986,-0.131968,+0.419327,+0.793679,-0.577712,-0.587552,+0.225340,-0.442640,
-0.509706,+0.211959,+0.241064,-0.005451,-0.460213,-0.369807,-0.386749,-0.252586,
-0.717707,+0.526277,+0.958156,+0.489820,-0.871209,+0.290476,-0.017746,+0.300080,
-0.033653,-0.233038,-0.892866,+0.604497,-1.525100,+0.040193,-0.280031,-0.057066,
+0.011851,-0.761170,-0.932595,+0.169995,-1.219478,-0.534497,-0.302149,+0.298925,

channel --> 21
+0.042017,+0.219354,+0.038501,-0.790996,+0.472119,+0.095452,-0.461193,+0.225033,
+0.312333,+0.939442,+0.746009,+0.208283,+0.431643,-0.118334,-0.480019,+0.783120,
-0.340418,+0.710042,+0.420547,+0.483149,+0.675758,-0.201820,+0.318219,+1.106608,
+0.171164,+0.647494,-0.046294,+0.218085,+0.724083,-0.015656,+0.394770,+0.954101,
+0.230220,-0.574512,+0.473306,+0.353863,+0.943916,+0.005722,-0.028088,+0.923128,
+0.049763,-0.348940,+0.764647,-0.077661,+0.468501,-0.280202,-0.156064,+0.535707,
+0.273303,-0.248030,-0.520534,+1.072299,-0.057186,-0.617111,-0.328560,+0.196662,
+0.531730,+0.249747,-0.419477,-0.271298,-0.147826,-0.703222,-0.143843,-0.536293,

channel --> 22
-0.764343,+0.517916,-0.370696,-0.706504,-0.371036,-0.911803,-0.992490,-0.028859,
-0.313323,+0.124821,-0.975511,-0.425924,+0.115895,-0.201941,-0.567100,+0.197482,
-0.601562,-0.408954,+0.597545,+1.092874,-0.052822,-0.437286,-0.241589,+0.058808,
-0.562382,+0.355232,+0.309289,+0.061054,-1.090589,-0.571458,+0.107443,-0.273656,
-0.373674,-0.129603,-0.339114,+0.051093,+0.088186,-0.719362,-0.052064,-0.251503,
+0.023571,+0.272171,-0.363691,+0.798441,+0.205021,-0.063847,+0.091987,-0.003780,
-0.677755,-0.148204,+0.336623,+0.664744,-0.356051,-0.596601,+0.245866,+0.094424,
+0.215001,-0.363196,-0.116468,-1.157332,-0.510472,-0.473937,+0.138447,+0.218322,

channel --> 23
-0.552010,-0.636605,-0.152078,-0.413416,-0.362636,+0.638408,-0.311445,-0.040060,
+0.111126,+0.663199,+1.270163,+0.805590,-0.066057,+0.664818,-0.858894,+0.065635,
-0.342567,+0.360171,+0.063882,-0.081987,+0.133772,+0.658387,-0.507094,-0.063142,
-0.484714,-0.506989,+0.698657,+0.353925,+0.856511,+0.412963,-0.153679,-0.187404,
-0.041236,-0.942501,+0.061300,-0.335491,+0.005538,+0.227955,-0.684472,-0.560530,
+0.290665,-0.324351,+1.006250,+0.121397,-0.142065,+0.141304,-0.748876,-0.721064,
+0.057674,+0.134312,-0.364311,+0.436284,+0.884988,+0.301048,-0.303319,-0.520408,
-0.213122,+0.195050,-0.893348,-0.021168,+0.620856,-0.217423,-0.300790,-0.299314,

channel --> 24
+0.327042,+0.504121,-0.019923,-0.212090,-0.492712,-0.136701,+0.221652,+0.544234,
+0.252161,+0.140457,-0.275182,+0.413104,-0.557746,+0.489824,+0.343339,+0.109981,
+0.144035,+0.046658,+0.169536,+0.281732,-0.324693,+1.030912,+0.138529,-0.295873,
-0.199254,+0.275134,-0.251452,-0.472539,+0.111255,+1.235153,-0.685317,-0.240305,
-0.096302,-0.087458,-0.009847,-0.628622,+0.032437,-0.028183,-1.069463,+0.078329,
-0.384360,-0.771293,+0.321116,+0.839571,-0.203273,-0.272642,-0.959224,+0.052159,
-0.750530,-0.753642,+1.283192,+0.697603,-0.530495,-0.373050,-0.434749,+0.068671,
-0.521890,-0.292686,+0.572699,+0.300601,-0.773385,-0.581747,-0.279092,+0.028197,

channel --> 25
+0.070084,+0.404404,-0.337253,-0.860160,-0.164091,-0.232170,+0.184857,+0.371175,
+0.231206,+0.473567,+0.346198,-0.023769,+0.027320,+0.884127,+0.179763,+0.032834,
+0.502823,+0.083496,+0.201961,-0.115656,+0.190059,+0.237965,-0.174852,+0.318659,
+0.700154,-0.050994,+0.194757,-0.622813,+0.415552,-0.332993,-0.150222,-0.456790,
+0.110359,+0.386964,-0.489910,-0.499472,+1.165314,-0.523729,+0.346320,-0.533233,
+0.094691,-0.800902,+0.634183,+0.819619,-0.127148,-0.927951,-0.357919,-1.109461,
+0.635155,-1.087918,-0.338247,+1.254094,-0.487545,-0.380738,+0.136091,-0.821026,
+1.028288,+0.051376,-0.813106,+0.753498,-0.460786,-0.133090,+0.232801,-0.666314,

channel --> 26
+0.125127,-0.097673,+0.544310,+0.077314,-0.094325,+0.520801,+0.036873,+0.305521,
-0.380461,-0.716940,-0.841597,-0.568907,-1.015642,-0.570792,-0.443624,-0.962085,
+0.526754,+0.420531,-0.268508,+0.838756,+0.383088,+0.362501,+0.284105,-0.664766,
+0.691849,+0.203256,+0.374936,+0.523350,-0.096679,+1.333593,+0.575331,-0.534126,
+0.047461,+0.298447,+0.079861,-0.266100,-0.464914,+1.443852,+0.877105,-0.236344,
-0.107909,+1.157445,-0.313573,-0.413378,-0.035129,+0.670125,-0.580961,+0.185259,
+0.190959,+0.277175,+0.141953,+0.337903,+0.730395,+0.975580,+0.324954,+0.913191,
+0.178989,-0.228903,+1.092723,+1.090446,+1.078676,+1.359829,+1.000355,+1.515243,

channel --> 27
+0.616361,-0.062351,-0.122223,+0.802630,-0.199243,+0.860712,+0.159791,-0.084811,
-0.048496,+0.327863,+0.330616,+0.909641,+0.409657,-0.670333,-0.275724,+0.515649,
+0.054499,+0.298284,+0.016185,+0.178851,+1.202960,-0.379167,-0.048146,+0.178036,
+0.906654,+0.507710,-0.453688,+0.749003,+0.652208,+0.337586,+0.074993,+0.430424,
+1.147154,+0.031757,-1.267165,-0.381253,-0.381353,+0.759970,-0.241825,+0.684341,
+0.642650,+0.730350,+0.466253,-1.092451,-0.154368,+0.058553,+0.415250,+0.541086,
+0.700002,+0.082723,+0.761474,+0.268620,+0.851638,+0.398546,+0.483067,+0.648556,
+0.810174,-0.325077,-0.089206,-0.604090,-1.051614,-0.679182,-0.694522,+0.086751,

channel --> 28
-0.550343,+0.091173,+0.509289,-0.094306,-0.258386,-0.137067,+0.346781,-0.107556,
-0.000323,+1.079579,-0.095215,-0.288872,+0.400717,+0.720434,+0.503821,+0.372646,
+0.597303,-0.503586,-0.757744,-0.800795,-0.055759,+0.852085,+0.507512,+0.572471,
+0.520176,-0.267473,-0.614879,-0.040745,-0.121327,+0.395601,+0.161380,+0.062146,
+0.558117,+0.473929,+0.800357,+0.121307,+0.750238,+0.047202,+0.155331,+0.164639,
+0.796635,-0.098713,-0.655236,+1.418518,+0.339252,-0.068690,+0.150107,-0.042154,
+0.807924,+0.750754,-0.404374,+1.034386,+1.090636,+0.709900,+0.443653,+0.323209,
+0.881425,+0.441495,-0.052692,-0.244413,+0.241043,+0.063868,+0.222396,+0.058237,

channel --> 29
+0.968884,+0.593797,-0.250343,+0.366398,+0.279596,+0.661219,+0.920922,+0.278631,
+0.432032,-0.425749,+0.448599,+1.343804,+1.078823,-0.198393,+0.412984,-0.222482,
-0.064780,-0.096124,+0.076593,-0.205693,+0.797362,+0.090163,-0.145475,-0.190548,
-0.415306,-0.652811,-0.149136,+0.366621,-1.223592,-0.321631,-0.828543,+0.032025,
-0.872932,-1.165536,-0.175068,+0.462391,-1.254783,-0.176802,+0.177030,+0.027343,
-0.719167,-0.408635,+0.620233,+0.516432,-0.075796,-0.126571,-0.338183,-0.483931,
-1.048574,-0.909294,-1.098093,-1.911953,-1.455873,-0.465684,-0.830588,-0.128292,
-0.860462,+0.291191,+0.185465,+0.127641,-0.086997,+0.762948,+0.326081,+1.035154,

channel --> 30
+0.346975,-0.025723,+0.402839,-0.018980,-0.394512,-0.431148,+0.284541,+0.036029,
+1.087156,+1.125911,+0.148664,+0.587169,+0.747720,+0.500140,+0.904923,+0.907863,
+0.280658,+1.114949,+0.360452,+0.232938,+0.673983,+0.551938,+0.464306,+0.731193,
-0.197987,+0.268783,+0.510042,-0.404613,+0.304016,+0.776175,+0.611596,+1.041185,
+0.461799,+0.413730,+0.086865,-0.455003,+0.218946,-0.029122,+0.462259,+0.657439,
+0.179708,+0.325424,-0.226157,-0.947845,+0.943289,+0.214531,-0.085489,+0.977912,
+0.286160,+0.088257,+0.764137,-0.001457,+0.939582,+0.137163,+0.566298,+0.456844,
+0.179419,+0.051599,+0.345785,+0.590847,+0.170501,-0.246169,+0.699777,-0.562090,

channel --> 31
+0.120743,-0.654896,-1.118885,-0.748929,-0.179908,-0.149464,+0.197582,-0.032356,
+0.311852,-0.196562,-0.106350,-0.544589,-0.102341,-0.528066,+0.194591,+0.129761,
-0.234538,-0.239701,-0.262335,-0.702616,-0.391261,+0.157001,+0.492948,-0.248907,
+0.350219,-0.294012,-0.814075,+0.553496,+0.330036,+0.179189,+0.580375,-0.483121,
+0.145415,-0.189169,-0.696086,-0.734367,+0.115745,+0.026753,+0.310882,-0.098826,
-0.403651,-0.407446,+0.165413,-0.433793,+0.418321,-0.357122,+0.378679,-0.159785,
-0.238701,-0.756207,-0.353022,+0.739299,+0.041019,+0.026056,+0.612527,+0.240087,
-0.191680,-0.159994,+0.184477,+0.173956,-0.056505,-0.538549,+0.037739,+0.134453,

channel --> 32
-0.207007,-0.682364,+0.849408,+0.553105,-0.075701,-0.728340,-0.335180,-0.135610,
-0.256694,-0.259594,+0.037584,-0.539211,-0.068869,-0.676877,-0.266233,-0.309803,
+0.650156,-0.248359,-0.056772,+0.160232,-0.322312,+0.158403,+0.368549,-0.663854,
+0.599300,-0.272065,+0.241791,+0.601971,+0.619683,+0.844875,+0.635727,-0.573206,
+0.724849,-0.006774,+0.771301,-1.003407,+0.214284,+0.143126,-0.043815,-0.827153,
+0.759679,+0.039170,-0.133048,-0.486767,+0.720696,+0.746220,+0.610887,-0.339037,
+0.680437,+0.391517,-0.437674,+0.796379,-0.048018,-0.079820,+0.210549,-0.033617,
+0.550457,+0.474687,-0.726978,+0.644275,-0.039337,+0.103616,+0.294899,+0.095602,

channel --> 33
-0.981970,-0.162578,+0.528620,-0.228229,-0.489763,+0.184433,-0.210526,-0.542773,
-0.512552,+0.023547,+0.596874,+0.527426,-0.619506,+0.192403,-0.394580,-0.988391,
-0.378779,-0.805433,-0.095992,-1.053262,-0.102718,+0.271351,-0.346807,-0.606958,
-0.170320,-0.006341,+0.620346,-0.510852,-1.217460,+0.035277,+0.888534,-0.256684,
+0.172885,+0.324889,-0.694717,-0.399542,+0.083139,-1.047231,+0.379498,+0.049987,
+0.380252,+0.213107,-1.374811,+1.236047,+0.700214,-0.953760,-0.509540,-0.312354,
+0.262931,+0.713071,-0.311699,+0.188977,+0.945999,+0.213152,+0.740773,+0.133200,
+0.139430,+0.159462,+0.111570,-0.274890,-0.341550,-0.370523,+0.159070,+0.203201,

channel --> 34
-0.717654,+0.072204,+0.193246,-0.467270,-0.923827,-0.440429,-0.279663,+0.143681,
-0.841024,+0.313337,-0.472554,-0.936924,+0.922056,+0.164100,-0.249048,-0.076143,
-0.301587,+0.128412,-0.502472,-0.056651,-0.077555,-0.742827,-0.822142,-0.403036,
-0.747045,+0.556214,-0.174393,-1.142447,-0.697462,-0.827561,-1.063796,-0.231209,
-0.817339,+0.184680,-0.275122,-0.451492,+0.785649,+0.098383,-0.767343,-0.431212,
-0.689694,-0.308620,-0.298507,+0.053801,-0.318774,-0.364857,-0.728211,-0.144307,
-0.337678,-0.484450,-0.335786,+0.196728,-0.321530,-0.121688,-0.355040,-0.232442,
+0.006589,-0.446696,-0.384058,-0.579992,-0.470229,-0.354694,-0.456082,-0.524033,

channel --> 35
+0.190478,-0.382306,+0.200669,-0.133156,+0.403324,-0.270648,+0.491883,-0.101111,
+0.328397,-0.946648,+0.735359,+0.295404,-1.725826,+1.098114,+0.679566,-0.929964,
+0.337084,-0.573869,+0.711841,-0.495242,-1.076074,+1.401931,+0.220735,-1.068118,
+0.786602,+0.042542,-0.579253,-0.692590,+0.396726,+0.061023,+0.893400,-1.401480,
-0.082652,+0.691781,+0.365996,-0.046626,+0.540130,-0.503851,+0.004912,-1.320785,
-0.430094,+0.124841,-0.506591,-0.874681,-0.238422,+0.116714,-0.177462,-0.409872,
-0.067756,+0.779135,+0.391619,-0.028914,+0.024350,+1.095250,+0.453913,-0.299661,
-0.105231,+0.514235,+0.103458,+0.204235,+0.798810,+1.229424,+0.518754,+0.066004,

channel --> 36
-0.202186,+0.042490,+0.429218,+0.292895,-0.377552,-0.084027,+0.285029,-0.460117,
+0.046357,+0.028102,-0.558726,-0.655372,+0.156875,+0.017617,+0.538000,-0.124820,
-0.171691,-0.504269,-1.461356,-0.990238,+0.005919,+0.207713,+0.619487,-0.435903,
-0.316344,-0.094963,-0.905562,-0.890451,+0.684625,+0.209791,+0.714259,-0.254173,
-0.307792,-0.816247,-0.812373,-0.514863,+0.238455,+0.068279,+0.231105,-0.039876,
-0.215241,-0.479787,-0.810777,-0.676008,+0.275472,-0.331993,+0.324396,+0.858736,
-0.384035,+0.022245,-0.035025,-0.740812,+0.554048,-0.708459,+0.061240,+0.011210,
-0.979789,+0.350320,-0.111496,-0.444322,+0.707801,+0.262707,+0.434043,+0.056838,

channel --> 37
-0.042538,-0.368453,+0.155610,+0.020040,+0.147310,+0.577811,+0.334613,-0.708767,
+0.167811,-1.167702,-0.511326,-0.033966,-0.272930,+0.660957,+1.147313,-0.717798,
+0.365699,-0.342071,-0.573927,-0.080116,+0.621346,+1.001755,+1.294049,-0.613321,
+0.102507,-0.107265,-1.392433,-0.302928,-0.042594,+0.847662,+1.035683,+0.065467,
-0.171444,-0.099412,-0.814284,+0.027492,-0.128067,+0.445908,+0.130378,+0.339656,
-0.106592,+0.335186,-1.178871,+0.550511,-0.107838,+0.259635,-0.146044,+0.782733,
-0.304053,+0.295790,-0.352301,+0.262286,+0.731863,+0.633773,+0.419067,+1.020681,
-0.281932,+0.034921,+0.677176,-0.122559,-0.034926,-0.251443,-0.229026,-0.480837,

channel --> 38
+0.558897,+0.176082,-0.580403,-0.922356,-0.308996,-0.000300,+0.369008,+0.387536,
-0.281676,+0.269366,+0.619799,+0.169967,+0.836702,-0.895971,+0.030203,+0.441250,
+0.481828,+0.166316,+0.856785,+0.294849,-0.107655,+0.170392,+0.385440,+0.459442,
+0.020576,-0.415101,-0.111984,-0.257827,-0.263216,+0.253757,-0.008257,+0.780351,
+0.215451,-0.018757,-0.376035,-0.426397,+0.473939,+0.065735,-0.270586,+0.684300,
-0.061086,+0.198206,+0.437316,+0.658788,-0.171587,-0.599974,-0.704499,+0.297910,
+0.096739,-0.540604,-0.253494,+0.738897,-0.896007,-0.593198,-0.680441,+0.304565,
+0.456936,-0.293964,-0.405701,+0.369200,+0.068748,+0.045512,+0.640481,+0.852109,

channel --> 39
-0.330044,-0.139752,+0.574376,-0.221458,+0.154650,+0.020273,-0.328169,-0.507565,
-0.181608,-0.086389,+0.307958,+0.064463,+0.134410,-0.484569,+0.335613,+0.144756,
-0.248165,+0.546863,-0.253131,-0.363234,+0.231690,+0.153035,+0.511872,+0.123637,
+0.233268,+0.303434,+0.512163,-0.584476,+0.256693,+0.106172,+1.132239,+0.609533,
-0.229600,-0.689018,+0.360540,-0.621256,-0.132742,+0.068272,+0.566652,+0.249460,
+0.072789,-0.409004,-0.068687,+0.172010,-0.492517,-0.268817,-0.537055,-0.352657,
+0.339918,-0.110926,+0.151892,+0.697959,-0.371940,-0.541633,-0.190021,+0.282414,
-0.147764,-0.326550,+0.255569,+0.181777,-0.304520,-0.392845,-0.080130,-0.049140,

