channel --> 0
+0.103549,+0.015659,
-0.073278,-0.049352,

channel --> 1
-0.007289,+0.004490,
+0.084265,+0.044973,

channel --> 2
-0.032757,-0.001618,
+0.017276,-0.015285,

channel --> 3
+0.173925,-0.082499,
+0.117119,+0.028640,

channel --> 4
+0.000703,+0.045826,
-0.065988,+0.029370,

channel --> 5
+0.031068,-0.007966,
-0.015807,+0.001086,

channel --> 6
-0.094972,-0.099002,
-0.042732,-0.054719,

channel --> 7
+0.017773,-0.027724,
-0.088940,-0.091844,

channel --> 8
+0.060625,-0.051368,
+0.022329,-0.084904,

channel --> 9
+0.047960,+0.003883,
-0.001819,+0.004009,

channel --> 10
-0.140644,+0.055245,
-0.069593,+0.048503,

channel --> 11
+0.277405,-0.034020,
+0.037224,+0.336269,

channel --> 12
-0.022626,-0.021414,
+0.231020,-0.061101,

channel --> 13
-0.430545,+0.028452,
+0.166324,-0.075252,

channel --> 14
-0.014325,+0.324793,
-0.122132,+0.003859,

channel --> 15
-0.183908,+0.177371,
-0.007967,-0.021593,

channel --> 16
-0.088247,-0.093245,
-0.055728,-0.019968,

channel --> 17
+0.016795,-0.025542,
+0.020217,+0.042153,

channel --> 18
+0.052941,-0.102751,
+0.085178,-0.016866,

channel --> 19
+0.144861,+0.007801,
+0.111260,+0.055848,

channel --> 20
-0.052759,-0.018919,
-0.067540,+0.010769,

channel --> 21
+0.031162,-0.060716,
-0.007336,-0.048941,

channel --> 22
+0.162868,+0.005813,
-0.007376,+0.127343,

channel --> 23
+0.265301,+0.279163,
+0.093217,-0.029508,

channel --> 24
-0.001139,+0.032386,
+0.040749,+0.018002,

channel --> 25
+0.115468,+0.009197,
-0.150258,+0.069315,

channel --> 26
-0.028451,-0.004636,
+0.143524,-0.018042,

channel --> 27
+0.101878,-0.001265,
+0.143729,+0.089923,

channel --> 28
+0.301914,+0.025182,
-0.060174,+0.014765,

channel --> 29
-0.062468,+0.040596,
-0.066846,-0.067376,

channel --> 30
-0.031765,+0.208529,
-0.010764,-0.005731,

channel --> 31
+0.047109,+0.007341,
+0.014227,+0.049316,

channel --> 32
-0.009958,+0.063676,
+0.048541,+0.045009,

channel --> 33
-0.078503,-0.087192,
+0.121659,-0.146047,

channel --> 34
+0.011264,-0.093528,
-0.043174,-0.083490,

channel --> 35
-0.013548,+0.103020,
+0.071315,-0.175513,

channel --> 36
+0.040572,+0.017627,
-0.095367,-0.176127,

channel --> 37
-0.068785,-0.022102,
+0.062612,-0.062564,

channel --> 38
-0.144425,+0.107736,
-0.103731,+0.000345,

channel --> 39
-0.243713,+0.082317,
+0.001571,+0.084572,

channel --> 40
-0.004018,-0.077343,
+0.175873,-0.048434,

channel --> 41
-0.142928,-0.082989,
-0.105765,-0.146306,

channel --> 42
-0.047139,-0.352076,
-0.085057,-0.118312,

channel --> 43
-0.052179,+0.178674,
+0.035637,-0.136816,

channel --> 44
-0.211652,+0.291645,
-0.027119,-0.029261,

channel --> 45
-0.059993,-0.135259,
-0.061895,+0.051289,

channel --> 46
-0.093874,+0.098568,
+0.069517,+0.083367,

channel --> 47
-0.073114,-0.077315,
-0.024694,-0.101601,

channel --> 48
+0.024273,-0.005043,
+0.002305,-0.010376,

channel --> 49
-0.045846,-0.014815,
+0.011004,-0.021815,

channel --> 50
-0.102393,-0.029126,
-0.085460,-0.129968,

channel --> 51
+0.071151,+0.195055,
-0.204965,-0.119274,

channel --> 52
-0.162275,+0.175612,
-0.020802,+0.099300,

channel --> 53
-0.298045,-0.069981,
+0.283639,+0.049162,

channel --> 54
+0.009375,+0.178404,
-0.136198,+0.058291,

channel --> 55
+0.059132,-0.121172,
-0.031205,+0.070771,

channel --> 56
-0.003872,+0.118361,
-0.053614,+0.059262,

channel --> 57
-0.116892,+0.080638,
-0.009139,+0.015719,

channel --> 58
-0.014705,-0.340656,
-0.187181,-0.291371,

channel --> 59
+0.104556,-0.132969,
-0.078159,+0.021695,

channel --> 60
-0.198398,-0.000862,
-0.015457,+0.002388,

channel --> 61
-0.299099,-0.102910,
-0.099781,-0.187704,

channel --> 62
-0.073486,-0.411254,
+0.019527,-0.252312,

channel --> 63
-0.204895,-0.149008,
+0.141058,+0.117500,

channel --> 64
+0.255585,+0.157208,
-0.211833,+0.036941,

channel --> 65
-0.085971,-0.061128,
+0.076050,+0.060612,

channel --> 66
-0.096524,+0.158300,
-0.198053,-0.052426,

channel --> 67
-0.133194,+0.089716,
-0.094227,+0.050134,

channel --> 68
+0.195651,+0.162156,
-0.088869,+0.305838,

channel --> 69
+0.078096,-0.089903,
-0.010205,+0.003991,

channel --> 70
-0.055528,+0.039145,
+0.019253,-0.013860,

channel --> 71
+0.012301,+0.034062,
-0.007255,+0.014314,

channel --> 72
+0.274706,+0.012359,
+0.099502,+0.083618,

channel --> 73
-0.183824,+0.156816,
+0.053302,+0.141987,

channel --> 74
-0.209181,-0.041857,
+0.024310,+0.016438,

channel --> 75
+0.062754,-0.001257,
+0.006864,+0.062237,

channel --> 76
+0.503484,-0.006942,
+0.320705,-0.044118,

channel --> 77
+0.042490,+0.022758,
-0.044648,+0.041697,

channel --> 78
-0.338413,-0.007949,
+0.193189,+0.000845,

channel --> 79
-0.145641,+0.044072,
+0.053706,-0.025275,

channel --> 80
+0.385389,-0.031851,
+0.182662,+0.143461,

channel --> 81
-0.155179,-0.218807,
+0.023456,+0.222070,

channel --> 82
-0.047241,-0.049839,
-0.020077,-0.112492,

channel --> 83
-0.100939,+0.255803,
+0.139266,+0.189015,

channel --> 84
+0.056925,-0.087170,
-0.013649,-0.013331,

channel --> 85
-0.005789,-0.011586,
+0.016939,-0.010301,

channel --> 86
+0.096501,+0.099036,
+0.173689,-0.024760,

channel --> 87
-0.045058,-0.088326,
-0.086502,-0.016821,

channel --> 88
-0.210814,-0.097696,
-0.051001,+0.029772,

channel --> 89
-0.194300,-0.018655,
-0.312950,-0.047081,

channel --> 90
+0.009762,-0.140621,
+0.046746,-0.076796,

channel --> 91
+0.014471,+0.022004,
-0.032405,-0.015854,

channel --> 92
-0.270851,+0.078936,
-0.041038,-0.091494,

channel --> 93
-0.024598,+0.017471,
+0.074535,+0.021416,

channel --> 94
+0.187957,-0.137713,
+0.052034,+0.052659,

channel --> 95
-0.157598,+0.111967,
-0.001428,-0.041528,

