channel --> 0
+0.284624,+0.117393,+0.623829,+0.831038,+0.347035,-0.267132,-0.490228,+0.550782,
+0.017150,+0.195594,-0.267118,+0.077686,-0.387575,-0.197639,-0.146280,+0.880111,
+0.133730,+0.917879,-0.172836,+0.250609,+0.513331,-0.902912,-0.209549,+0.491938,
+0.121823,-0.149226,+0.398747,-0.054251,+0.279554,-0.111992,+0.105646,+0.459123,
+0.356513,-0.500660,+0.340665,-0.056147,-0.536625,+0.502069,+0.616646,+0.169758,
+0.585220,-0.071962,-0.739978,-0.799136,-0.341843,+0.193757,-0.117056,+0.285338,
+0.693903,-0.170641,-0.723085,-0.310809,-0.044364,-0.630458,-0.501226,-0.114933,
+0.414880,-0.174025,-0.417862,+0.010768,-0.012837,-0.249469,+0.279855,+0.151334,

channel --> 1
+0.579030,+0.696494,+0.276383,+0.550917,+0.440390,-0.455806,-0.099456,+0.244145,
-0.283014,-0.597249,-0.298474,-0.410935,-0.792257,+0.083156,+0.488886,+0.409420,
+0.068672,-0.226844,+0.656528,+0.328860,-1.110483,+0.698895,+0.671815,+0.427748,
+0.131257,-0.493326,-0.167694,+0.037964,-0.313042,+0.793317,+1.541227,+0.526755,
-0.015886,-0.036508,+0.829386,-0.208277,-0.013990,+0.019829,+1.155356,+0.307378,
-0.087621,-0.380941,-0.221462,-0.582577,-0.622988,-0.341853,-0.278234,+0.330335,
+0.354978,-0.157682,-0.278111,+0.856224,-0.468028,+0.086843,+0.392195,+0.914172,
+0.393261,+0.483208,+0.707721,+1.384836,+1.295902,+1.582778,+1.246237,+0.976709,

channel --> 2
-0.396963,-0.577050,-0.037307,+0.251232,+0.282636,+0.880373,+0.879405,-0.501799,
+0.425549,+0.103935,+0.366043,+0.695583,-0.152878,+0.854733,+0.644662,-0.047095,
-0.202034,-0.172092,-0.629343,-0.643535,-0.215691,+0.498350,+0.793373,+0.038983,
+0.029247,+0.556349,-1.259433,-0.352754,+0.296720,-0.078828,+0.456103,+0.426467,
+0.251351,+0.176893,-0.171486,-0.246685,-0.137618,-0.715118,-0.729159,+0.277748,
-0.137176,-0.102123,-0.232979,+0.050391,-0.995234,+0.019467,+0.215808,+0.437727,
-0.301798,+0.585194,+0.234753,-0.309159,+0.283010,+0.371278,+0.021890,+0.204932,
-0.016801,+0.405125,+0.335000,-0.290321,+0.617191,+0.424032,-0.312744,-0.058638,

channel --> 3
-0.687451,-0.327224,+0.265841,+0.145369,-0.388223,-0.452346,-0.592090,-0.317987,
+0.492163,+0.140883,+0.849067,+0.175511,-0.046507,+0.118107,+0.213337,-0.781068,
+0.185119,-0.406910,-0.099336,-0.117795,-0.150634,-0.355695,-0.039597,-1.031165,
+0.039675,-0.552204,-0.100942,-0.135027,-0.319436,+0.441072,+0.161054,-1.041741,
-0.163102,-0.417512,-0.475692,-0.087904,-0.395661,-0.006563,-0.012731,-1.099937,
+0.124400,-0.169753,-0.618855,-0.007718,+0.139360,-0.230085,-0.545045,-0.381825,
+0.065836,+0.318703,-0.939140,+0.314025,+0.299401,-0.532328,-0.056098,+0.358131,
-0.198831,+0.475325,-0.290281,-0.397246,+0.605593,+0.333145,+0.434041,+0.411786,

channel --> 4
+0.252534,+0.494465,-0.005646,-0.059985,+0.210849,+0.455479,+0.047617,-0.103816,
+0.191839,-0.540336,+0.157694,+0.006629,-0.893288,+0.267965,-0.016250,-0.226025,
-0.333323,+0.132528,+0.525913,+0.382728,+0.164410,+0.420834,-0.123005,-0.184283,
-0.117922,+0.366603,-0.161756,-0.063768,-0.235460,+0.009644,-0.094262,-0.308188,
+0.010720,+0.177276,+0.433766,-0.030618,-0.392056,+0.415910,+0.397433,-0.107693,
-0.024361,+0.063859,+0.434099,-0.992067,-0.633362,+0.438269,+0.002601,-0.288605,
+0.065193,-0.303992,+0.221477,-0.356993,-0.203044,+0.323409,-0.084896,-0.328115,
+0.220259,+0.003314,+0.143174,-0.242438,+0.224356,+0.306199,-0.025055,+0.121285,

channel --> 5
-0.307933,-0.711978,+0.247764,+0.449150,+0.076986,-0.140375,-0.185883,-0.505034,
+0.242847,-0.740589,+0.553291,-0.147922,+0.518194,+0.714690,-0.188365,-0.442087,
+0.423538,+0.303565,-0.368774,+0.599243,+0.459972,+0.387111,+0.183420,-0.369755,
+0.410785,+0.103135,+0.483503,+0.338038,+1.202990,+0.167627,+0.409474,-0.213142,
+0.304423,-0.056451,+0.411384,+0.150070,+0.324076,+0.592600,+1.052197,+0.407986,
+0.215836,-0.301646,-0.078298,-0.370974,-0.388112,-0.536135,+0.292037,-0.113096,
-0.104177,+0.381914,-0.440616,+0.088201,+0.375915,-0.503572,-0.255704,-0.689354,
-0.565824,+0.636924,-0.695296,-0.654275,-0.582208,-1.429596,-1.195078,-0.725323,

channel --> 6
-0.126888,-0.766210,-0.799527,-0.548859,-0.466679,-0.062602,+0.293711,-0.811637,
-0.423953,-0.865391,-0.356902,+0.138182,+0.163865,+0.597686,+0.457135,-0.486430,
-0.004272,-0.431898,-0.449271,-0.130856,-0.586367,+0.591178,+0.313211,-0.589826,
-0.002072,+0.411571,-0.011632,-0.044482,+0.339418,+0.977898,+0.661849,-0.345825,
-0.175560,+0.171644,-0.659469,-0.330664,+0.428276,+0.655407,+0.158536,-0.111979,
-0.479437,+0.187783,+0.269709,+0.337498,-0.201596,+0.086973,+0.293961,+0.095565,
-0.508114,+0.198233,+0.619539,+0.681586,+0.131996,+0.624807,+0.403856,+0.150870,
-0.524375,-0.050795,-0.149307,-0.148996,-0.752797,-0.804266,-1.425499,-0.955171,

channel --> 7
-0.142394,-0.450693,-0.332543,-0.217432,-0.042252,-0.092266,+0.669703,-0.512208,
+0.378675,+0.239517,-0.780145,-1.041213,+1.892874,+0.194028,+0.635515,+0.611809,
+0.686107,-0.259808,-0.856727,-0.268598,+0.688074,+0.241902,+0.521595,+0.751182,
+0.624397,+0.227419,-0.257779,-0.377277,+0.009640,+0.205244,+0.407176,+1.359590,
+0.659826,+0.198152,-0.569329,-0.327546,+1.027231,+0.201971,+0.141827,+0.933913,
+0.473317,+0.335169,-0.070234,-0.277600,+0.935764,+0.442878,+0.362048,+0.939834,
+0.775780,+0.661395,+0.751796,+0.065373,+0.785325,+0.214773,+0.040557,+0.728831,
+1.170088,+0.104456,+0.306651,-0.513575,+0.405785,-0.167342,-0.396142,-0.069122,

channel --> 8
+0.477845,-0.297387,-0.091640,-0.556103,-0.147891,-0.041778,-0.107752,+0.104281,
+0.025214,-0.300158,+0.168957,+0.189832,-0.549396,-0.171304,-0.164221,-0.325908,
-0.388756,-0.290781,-0.017066,+0.778168,+0.208520,-0.391530,+0.277669,-0.067070,
+0.321399,-0.243874,+0.346091,+0.508554,+0.427838,-0.257820,+0.125746,-0.236534,
+0.228957,-0.087429,+0.382943,+0.091292,+0.504988,-0.107866,-0.312135,-0.206346,
-0.666460,+0.046734,+0.084545,-0.459249,-0.119305,-0.442078,+0.109670,+0.044574,
-0.594920,+0.115475,+0.490665,+0.050034,+0.210179,+0.229764,-0.012024,-0.012358,
-0.184531,+0.269428,-0.195795,-0.049003,-0.175897,-0.006246,-0.992386,-0.357363,

channel --> 9
+0.771974,+0.648528,+0.201183,+0.198806,+0.342281,+0.794367,+0.185661,+0.178322,
+0.772457,-0.021776,+0.429819,-0.006481,-0.557935,+0.822651,-0.023197,-0.042858,
+0.515728,+0.146228,+0.309880,+0.319480,-0.175961,+0.326637,+0.155290,+0.099982,
+0.542029,+0.049815,-0.082764,+0.002931,+0.059422,+0.729459,+0.124951,+0.155988,
+0.481225,+0.462442,-0.188216,+0.018781,-0.438238,+1.546578,+0.750476,-0.119911,
+0.662623,+0.564003,-0.437092,-0.232586,-0.062834,+1.067656,+0.009135,+0.303945,
+0.198621,+0.070060,-0.229155,+0.039317,+0.380423,+0.916355,+0.642959,+0.444546,
+0.181232,+0.483249,+0.480397,-0.533574,+0.642230,+0.696880,+0.396254,+0.302952,

channel --> 10
+0.130186,+0.415670,+0.266776,-0.042098,+0.043218,-0.454062,-0.401040,-0.265032,
+0.177408,-0.201197,+0.864168,-0.041250,-0.475276,-1.250262,-0.737057,-0.961882,
-0.449668,+0.471037,+0.985644,+0.866138,-0.247827,-0.694508,-0.508038,-0.475178,
-0.760240,-0.595941,+0.279701,+0.079569,-0.308054,-0.646511,-0.488800,-0.424259,
-0.536444,-0.246578,+0.372617,+0.594088,-0.507657,-0.368379,-0.236072,-0.724074,
-0.573846,-0.215175,+0.103277,-0.231096,+0.411363,+0.269515,-0.559441,+0.052409,
-0.447458,-0.530619,-0.777716,-0.557139,+0.066725,-0.074195,-0.194638,+0.167629,
-0.626595,-0.445196,-0.336126,-0.369316,-0.330708,-0.338192,-0.299579,-0.151223,

channel --> 11
+0.325075,-0.237014,-0.441521,+0.076086,-0.152590,+0.700623,+0.666345,+0.158817,
+0.380426,+0.527548,-0.144937,+0.090507,-0.169288,-0.035519,+0.507623,+0.572511,
-0.330575,+0.774023,-0.559354,-0.920058,-0.214599,-0.018306,+0.235123,+0.437051,
-0.552511,+0.474431,-0.333977,-0.120450,-0.518950,+0.002696,+0.135409,+0.767668,
-0.649825,-0.346173,-0.384276,-0.199983,-0.529077,+0.064113,+0.187434,+0.636353,
-0.637435,+0.117454,+0.187317,-0.033085,+0.198117,+0.110311,+0.302997,+0.648245,
-0.419822,-0.279606,+0.367798,+0.173633,-0.582586,-0.066652,+0.318622,+0.869610,
-0.558369,-0.605348,+0.134525,+0.129630,-0.786780,-0.387610,-0.377758,-0.479270,

channel --> 12
-0.008539,-0.003276,+0.011874,-0.051552,-0.246540,+0.382685,-0.117864,-0.500841,
-0.573579,-0.163971,-0.253097,-0.085445,+0.007846,+0.296272,-0.091349,-0.037360,
-0.248411,-0.234035,-0.375421,-0.358693,-0.305545,+0.506296,-0.249663,-0.018849,
-0.412507,+0.193981,-0.402871,-0.118781,+0.010768,+0.710860,+0.780667,-0.141396,
-0.349582,-0.776337,-0.960370,+0.291486,-0.247920,+0.292926,+0.741366,-0.353343,
-0.121056,-0.357630,-0.884321,-0.050083,+0.187706,+0.079514,-0.573405,-0.285404,
-0.016000,-0.028176,-0.675872,-0.416325,-0.997705,-1.157710,-0.905109,-0.717113,
-0.140370,-0.288486,-0.442308,-0.207925,-0.173191,-0.459661,-0.344724,-0.058414,

channel --> 13
-0.531371,-0.029729,-0.307477,-0.595737,-0.222373,+0.039118,-0.339255,+0.398901,
+0.164941,+0.257900,-0.014001,-0.285510,-0.317470,+0.579379,+0.241241,+0.634081,
+0.104050,-0.008144,-0.785284,-0.408837,-0.645143,+0.394331,+0.112547,+0.111516,
-0.261593,-0.397902,-0.374454,-0.627290,-0.045993,+0.437077,+0.330247,+0.198055,
+0.020682,-0.284021,-0.516596,-0.735170,-0.125937,+0.360563,-0.245047,+0.053482,
+0.287686,-0.150267,-0.326808,-0.434308,-0.418157,+0.346364,-0.019783,-0.103421,
-0.133190,+0.171019,-0.070828,-0.049741,+0.088574,+0.336341,+0.373852,+0.483043,
-0.191997,-0.039045,-0.249476,-1.112089,-0.680152,-0.300696,-0.294821,-0.092386,

channel --> 14
-0.333082,-0.313890,-0.911479,-0.813374,+0.385501,-0.044867,+0.699375,+0.082263,
+0.826340,+0.146206,-0.588555,+0.286491,+1.042873,+0.785497,+1.309172,-0.105209,
+0.458137,-0.224498,-0.407147,-0.005269,+0.027554,+0.529959,+0.902795,+0.052126,
+0.587141,+0.256367,-0.363286,-0.624167,+0.031927,+0.147557,+0.313899,+0.050579,
-0.021341,+0.760574,+0.161667,-0.114691,+0.672312,+0.056236,-0.001485,+0.186638,
+0.171301,+0.191302,-0.104105,-0.893403,+0.218533,-0.158359,+0.224673,+0.190387,
-0.323346,+0.749913,+0.802778,+0.200978,+0.139322,+0.608322,+0.268646,+0.336888,
-0.335154,+0.092874,+0.391031,-0.624459,-0.361772,-0.241853,-0.951254,-0.544712,

channel --> 15
+0.205803,-0.000195,+0.062810,-0.094073,-0.274950,+0.080794,-0.096538,+0.231269,
+0.345444,+0.055472,-0.224815,-0.360526,-0.474303,+0.398222,+0.090595,-0.594344,
+0.369945,+0.338448,+0.284335,+0.428752,-0.305817,+0.199342,-0.038316,-0.557582,
-0.037123,-0.516916,+0.449071,-0.275307,-0.728221,+0.229036,-0.135001,-0.433720,
+0.102674,-0.030400,+0.262604,+0.030081,-0.289360,+0.093885,+0.109142,-0.356241,
-0.210471,+0.157320,+0.081130,-0.060816,+0.153812,+0.304772,-0.131205,-0.146998,
-0.275384,+0.148080,+0.166517,-0.308290,-0.095570,+0.140882,+0.211863,-0.253725,
-0.223323,+0.016740,+0.025732,+0.116508,+0.144596,+0.271620,+0.461659,+0.367325,

channel --> 16
-0.361535,-0.053102,-0.008043,-0.126522,-0.075534,+0.133913,-0.428384,-0.247151,
+0.007787,+0.204739,+0.194830,+0.159324,+0.745465,+0.015321,-0.122539,-0.347564,
+0.099149,-0.597630,-0.296613,-0.267082,-0.338950,+0.037819,+0.065448,-0.530281,
+0.085637,-0.093706,-0.054704,-0.093769,-0.068910,-0.263598,+0.155645,-0.941307,
+0.005422,-0.439786,-0.824724,-0.448793,-0.745080,-0.108776,-0.012174,-0.925541,
-0.132551,-0.269386,-0.665318,-0.293433,-0.309066,-0.052661,-0.499884,-0.335173,
-0.177734,+0.831561,+0.127272,-0.541765,+0.194008,+0.098016,+0.187783,+0.214741,
-0.272499,-0.046104,+0.074608,-1.247295,-0.073828,-0.314758,-0.278632,+0.247112,

channel --> 17
+0.504503,-0.419679,-0.133299,+0.316290,+0.309566,+0.900295,-0.024563,-0.857494,
+0.416127,-0.415360,+0.771415,+0.067434,-1.087062,-0.068066,+0.170709,-0.677338,
-0.606175,+0.631285,+0.290060,-0.102501,+0.014799,-0.140765,+0.655678,-0.271182,
-0.498470,-0.201904,-0.505523,-0.176024,-0.187663,-0.003654,+0.678974,+0.079465,
-0.545844,-0.316364,-0.283444,-0.151298,-0.558999,-0.617664,+0.060259,+0.073219,
-0.644952,+0.254448,+0.137254,-0.300094,-0.178349,-0.500790,-0.327919,+0.250839,
-0.990183,-0.162210,-0.326579,-0.225278,-0.786366,-0.407521,+0.019559,+0.052864,
-0.546099,+0.040301,+0.914016,+0.859073,+0.590114,+0.654186,+0.228708,-0.041033,

channel --> 18
+0.397446,-0.646027,-0.037137,+0.403140,+0.058297,+0.103560,-0.343621,-0.665097,
-0.148118,-0.044319,+0.913301,+0.518371,+0.471934,+0.732324,-0.171666,-0.037530,
+0.178239,+0.069595,+1.092524,+1.443309,+0.293932,+0.318030,+0.415268,+0.297969,
+0.331857,+0.450577,+0.077872,+0.618586,+0.349479,-0.250560,+0.179322,+0.181562,
-0.180889,+0.559916,+0.815260,+0.367022,+1.118762,+0.149698,-0.320453,-0.176765,
+0.236168,+0.246198,+0.585907,+0.318986,+0.144816,-0.513762,+0.308155,-0.252762,
+0.084697,+0.703495,+0.138231,+1.157819,+0.447067,+0.437344,-0.352010,-0.160550,
+0.113578,+0.011231,-0.550764,+0.162725,+0.075012,+0.011001,+0.298055,+0.236222,

channel --> 19
+0.058290,-0.041718,+0.253738,+0.367060,-0.281467,-0.541055,-0.411053,+0.167887,
-0.176118,-0.156933,-0.524065,-0.284732,+0.044355,-0.476083,+0.172225,-0.178907,
+0.145655,+0.236856,+0.001845,+0.406207,+0.534366,-0.634607,+0.373736,-0.479867,
+0.203652,-0.414353,-0.016974,-0.002760,-0.308729,+0.030385,+0.271538,-0.718273,
+0.084702,-0.303964,-0.175873,-0.197298,+0.276670,+0.151531,-0.076613,-0.490032,
+0.274994,+0.338305,-0.075498,-0.163147,+0.409483,-0.169265,-0.022239,-0.000432,
+0.004683,-0.219526,-0.185122,+0.278144,-0.864911,-0.846913,-0.281886,-0.131530,
+0.035759,-0.079488,+0.046503,+0.131377,-0.191171,+0.064278,-0.106094,+0.145370,

channel --> 20
+0.132871,+0.300257,+0.141182,+0.252998,-0.024046,-0.963304,-0.489301,-0.159967,
-0.548249,-0.380871,+1.103096,+0.137832,-0.009773,+0.186257,-0.458054,-0.328780,
+0.083447,+0.194221,+0.891588,+0.004099,-1.379007,-0.204502,-0.215226,-0.389235,
+0.061738,-0.008712,+0.079583,+1.035019,-0.713464,-0.404122,+0.006291,-0.596838,
-0.154116,+0.217011,+0.120043,-0.071015,-0.814791,-0.264124,-0.421062,-0.441574,
-0.312188,+0.441211,+0.808309,+0.397245,-0.842164,+0.238417,-0.318322,-0.157954,
+0.163813,-0.021154,-0.479315,+0.829865,-1.290712,+0.362718,-0.153325,+0.407786,
+0.152011,-0.465754,-0.536036,+0.251232,-1.272891,-0.513512,-0.423052,+0.210403,

channel --> 21
+0.255347,-0.086136,-0.099323,-0.361387,+0.426408,+0.012854,-0.206506,-0.099670,
+0.065737,+0.405892,+0.712173,-0.207439,+0.258341,-0.447918,-0.233886,+0.473356,
-0.342744,+0.026383,-0.046888,+0.057291,+0.196947,-0.548066,+0.240572,+0.792951,
-0.303262,-0.245920,-0.229070,-0.130448,+0.350518,-0.397951,+0.472189,+1.087769,
-0.402736,-0.215139,-0.082430,-0.303880,+0.162655,-0.525101,-0.014849,+0.670768,
-0.094024,-0.022468,+0.655327,-0.498135,+0.133786,-0.558945,-0.421000,+0.305250,
-0.012343,-0.346595,-0.214794,+0.133084,-0.288147,-0.565047,-0.223354,+0.149362,
+0.185465,+0.051757,+0.110607,+0.191009,+0.085760,-0.383465,-0.281687,-0.339328,

channel --> 22
-0.592879,-0.013964,-0.575610,-0.991260,-0.429729,-0.708107,-0.547399,-0.063484,
+0.134368,+0.124354,-1.193702,-0.901467,-0.176235,-0.003703,-0.057761,+0.164334,
-0.281679,-0.361596,-0.321749,+0.292387,-0.762902,-0.031045,-0.025701,+0.014798,
-0.559969,+0.340225,-0.362277,-0.399067,-0.407962,-0.219407,-0.291998,-0.167493,
-0.296081,-0.197985,-0.651471,-0.657770,+0.110726,-0.496056,-0.114279,+0.003206,
-0.021331,-0.188350,-0.281664,+0.098394,-0.276005,-0.337149,+0.146681,+0.139427,
-0.520414,-0.060571,+0.347339,+0.080924,-0.088086,+0.077399,+0.323154,-0.034797,
-0.036864,-0.068824,+0.072149,-0.589301,+0.092420,+0.238039,+0.023662,+0.053315,

channel --> 23
-0.478319,-0.725615,-0.260287,-0.318160,-0.488473,+0.281764,-0.482104,-0.375871,
+0.085352,+0.473732,+1.046788,+0.805672,-0.001389,+0.300816,-0.852856,-0.048539,
-0.517209,+0.179689,-0.021712,-0.078425,+0.239094,+0.008171,-0.805074,-0.067116,
-0.421501,-0.295237,+0.616283,+0.171059,+0.463812,+0.003641,-0.152092,+0.156406,
-0.110004,-0.503666,-0.230412,-0.394351,-0.115434,-0.022317,-0.130144,-0.300477,
-0.087256,-0.226855,+0.740884,-0.396913,-0.182335,+0.020307,-0.179494,-0.573649,
-0.122190,+0.224481,-0.006792,+0.043880,+0.567664,-0.002946,-0.227473,-0.605293,
-0.068933,+0.209455,-0.895437,+0.193126,+0.480281,+0.114338,+0.155422,-0.202914,

channel --> 24
+0.546053,+0.160567,+0.249836,-0.080535,-0.340747,+0.150520,+0.001015,+0.509847,
+0.240048,+0.056631,-0.241476,+0.159025,-0.317300,+0.542448,+0.328840,+0.170755,
+0.202337,+0.228652,+0.381439,+0.278758,-0.075836,+0.959673,+0.298866,+0.013928,
-0.241128,+0.027038,+0.097367,-0.284269,-0.392727,+1.283258,-0.095129,+0.083185,
+0.014114,+0.246567,+0.373330,-0.489937,-0.277574,+0.357361,-0.500782,+0.172642,
-0.250524,-0.398511,+0.443589,+0.598352,+0.057023,-0.098941,-0.880067,-0.096668,
-0.536668,-0.217426,+1.059281,+0.538304,-0.136551,-0.074868,-0.285043,+0.089639,
-0.127641,-0.116760,+0.606165,+0.550804,-0.530666,-0.564968,-0.130562,-0.126967,

channel --> 25
-0.012631,+0.152270,-0.517972,-0.769057,-0.043208,-0.032191,+0.081074,+0.391891,
+0.192514,+0.631843,+0.283696,+0.102644,+0.126227,+0.535951,+0.044495,+0.141709,
+0.131775,-0.410284,-0.057576,-0.580761,+0.263157,+0.140321,-0.328278,+0.369152,
+0.718625,+0.121587,+0.293369,-0.436251,+0.825708,+0.081662,-0.226628,-0.444433,
+0.328270,+0.019802,-0.621520,-0.411625,+1.141811,-0.766884,+0.239572,-0.455527,
+0.440496,-0.688461,+0.397526,+0.829732,+0.079641,-0.887844,-0.240673,-0.786925,
+0.632508,-1.053146,-0.135731,+0.997748,-0.279101,-0.264510,+0.175276,-0.481725,
+1.019812,-0.150472,-0.638172,+0.772769,-0.674072,-0.323453,+0.196256,-0.639279,

channel --> 26
-0.129495,-0.076602,+0.266597,-0.006585,-0.003635,+0.383139,-0.263768,+0.160297,
-0.503615,-1.023039,-0.584238,-0.360947,-0.900075,-0.524432,-0.612277,-0.828758,
+0.110439,-0.419582,+0.020698,+0.527357,+0.004423,-0.003397,-0.090384,-0.872801,
+0.039420,-0.048938,+0.176940,+0.878940,+0.261232,+0.246713,+0.161879,-0.793783,
+0.180865,-0.303510,-0.386773,+0.241611,-0.063400,+0.423885,+0.373876,-0.505565,
-0.012927,+0.234049,-0.219170,-0.308936,+0.138945,+0.215897,-0.692404,-0.168305,
+0.137833,+0.194571,+0.142568,-0.492617,+0.330760,+0.066249,+0.130439,+0.171794,
+0.350098,-0.073437,+0.741624,+0.410954,+1.013471,+0.930807,+0.967432,+1.162853,

channel --> 27
+0.633386,+0.072476,-0.071187,+0.764043,+0.087095,+0.806853,+0.793790,-0.256621,
+0.009617,-0.131128,+0.171507,+0.589294,+0.125101,-0.286771,+0.425577,+0.481223,
+0.708124,+0.560350,+0.129067,+0.227890,+0.811043,-0.309881,+0.442007,+0.347654,
+0.590683,+0.706599,+0.596215,+0.470203,+0.126158,+0.031032,+0.163160,+0.390090,
+0.662895,+0.379263,-0.037435,+0.011550,-0.298023,+0.457198,+0.122690,+0.594040,
+0.549406,+0.873098,+0.701861,-0.361953,-0.159642,+0.155032,+0.543441,+0.552239,
+0.391807,+0.172576,+0.666027,+0.415993,+0.535006,+0.748736,+0.436885,+0.468399,
+0.512676,-0.263959,+0.130498,-0.301643,-1.205278,-0.545862,-0.723964,+0.006650,

channel --> 28
-0.571549,+0.176741,+0.448907,+0.093994,-0.196982,-0.276443,+0.374386,+0.144675,
+0.166272,+1.141015,+0.162980,+0.212772,+0.496350,+0.649565,+0.482306,+0.412923,
+0.503716,-0.859164,-0.364519,-0.409921,+0.384342,+0.791564,+0.401988,+0.412081,
+0.667558,+0.063933,-0.574467,-0.430495,+0.170983,+0.290952,+0.313233,+0.075589,
+0.580666,+0.398582,+0.419604,+0.055803,+1.068747,+0.110538,+0.309814,+0.297146,
+0.612337,-0.153673,-0.735895,+1.207291,+0.373621,+0.262687,+0.293172,+0.184308,
+0.804983,+0.662758,-0.579204,+0.910481,+0.962875,+0.506471,+0.153744,+0.258582,
+0.895871,+0.341197,-0.273725,-0.436739,+0.420449,+0.063501,+0.327455,+0.099959,

channel --> 29
+0.073758,-0.217022,+0.351887,+0.483348,+0.268117,+0.804880,+0.089178,-0.028118,
+0.418913,-0.133269,+0.675729,+1.053609,+0.995751,+0.039479,+0.043884,-0.619664,
+0.122566,-0.202412,+0.265826,+0.231173,+0.532357,+0.142584,-0.021022,-0.688282,
-0.159897,-0.324071,+0.245895,+0.612942,-0.008619,-0.066425,+0.130791,-0.288018,
-0.336314,-0.932592,+0.011442,+0.165092,-0.529445,+0.190270,+0.491734,-0.353713,
-0.308512,-0.448418,+0.232759,+0.434493,-0.189289,+0.026012,+0.114333,-0.251464,
-0.415342,+0.016734,-0.531956,-0.404921,-0.240992,-0.356988,-0.215043,+0.173362,
-0.652587,-0.090789,+0.232027,-0.028918,+0.388572,+0.379160,+0.656825,+0.872956,

channel --> 30
+0.499110,+0.281327,+0.453438,+0.404436,-0.042349,-0.292104,+0.153981,+0.065900,
+0.789584,+1.136085,+0.802486,+0.717296,+0.781719,+0.389584,+0.449226,+0.806978,
-0.013281,+1.059065,+0.777161,+0.174991,+0.691340,+0.246997,+0.380032,+0.439537,
-0.481687,-0.299925,+0.384145,-0.185125,-0.018641,+0.435869,+0.352637,+0.919009,
+0.250455,+0.314649,-0.089991,-0.281407,+0.160112,+0.194017,+0.386093,+0.471455,
+0.039110,+0.093656,+0.007881,-0.703210,+0.731092,-0.058274,-0.135928,+0.560532,
+0.163069,-0.366295,+0.752133,+0.140803,+0.722755,-0.210360,+0.457636,+0.334400,
+0.212950,-0.037733,+0.281308,+0.647963,+0.246597,+0.140861,+0.597161,-0.286816,

channel --> 31
+0.059701,-0.440636,-0.735469,-0.488547,-0.015769,-0.061372,+0.123997,-0.027200,
+0.281006,-0.443939,+0.056064,-0.359726,-0.096178,-0.377399,+0.104448,-0.111191,
-0.116155,-0.445960,+0.112515,-0.413470,-0.438919,+0.457302,+0.510983,-0.194267,
+0.218732,-0.339400,-0.055286,+0.572590,+0.242710,+0.207313,+0.780890,-0.275625,
-0.030222,-0.011503,-0.348262,+0.029042,+0.120707,-0.201026,+0.155387,-0.159563,
-0.383959,-0.098016,+0.163927,+0.258447,+0.484436,-0.246734,+0.037491,-0.203679,
-0.452119,-0.396275,-0.194886,+0.321588,-0.040879,+0.100199,+0.430891,+0.414815,
-0.452779,-0.082541,+0.202161,+0.322371,-0.208026,-0.164807,-0.103996,+0.084841,

channel --> 32
-0.293348,-0.120454,+0.885616,+0.410204,-0.087411,-0.851756,-0.353997,+0.005313,
-0.757520,-0.157692,+0.180721,-0.078320,-0.180796,-0.559287,-0.247197,-0.173131,
+0.268954,-0.094449,+0.199628,+0.179104,-0.302935,+0.090851,-0.152990,-0.371207,
+0.205720,+0.006867,+0.751450,+0.610240,+0.211423,+0.433442,+0.368631,-0.216098,
+0.270829,-0.176434,+1.419368,-0.688703,+0.011099,-0.335978,-0.242018,-0.521930,
+0.211426,-0.267822,+0.084191,-0.251580,+0.127434,+0.754444,+0.493625,-0.505155,
+0.645065,+0.483878,-0.278727,+0.732345,-0.012093,+0.679765,+0.283869,+0.087394,
+0.266380,+0.177265,-0.502695,+0.090651,-0.139253,-0.098383,-0.384024,-0.065859,

channel --> 33
-0.562175,+0.134039,+0.505561,-0.151019,-0.295855,+0.198781,+0.064074,-0.066324,
+0.112630,+0.461656,+0.376311,+0.449711,+0.184247,+0.215040,+0.181157,-0.405914,
+0.019552,-0.242333,-0.728193,-0.731386,+0.514771,+0.040693,+0.113677,-0.135313,
+0.075838,+0.333186,-0.036943,-0.771920,-0.245824,+0.039458,+0.637112,+0.055782,
-0.216975,+0.188636,-0.504408,-0.600284,+0.078281,-0.520082,+0.552279,+0.212491,
-0.010517,-0.185512,-1.030923,+0.403853,+0.478984,-0.801996,-0.473828,-0.290009,
+0.136753,+0.199963,-0.690933,-0.153172,+0.274740,-0.010803,+0.485699,+0.083652,
-0.050035,-0.056232,-0.168030,-0.057734,-0.020530,+0.022563,+0.300570,+0.282193,

channel --> 34
-0.565838,+0.004090,+0.355265,-0.227139,-0.950963,-0.364775,+0.027924,+0.145402,
-0.692778,+0.240152,-0.550894,-0.974147,+0.817888,+0.338864,+0.056821,-0.147793,
-0.186187,-0.199923,-0.851267,+0.054943,-0.092888,-0.501126,-0.237851,-0.357190,
-0.643665,+0.505800,-0.233477,-0.912321,-0.423023,-0.420537,-0.630956,-0.203237,
-0.626298,+0.157968,-0.521222,-0.574002,+0.919924,+0.334751,-0.545578,-0.356596,
-0.269601,-0.307895,-0.419472,-0.065790,-0.026658,-0.168146,-0.202090,+0.432302,
-0.181272,-0.232419,-0.129089,+0.096330,-0.132801,-0.188513,-0.099636,+0.000054,
-0.003333,-0.270362,-0.353286,-0.126673,-0.528800,-0.374120,-0.106677,-0.334662,

channel --> 35
+0.176420,+0.143056,+0.215057,-0.205614,+0.480804,-0.226159,+0.279511,+0.219229,
+0.063038,-0.626846,+0.617743,+0.039811,-1.477615,+1.083766,+0.356519,-0.504635,
+0.143697,-0.273007,+0.922665,-0.502509,-0.937064,+1.227654,-0.149028,-0.781703,
+0.333068,-0.363354,-0.664413,-0.479317,+0.206771,+0.086204,+0.400137,-1.206106,
-0.004113,+0.164260,+0.418487,+0.216804,+0.462939,-0.392890,-0.071083,-0.910826,
-0.327215,-0.217688,-0.137979,-0.522018,+0.090811,+0.311550,-0.312250,-0.674854,
-0.048897,+0.519342,+0.293143,-0.123876,-0.136929,+0.828615,+0.282498,-0.241064,
+0.153626,+0.644570,-0.149564,+0.090374,+0.669762,+1.070334,+0.353605,+0.052598,

channel --> 36
-0.418932,+0.010242,+0.313131,+0.027236,-0.682888,+0.073562,+0.099143,-0.372917,
+0.127633,+0.129752,-0.322131,-0.483481,+0.209264,-0.251433,+0.146576,-0.370776,
+0.184761,-0.339206,-0.814781,-0.480493,+0.090860,+0.193563,+0.661920,-0.429001,
-0.229965,-0.040884,-0.269577,-0.377006,+0.103866,+0.217111,+0.941903,-0.008503,
-0.187171,-0.256439,-0.726873,-0.328462,+0.100206,+0.048330,+0.786499,+0.197222,
-0.326617,-0.201826,-0.763679,-0.049911,+0.025229,-0.485072,+0.464070,+0.409236,
-0.542555,-0.180087,-0.181891,-0.595281,+0.533370,-0.615197,+0.243602,+0.087437,
-0.683942,+0.305335,+0.208824,-0.153297,+0.784112,+0.152434,+0.584413,+0.191487,

channel --> 37
-0.132325,-0.513960,+0.070872,+0.023377,+0.208394,+0.335517,+0.357373,-0.881745,
+0.107192,-1.071381,-0.364269,+0.050868,-0.230195,+0.558678,+1.012193,-0.908054,
+0.166108,-0.347876,-0.451897,-0.136126,+0.549300,+0.746768,+1.088943,-0.861383,
+0.085690,-0.029026,-1.219057,-0.147519,+0.365177,+0.453835,+0.768786,-0.022926,
-0.097131,-0.108049,-1.147350,+0.132634,+0.042397,+0.360444,-0.076968,+0.290324,
+0.015239,+0.393893,-1.155925,+0.703283,+0.292568,+0.092096,-0.205970,+0.446507,
-0.317427,+0.316283,-0.323274,-0.007496,+0.681843,+0.007309,+0.260788,+0.702541,
-0.156802,+0.139404,+0.612067,-0.331063,+0.191910,-0.408456,-0.204695,-0.529285,

channel --> 38
+0.297394,+0.230232,-0.439426,-0.758056,-0.295755,+0.006541,+0.235941,+0.291741,
-0.246008,+0.206340,+0.639626,+0.363986,+0.703901,-0.902067,-0.096918,+0.306830,
+0.394364,-0.043923,+0.855990,+0.289228,-0.164343,-0.093404,+0.314703,+0.313311,
+0.100849,-0.246418,+0.033782,-0.475586,-0.040724,+0.001146,+0.179460,+0.583650,
+0.251376,-0.192694,-0.608674,-0.310827,+0.354438,+0.018029,-0.004414,+0.617077,
-0.147769,+0.115574,+0.183156,+0.489125,+0.069518,-0.556252,-0.499895,+0.424880,
-0.037742,-0.338510,-0.131108,+0.633127,-0.605072,-0.719843,-0.536007,+0.427261,
+0.249175,-0.285128,-0.351091,+0.131936,+0.185119,-0.108620,+0.631630,+0.880078,

channel --> 39
-0.215476,-0.065126,+0.167868,-0.432028,+0.092143,+0.067544,-0.216284,-0.228766,
-0.139904,-0.004384,+0.042832,+0.014240,+0.211634,-0.522014,+0.414945,+0.558596,
-0.253283,+0.310927,-0.735523,-0.626755,+0.088018,+0.111093,+0.582286,+0.336843,
+0.229776,+0.135801,-0.069177,-0.580640,+0.291228,+0.043968,+0.986494,+0.753879,
-0.247341,-1.166364,+0.019590,-0.894549,-0.077556,-0.325805,+0.622639,+0.549925,
-0.120943,-0.597441,+0.039276,-0.092799,-0.476895,-0.563466,-0.535237,-0.163983,
+0.231170,-0.297898,-0.284802,+0.309225,-0.400766,-0.368631,+0.070300,+0.506750,
-0.189958,-0.382551,+0.295054,+0.297649,-0.238052,-0.474752,-0.348491,-0.217711,

