channel --> 0
+0.377249,+0.144174,+0.550344,+0.604720,+0.188121,-0.281478,-0.312407,+0.537188,
+0.039276,+0.224303,-0.228834,-0.096719,-0.315720,-0.573327,-0.201823,+0.911662,
+0.067796,+0.758884,-0.060506,-0.053808,+0.244954,-0.946531,-0.117713,+0.554525,
+0.011610,-0.161807,+0.374650,-0.338413,-0.119139,-0.253751,-0.132829,+0.460324,
+0.217377,-0.401028,+0.342265,-0.141635,-0.549618,+0.450245,+0.362561,+0.335637,
+0.232099,-0.028280,-0.500829,-0.778559,-0.512220,-0.105137,-0.334186,+0.188917,
+0.441203,-0.322499,-0.402628,-0.534225,-0.070525,-0.482525,-0.440795,-0.095619,
+0.424598,-0.376880,-0.103398,-0.052727,-0.051354,-0.135196,+0.456572,+0.264491,

channel --> 1
+0.512759,+0.625533,+0.411293,+0.508706,+0.464673,-0.321670,-0.046629,+0.108629,
-0.237747,-0.493498,-0.438679,-0.493670,-0.709495,-0.160788,+0.344132,+0.256569,
-0.072251,-0.234466,+0.622271,+0.453518,-0.904286,+0.345895,+0.751979,+0.484843,
-0.123331,-0.614935,+0.100680,-0.033177,-0.542966,+0.385388,+0.699815,+0.384071,
-0.360807,-0.214106,+0.960820,-0.251835,-0.462629,-0.009424,+0.472536,+0.203416,
-0.223429,-0.341516,+0.118004,-0.390408,-0.646922,+0.007026,-0.445821,+0.296943,
+0.102481,-0.550866,-0.244734,+0.493953,-0.766235,-0.150980,+0.003598,+0.539789,
+0.241521,+0.102473,+0.821264,+1.446936,+1.059031,+1.378887,+1.309803,+0.989766,

channel --> 2
-0.152882,-0.382338,+0.127840,+0.244722,-0.068382,+0.511039,+0.547741,-0.335852,
+0.205547,+0.187533,+0.363366,+0.964420,-0.381652,+0.834165,+0.639676,+0.055018,
-0.178829,+0.127158,-0.395719,-0.698899,-0.063480,+0.749771,+0.621593,+0.180850,
-0.121712,+0.545662,-0.805752,-0.351539,+0.207372,+0.419231,+0.523000,+0.489524,
-0.256357,+0.236718,-0.010654,-0.015640,-0.385644,-0.302156,-0.320151,+0.337185,
-0.386153,-0.033657,-0.273157,-0.131480,-0.264269,+0.132453,+0.043120,+0.159130,
-0.164236,+0.421975,+0.608181,-0.416477,-0.061281,+0.382238,+0.136760,+0.210307,
-0.122109,+0.105096,+0.293471,-0.218166,+0.199150,+0.204422,-0.326971,-0.224151,

channel --> 3
-0.501923,-0.254115,+0.144894,+0.034482,-0.292708,-0.326236,-0.458505,-0.302403,
+0.618606,-0.012921,+1.048964,+0.216064,+0.073959,+0.207993,+0.320155,-0.710648,
+0.245042,-0.294926,+0.044751,+0.179544,-0.177050,-0.058651,+0.230773,-0.758688,
+0.209940,-0.512325,-0.375798,-0.011611,-0.100536,+0.234620,+0.397431,-0.890923,
-0.036507,-0.430218,-0.333141,-0.071399,-0.107556,+0.003944,+0.140156,-0.875964,
+0.032478,-0.285536,-0.477117,+0.263387,+0.162211,-0.266160,-0.487435,-0.292492,
+0.004775,+0.146360,-0.932074,+0.188342,+0.008097,-0.550444,-0.167409,+0.188895,
-0.161829,+0.435213,+0.009743,-0.217088,+0.645528,+0.474360,+0.480307,+0.444898,

channel --> 4
+0.211677,+0.415832,-0.049427,-0.061333,+0.172430,+0.357826,-0.045333,-0.059814,
+0.164516,-0.466034,+0.270495,+0.219409,-0.806296,+0.165958,-0.159295,-0.164953,
-0.455882,+0.045282,+0.416437,+0.333944,+0.238160,+0.312295,-0.086954,-0.176375,
-0.171615,+0.381258,-0.155610,+0.177477,-0.063946,+0.117176,-0.082790,-0.294563,
-0.047036,+0.215243,+0.404128,+0.194689,-0.261153,+0.483432,+0.322281,-0.194484,
-0.129417,+0.102189,+0.543016,-0.814466,-0.382014,+0.444811,+0.226270,-0.241219,
+0.065530,-0.269244,+0.278248,-0.325300,-0.008807,+0.432348,+0.035265,-0.212935,
+0.157496,+0.079932,+0.090383,-0.218006,+0.194997,+0.319930,-0.068718,+0.022315,

channel --> 5
-0.072726,-0.661308,+0.197346,+0.216809,+0.081020,+0.073826,-0.086429,-0.296951,
+0.462600,-0.667142,+0.271177,-0.201172,+0.382134,+0.441092,-0.113440,-0.145450,
+0.499124,+0.527340,-0.435184,+0.519589,+0.504884,-0.017977,+0.102005,-0.370949,
+0.498007,+0.170375,+0.505996,+0.372177,+0.734904,-0.546462,+0.072207,-0.268862,
+0.185773,-0.061570,+0.317298,+0.018944,+0.196465,+0.387800,+0.518303,+0.290847,
+0.110818,-0.000692,+0.423040,+0.188423,-0.235021,-0.219717,+0.497498,-0.106796,
-0.332069,+0.498588,-0.110633,+0.127594,+0.244870,-0.110601,-0.196177,-0.508202,
-0.653038,+0.265823,-0.441582,-0.811825,-0.754987,-1.013006,-1.289854,-0.718209,

channel --> 6
-0.208922,-0.642181,-0.780028,-0.639124,-0.490079,-0.123113,+0.486304,-0.600686,
-0.110116,-0.477926,-0.323388,+0.488997,+0.379201,+0.659293,+0.654908,-0.364533,
+0.006422,-0.239451,-0.263021,+0.013362,-0.517378,+0.523232,+0.585604,-0.373522,
-0.084968,+0.629688,+0.308689,+0.002773,+0.390232,+0.772007,+0.598273,-0.299853,
-0.154034,+0.287543,-0.548796,-0.219750,+0.478818,+0.531020,+0.176792,-0.066648,
-0.335985,+0.357718,+0.410901,+0.822043,+0.081805,+0.235531,+0.449161,+0.328264,
-0.590878,+0.297482,+0.796752,+0.854039,+0.065980,+0.591541,+0.465430,+0.265089,
-0.508777,-0.050989,+0.100002,-0.246147,-0.920869,-0.930200,-1.555204,-1.085868,

channel --> 7
-0.121789,-0.405151,-0.254095,-0.056121,-0.215535,-0.207002,+0.471071,-0.539582,
+0.466968,+0.399877,-0.695864,-0.911965,+1.791717,+0.048086,+0.460254,+0.588997,
+0.695805,-0.002230,-0.757783,-0.480277,+0.721754,+0.310185,+0.481493,+0.818089,
+0.639944,+0.103076,-0.083174,-0.421399,+0.204730,+0.144311,+0.519598,+1.398683,
+0.545025,+0.088551,-0.725068,-0.363304,+0.760671,+0.165878,+0.212326,+0.800225,
+0.734018,+0.463400,-0.238974,-0.566224,+0.947087,+0.183930,+0.045580,+0.646489,
+0.710619,+0.501842,+0.601909,+0.043274,+0.514040,+0.127763,+0.188945,+0.920278,
+1.000196,+0.141468,+0.281852,-0.121291,+0.427417,-0.126636,-0.140355,-0.064683,

channel --> 8
+0.258727,-0.262740,-0.151243,-0.223460,-0.050680,-0.043803,-0.142220,+0.048552,
-0.091784,-0.162091,-0.170043,-0.142848,-0.300141,-0.192422,-0.355418,-0.157066,
-0.271649,+0.097838,+0.036524,+0.079710,-0.038666,-0.001531,-0.155936,-0.083539,
+0.011573,-0.235158,+0.199503,+0.375097,+0.125980,+0.197418,-0.013495,-0.020235,
+0.074952,-0.197652,+0.221945,-0.073671,+0.078365,-0.015797,-0.245831,-0.107850,
-0.029660,-0.168892,+0.192831,-0.562288,+0.166871,+0.072002,+0.043797,-0.094904,
-0.255180,-0.200028,+0.313165,-0.086158,-0.102095,+0.089190,+0.269297,+0.023718,
-0.012786,+0.095744,+0.165116,+0.391122,+0.031213,+0.023074,-0.355323,-0.360595,

channel --> 9
+0.672661,+0.594910,+0.202592,+0.257353,+0.452775,+0.658154,+0.186062,+0.207520,
+0.695752,-0.094382,+0.136916,-0.035019,-0.310822,+0.368735,-0.132490,+0.010959,
+0.407932,-0.006117,+0.488959,+0.401463,-0.036731,+0.353484,+0.032609,+0.108358,
+0.368991,+0.093996,+0.136863,-0.007906,+0.429114,+0.793850,+0.278807,+0.147507,
+0.441174,+0.429025,-0.123604,+0.282617,+0.050478,+1.141734,+0.676320,-0.117650,
+0.385456,+0.289636,-0.274077,-0.227293,-0.157640,+0.896761,+0.268676,+0.200898,
+0.275472,-0.015375,-0.069357,+0.001592,+0.313808,+0.799160,+0.598455,+0.444008,
+0.272864,+0.472367,+0.453456,-0.251665,+0.784353,+0.817804,+0.472014,+0.342518,

channel --> 10
+0.324719,+0.470415,+0.249679,+0.088426,+0.243519,-0.128214,-0.399478,-0.134760,
+0.159301,-0.287666,+0.696397,-0.220390,-0.612495,-1.159469,-0.757427,-0.739994,
-0.355198,+0.525319,+0.592362,+0.574166,-0.172454,-0.538591,-0.697668,-0.426480,
-0.432753,-0.715835,-0.008297,+0.110835,-0.258329,-0.238894,-0.518811,-0.375603,
-0.223563,-0.219003,+0.300701,+0.597367,-0.142798,+0.044162,-0.174213,-0.733838,
-0.328587,-0.005173,+0.198245,-0.392009,+0.211073,+0.367692,-0.491996,-0.111967,
-0.294642,-0.396296,-0.740282,-0.700478,+0.071906,-0.080682,-0.130111,+0.208129,
-0.453834,-0.239420,-0.384906,-0.315478,-0.106268,-0.019329,-0.016682,+0.085383,

channel --> 11
+0.253683,-0.196504,-0.026440,-0.064968,-0.044135,+0.848739,+0.739934,+0.143423,
+0.522732,+0.523295,+0.211899,+0.152825,-0.057860,+0.403658,+0.547826,+0.539445,
-0.102702,+0.308729,-0.368588,-0.470363,-0.074120,+0.169654,+0.517051,+0.544718,
-0.345269,+0.458193,-0.075223,-0.125891,-0.097337,+0.047569,+0.538543,+0.950984,
-0.415537,-0.169255,-0.396667,-0.105946,-0.149002,+0.023066,+0.210269,+0.764972,
-0.458241,+0.162181,+0.167305,+0.181158,-0.062315,+0.057959,+0.301708,+0.710671,
-0.318998,-0.072868,+0.578006,+0.230276,-0.422933,-0.180979,+0.226708,+0.676202,
-0.426425,-0.301878,+0.277065,+0.103386,-0.337795,-0.369255,-0.366267,-0.402806,

channel --> 12
-0.009554,+0.090537,-0.034464,-0.267171,-0.237942,+0.283134,-0.106603,-0.549389,
-0.613191,-0.348046,-0.002546,-0.130544,+0.202191,-0.172897,-0.322241,-0.208137,
-0.507044,-0.242041,-0.008156,-0.500549,-0.184170,+0.233282,-0.211106,+0.083486,
-0.569483,+0.160568,-0.300844,-0.439895,-0.123676,-0.174684,+0.049214,-0.056024,
-0.585362,-0.690261,-0.688614,-0.070006,-0.711660,-0.373461,-0.009540,-0.234887,
-0.586175,-0.412384,-0.320101,+0.044198,-0.393165,-0.150303,-0.624375,-0.336480,
-0.264202,-0.169550,-0.139660,-0.668313,-1.180310,-0.699872,-0.567824,-0.492769,
-0.215233,-0.500504,-0.053049,-0.052266,-0.275862,-0.278646,-0.273413,-0.018199,

channel --> 13
-0.416178,-0.064684,-0.331103,-0.438467,-0.233200,-0.067561,-0.104198,+0.206282,
+0.085418,+0.260863,-0.021535,-0.361705,-0.460836,+0.177059,+0.188383,+0.294302,
+0.079179,+0.149503,-0.433981,-0.292674,-0.477542,+0.020520,+0.001419,+0.152627,
-0.090059,-0.163311,-0.099162,-0.381745,-0.131811,+0.154652,+0.196626,+0.253548,
-0.063510,-0.098819,-0.383205,-0.394227,-0.217704,+0.120146,-0.066029,+0.110074,
-0.143305,-0.039079,-0.182967,-0.270043,-0.300793,+0.189896,-0.011020,-0.042232,
-0.101005,-0.043226,-0.293413,+0.007090,-0.125601,+0.183871,+0.041052,+0.191163,
-0.284172,-0.124365,-0.546146,-0.663615,-0.415586,-0.315301,-0.335953,-0.092395,

channel --> 14
-0.432012,-0.326037,-0.690784,-0.629538,+0.192336,-0.058470,+0.768097,+0.092218,
+0.658182,+0.175606,+0.011581,+0.351619,+0.704442,+0.482321,+1.005362,-0.153636,
+0.277523,-0.084716,-0.350264,-0.187315,-0.274693,+0.411016,+0.787044,+0.073714,
+0.469529,+0.470394,-0.200276,-0.464261,+0.263665,+0.502082,+0.409028,+0.182561,
-0.121239,+0.613277,-0.369880,-0.342331,+0.745930,+0.125237,+0.160836,+0.298606,
-0.087771,+0.413190,+0.079525,-0.494306,+0.470738,+0.155174,+0.645092,+0.517034,
-0.386131,+0.531050,+0.391253,+0.283279,+0.317616,+0.643099,+0.378729,+0.345937,
-0.371984,-0.090428,+0.013456,-0.512986,-0.108582,-0.371081,-0.809003,-0.420260,

channel --> 15
+0.167163,-0.043467,-0.001458,-0.216701,-0.153806,+0.150262,-0.012756,+0.194309,
+0.192861,-0.231184,+0.009104,-0.233914,-0.284794,+0.171630,-0.225601,-0.620763,
+0.358191,+0.324693,-0.042223,+0.149602,-0.040676,-0.036272,-0.231954,-0.626948,
+0.045416,-0.497610,-0.006629,-0.195097,-0.178428,+0.133768,-0.226100,-0.554109,
+0.219451,-0.244270,-0.229944,+0.022759,+0.044980,+0.169319,-0.134077,-0.592697,
+0.112079,+0.078830,-0.021474,+0.087681,+0.136241,+0.257528,-0.050492,-0.067062,
-0.280396,-0.119295,-0.057428,-0.424643,-0.064709,-0.066885,+0.161025,-0.202921,
-0.217816,-0.002424,-0.003638,-0.140068,+0.006756,+0.212379,+0.173895,+0.214517,

channel --> 16
-0.150379,-0.013802,-0.033113,+0.053433,-0.077282,-0.077780,-0.335504,-0.264182,
-0.102328,-0.060408,-0.018669,+0.001274,+0.674473,-0.149061,-0.349563,-0.480764,
+0.202338,-0.528532,-0.050996,-0.123846,-0.126510,+0.252828,-0.098626,-0.615045,
+0.230899,-0.132053,+0.111516,+0.132244,+0.223922,+0.224106,+0.122004,-0.796882,
+0.249397,-0.258770,-0.732099,+0.118063,-0.101995,+0.176534,+0.262988,-0.641163,
+0.086662,-0.032586,-0.713310,-0.148685,+0.073823,+0.136396,-0.105227,-0.131308,
-0.076221,+0.567011,-0.031704,-0.502428,+0.072220,-0.095693,-0.116760,-0.103434,
-0.045289,+0.227533,+0.189404,-0.410310,+0.717159,+0.453989,+0.381162,+0.644340,

channel --> 17
+0.600303,-0.340435,+0.041648,+0.185711,+0.261822,+0.900112,-0.003124,-0.599233,
+0.412928,-0.272549,+0.740088,+0.069472,-1.208316,+0.014168,+0.178008,-0.483243,
-0.501391,+0.674884,+0.421090,-0.010381,+0.262861,-0.076882,+0.524041,-0.069317,
-0.409487,-0.205318,-0.279690,-0.143910,-0.156849,+0.181712,+0.641955,+0.244228,
-0.535209,-0.208968,-0.294424,+0.060420,-0.348161,-0.244739,+0.072203,+0.151847,
-0.536659,+0.260911,+0.091221,-0.221012,-0.011309,-0.387144,-0.217382,+0.251119,
-0.723455,-0.213600,-0.257305,-0.186185,-0.554942,-0.364560,+0.132953,+0.128293,
-0.355333,-0.000804,+0.807860,+0.958141,+0.719171,+0.674367,+0.267644,+0.029665,

channel --> 18
+0.374612,-0.653779,+0.126834,+0.338959,-0.076881,+0.163768,-0.027504,-0.629640,
-0.087973,+0.073485,+0.832932,+0.474444,+0.428083,+0.439820,-0.226075,+0.011095,
+0.341961,+0.455238,+0.957904,+0.829173,+0.745962,+0.212978,-0.004981,+0.166645,
+0.289521,+0.670112,+0.414711,+0.442295,+0.351532,-0.434536,-0.033965,+0.120983,
-0.010518,+0.392415,+1.043321,+0.145791,+0.957919,-0.299402,-0.272000,-0.190605,
+0.385988,+0.066809,+0.896239,+0.287458,+0.012754,-0.482681,+0.401773,-0.209349,
+0.390424,+0.493684,+0.287524,+1.101855,+0.238796,+0.367015,-0.465002,-0.350774,
+0.401403,-0.137011,-0.593760,+0.429910,+0.135613,+0.063313,+0.179994,+0.211370,

channel --> 19
+0.186654,-0.004087,+0.188893,+0.288881,-0.055899,-0.453374,-0.288270,+0.282743,
-0.110497,+0.015294,-0.270738,-0.426070,-0.180938,-0.527471,+0.194189,+0.215606,
+0.181825,+0.381090,+0.092709,+0.232479,-0.049972,-0.614210,+0.466396,-0.194596,
+0.143349,-0.349026,+0.045955,+0.181541,-0.442908,-0.210608,+0.481403,-0.376804,
+0.109222,-0.351858,+0.315647,+0.150697,+0.008060,-0.192007,+0.035660,-0.170236,
+0.160896,+0.055891,+0.219084,+0.108362,+0.045347,-0.239920,+0.227161,+0.140963,
+0.139328,-0.223982,-0.148452,+0.298052,-0.473095,-0.358886,+0.179169,+0.103885,
+0.046941,+0.007495,+0.247963,+0.476351,-0.019059,+0.232340,+0.152411,+0.291113,

channel --> 20
+0.190630,+0.225882,+0.030018,-0.019023,+0.007387,-0.788164,-0.352679,+0.029288,
-0.285912,-0.105861,+0.803530,+0.242937,-0.184580,-0.365151,-0.493089,-0.168451,
+0.203791,+0.234435,+0.811130,+0.087800,-1.123179,-0.284685,-0.189164,-0.291321,
+0.076747,+0.116144,+0.745081,+0.902590,-0.448655,-0.196718,+0.069998,-0.526368,
-0.088124,+0.095650,+0.503972,+0.139273,-0.626275,-0.403562,-0.393991,-0.531555,
-0.031094,+0.456136,+1.107105,+0.834282,-0.881845,-0.033716,-0.420094,-0.265654,
+0.266720,+0.204589,-0.298042,+0.749584,-1.258766,+0.003479,-0.552609,+0.117418,
+0.321153,-0.169551,-0.266118,+0.501918,-1.024335,-0.509558,-0.415994,+0.168046,

channel --> 21
+0.262868,-0.174315,-0.101702,-0.304027,+0.417298,+0.187378,-0.213667,-0.024503,
+0.167278,+0.362883,+0.499403,-0.213396,+0.005020,-0.423127,-0.211298,+0.404677,
-0.239295,-0.051961,-0.049587,-0.049289,-0.044697,-0.465645,-0.012020,+0.647824,
-0.093340,-0.316668,-0.037883,-0.056565,+0.062537,-0.436388,-0.021381,+0.953154,
-0.255863,-0.158117,-0.019280,-0.116311,+0.065569,-0.469990,-0.167625,+0.649991,
-0.009124,+0.061980,+0.507287,-0.393591,+0.081056,-0.590035,-0.374627,+0.280243,
+0.000123,-0.279396,-0.143483,+0.254579,+0.031587,-0.317898,-0.104808,+0.325966,
+0.191216,-0.084035,+0.115671,+0.245011,+0.146697,-0.141064,-0.164192,-0.146643,

channel --> 22
-0.182501,+0.010162,-0.351532,-0.273229,-0.040348,-0.288042,-0.176452,-0.088098,
+0.111537,-0.094190,-0.716398,-0.615249,+0.024662,+0.538760,+0.187905,+0.121868,
+0.015428,-0.305693,-0.148398,+0.336953,-0.181045,+0.318716,+0.157322,+0.264428,
-0.096001,+0.450887,+0.326234,+0.393520,+0.169561,+0.150586,+0.143074,+0.319299,
+0.013213,+0.258984,+0.070250,+0.371157,+0.196692,+0.002939,+0.113529,+0.354345,
+0.151531,+0.249034,+0.304611,+0.682866,-0.059815,+0.147031,+0.375166,+0.148414,
-0.155512,+0.111690,+0.807002,+0.423458,+0.146552,+0.372673,+0.363650,+0.033782,
+0.203405,+0.345948,+0.460222,+0.527617,+0.863410,+0.794815,+0.624619,+0.610136,

channel --> 23
-0.280638,-0.317778,-0.156341,-0.169859,-0.258747,+0.391623,-0.343611,-0.112746,
+0.186116,+0.445670,+0.821100,+0.403136,+0.129986,+0.293704,-0.618996,+0.204099,
-0.241484,+0.388565,-0.023144,-0.260205,-0.035759,+0.058551,-0.735047,+0.204624,
-0.290934,-0.047896,+0.523261,+0.054953,+0.160023,-0.239137,-0.694713,+0.102793,
-0.106827,-0.224162,-0.103254,-0.252031,-0.215438,-0.200201,-0.216864,-0.158462,
-0.070024,-0.188591,+0.540670,-0.185455,+0.002911,-0.218505,+0.044443,-0.337522,
-0.057269,+0.137484,+0.170059,-0.240336,+0.311225,-0.203322,-0.207448,-0.470695,
-0.044001,+0.111534,-0.551900,-0.025755,-0.104780,-0.110240,+0.051061,-0.143867,

channel --> 24
+0.148404,-0.175230,+0.078171,-0.285777,-0.400628,-0.032128,+0.057861,+0.345128,
+0.085575,+0.107791,-0.169405,+0.224475,-0.515149,+0.638461,+0.438754,+0.264870,
-0.015135,+0.253971,+0.180285,-0.014594,-0.369964,+0.798358,+0.453479,+0.044617,
-0.194921,+0.203038,+0.225176,+0.191263,+0.077530,+0.798913,+0.469543,+0.046091,
-0.057898,+0.002665,+0.176882,-0.115422,-0.134934,-0.146035,-0.085205,+0.007912,
-0.306571,-0.341248,+0.457674,+0.685792,-0.096026,-0.043359,-0.042992,-0.096395,
-0.227769,+0.070393,+0.867248,+0.653835,+0.254423,+0.132245,+0.235307,+0.083584,
-0.150354,+0.323627,+0.202693,+0.625113,-0.160818,-0.257538,-0.015186,-0.323365,

channel --> 25
-0.089627,+0.113342,-0.589776,-0.844906,-0.120251,-0.004268,+0.133024,+0.513618,
+0.201387,+0.641941,+0.357599,+0.197630,+0.030048,+0.573321,+0.031565,+0.199032,
+0.045665,-0.539573,-0.023696,-0.378077,+0.110519,+0.305546,-0.197488,+0.472512,
+0.683917,+0.020605,+0.349728,-0.497490,+0.696207,+0.085614,-0.267454,-0.409886,
+0.358944,-0.092966,-0.737179,-0.529180,+1.098552,-0.739674,+0.056395,-0.427786,
+0.540018,-0.615026,+0.395618,+1.000062,+0.123013,-0.813244,-0.072678,-0.645296,
+0.689429,-1.025597,-0.247393,+0.885298,-0.394457,-0.504284,+0.002622,-0.612610,
+1.071399,-0.096227,-0.640964,+0.446828,-0.690619,-0.466313,-0.087886,-0.845819,

channel --> 26
+0.064815,+0.124739,+0.162153,+0.111438,+0.126682,+0.380603,-0.226553,+0.105558,
-0.425675,-1.348912,-0.686618,-0.497151,-0.919721,-0.536882,-0.621493,-0.912728,
+0.148780,-0.353226,-0.138342,+0.313402,+0.077737,-0.110051,-0.023158,-0.771778,
+0.094776,-0.017394,+0.039735,+0.700687,+0.182354,+0.178446,+0.279279,-0.587130,
+0.189605,-0.205455,-0.065938,+0.336483,-0.391727,+0.220046,+0.478751,-0.353516,
-0.070095,+0.173974,+0.036656,-0.129708,+0.022512,+0.386529,-0.455555,-0.106233,
+0.076417,+0.152902,+0.127297,-0.694285,-0.140466,+0.048386,+0.164053,+0.074495,
+0.247037,+0.206064,+0.947866,+0.444073,+0.966762,+1.300824,+1.217457,+1.266578,

channel --> 27
+0.383154,+0.056582,+0.042002,+0.618449,-0.104848,+0.502453,+0.514797,-0.273202,
-0.180463,+0.019347,+0.259592,+0.549859,+0.047772,-0.204949,+0.252131,+0.419644,
+0.450748,+0.399279,+0.286828,+0.156763,+0.948726,-0.244021,+0.421444,+0.363069,
+0.268676,+0.668218,+0.493826,+0.327769,+0.242363,-0.166490,+0.401915,+0.342704,
+0.238673,+0.384146,-0.578780,-0.033994,-0.007796,+0.072548,-0.029907,+0.472520,
+0.186703,+0.713226,+0.649600,+0.037922,+0.046904,+0.052704,+0.405528,+0.363890,
+0.203165,-0.082289,+0.461830,+0.323866,+0.432282,+0.703145,+0.570334,+0.469621,
+0.285727,-0.273491,+0.053268,-0.137649,-0.992697,-0.490475,-0.565500,-0.107256,

channel --> 28
-0.640798,+0.079879,+0.294666,+0.023919,-0.390547,-0.331484,+0.274440,+0.057492,
-0.070667,+0.936096,+0.031552,+0.041367,+0.333392,+0.666442,+0.371020,+0.194149,
+0.423881,-0.894083,-0.521991,-0.487591,+0.435169,+0.771268,+0.340017,+0.445339,
+0.634976,-0.118280,-0.835880,-0.471450,+0.141224,+0.347807,+0.093376,+0.040250,
+0.462838,+0.280743,+0.094247,-0.038834,+0.780226,+0.213762,+0.233999,+0.187232,
+0.581930,-0.305349,-0.868507,+0.963883,+0.265628,+0.184996,+0.169370,+0.058840,
+0.789715,+0.421529,-0.738677,+0.642056,+0.707695,+0.226504,+0.003401,+0.048346,
+0.854956,+0.241286,-0.512667,-0.446402,+0.301477,-0.040293,+0.341897,+0.042378,

channel --> 29
+0.170839,-0.131867,+0.222138,+0.464950,+0.253075,+0.775824,+0.134485,+0.006015,
+0.482336,-0.190723,+0.658557,+0.964072,+0.935605,-0.096494,+0.067798,-0.657028,
+0.146859,-0.123749,+0.307059,+0.214564,+0.477616,+0.051174,-0.018317,-0.621591,
-0.065084,-0.345556,+0.074728,+0.665171,+0.043488,+0.040331,+0.104000,-0.172988,
-0.292620,-0.940225,-0.019487,-0.110777,-0.486192,+0.156764,+0.459516,-0.250254,
-0.273613,-0.275604,+0.306919,+0.345059,-0.191259,+0.064271,+0.040733,-0.156503,
-0.401381,-0.019738,-0.490197,-0.546277,-0.448845,-0.501669,-0.421309,+0.095437,
-0.569171,-0.021808,+0.314345,+0.032692,+0.501944,+0.441169,+0.722703,+0.927430,

channel --> 30
+0.826906,+0.436376,+0.302877,+0.343735,-0.091132,-0.071588,+0.198190,+0.054706,
+0.704037,+0.621472,+0.806055,+0.348042,+0.036048,+0.096873,+0.011371,+0.424032,
-0.044506,+0.817932,+0.569315,-0.082810,+0.519130,+0.107726,+0.085016,+0.605853,
-0.188190,-0.166402,+0.130846,-0.108265,+0.028218,-0.003341,-0.080104,+1.075482,
+0.154348,+0.209150,-0.093065,-0.171763,+0.072815,+0.013289,+0.028010,+0.615003,
+0.057967,-0.023454,+0.080268,-0.565040,+0.402508,-0.448450,-0.224810,+0.432444,
-0.020986,-0.538110,+0.486027,-0.173978,+0.552887,-0.328238,+0.188615,+0.283205,
+0.022153,+0.057386,+0.318006,+0.677301,+0.509240,+0.288633,+0.476682,-0.336819,

channel --> 31
+0.009023,-0.142467,-0.356820,-0.409354,-0.022077,+0.139780,+0.187076,+0.028851,
+0.338493,-0.398109,+0.250124,+0.128306,-0.118119,+0.088430,+0.579046,-0.283385,
+0.169590,-0.222837,+0.378760,+0.004767,-0.075577,+0.701397,+0.764969,-0.253445,
+0.255908,-0.358442,+0.155223,+0.145832,+0.212672,+0.700990,+0.776691,-0.228927,
+0.163807,-0.010682,-0.174192,-0.222290,-0.019254,+0.265299,+0.368672,-0.137629,
-0.083492,-0.157315,+0.218042,+0.068034,+0.259678,+0.135690,+0.169851,+0.030600,
-0.269950,-0.065856,+0.070816,+0.286482,+0.125769,+0.094536,+0.465223,+0.355451,
-0.420482,+0.208350,+0.227728,+0.269053,-0.012246,+0.104870,+0.131127,+0.176326,

channel --> 32
-0.389462,-0.243667,+0.622794,+0.248715,-0.426898,-0.844405,-0.256725,+0.211238,
-0.498926,-0.079249,+0.032087,-0.046813,-0.268360,-0.428096,-0.170675,-0.206601,
+0.397755,-0.166892,+0.097031,+0.018979,-0.407029,-0.017937,-0.304615,-0.418690,
+0.342549,-0.175820,+0.634219,+0.704901,-0.108656,+0.338188,-0.114225,-0.231561,
+0.342886,-0.132334,+1.323344,-0.496520,-0.151215,-0.221012,-0.496436,-0.645279,
+0.383732,-0.335967,+0.124664,-0.100750,+0.105312,+0.560605,+0.074105,-0.629020,
+0.577670,+0.308979,-0.248406,+0.678685,+0.028309,+0.551605,+0.041262,+0.034696,
+0.227496,-0.041541,-0.579389,-0.033068,-0.410571,-0.337798,-0.513441,-0.169493,

channel --> 33
-0.457961,-0.070540,-0.006499,-0.209238,-0.103711,+0.398851,+0.467537,-0.038235,
+0.029359,+0.145992,+0.248254,+0.343215,+0.225746,+0.447284,+0.525681,-0.319760,
+0.040052,-0.043698,-0.617764,-0.685503,+0.367131,+0.219455,+0.202237,-0.032968,
+0.152059,+0.401058,-0.318565,-0.187665,+0.194716,+0.149902,+0.211265,+0.097972,
-0.015203,+0.128027,-0.539840,-0.366656,+0.160776,-0.209581,+0.158049,+0.355763,
+0.094094,+0.185778,-0.732262,+0.477799,+0.475270,-0.091442,-0.055497,+0.144920,
+0.192831,+0.364294,-0.320928,-0.145753,+0.243366,+0.087707,+0.236165,+0.059316,
+0.178224,-0.060342,+0.097817,-0.061959,-0.010581,+0.079914,+0.068512,+0.167343,

channel --> 34
-0.520641,+0.024451,+0.171714,-0.302209,-0.957939,-0.400366,-0.004911,+0.049399,
-0.653673,+0.236966,-0.629373,-0.821902,+0.878870,+0.591712,+0.285744,-0.098325,
-0.157948,-0.158975,-0.787956,-0.153672,-0.360941,-0.007993,-0.029028,-0.296749,
-0.512380,+0.343886,-0.418320,-0.770727,-0.558547,-0.195214,-0.138522,-0.057324,
-0.590260,+0.173289,-0.445772,-0.309230,+0.659664,+0.338219,+0.115797,-0.198638,
-0.367136,-0.310722,-0.459038,+0.009606,+0.035552,+0.035148,+0.077793,+0.487712,
-0.225299,-0.210514,+0.259586,+0.367477,-0.253115,+0.109497,+0.286207,+0.156138,
-0.045271,-0.532536,-0.192024,-0.323346,-1.027331,-0.555381,-0.269098,-0.410076,

channel --> 35
+0.134993,-0.013250,+0.395596,-0.050820,+0.726103,+0.370025,+0.408147,+0.501583,
+0.058389,-0.411897,+0.205777,-0.225286,-0.897808,+0.408515,-0.189945,-0.176731,
-0.081532,-0.487065,+0.322198,-0.390816,-0.653044,+0.470712,-0.227197,-0.462430,
+0.289819,-0.054081,-0.031397,-0.209476,+0.021269,+0.176035,-0.526790,-1.052307,
+0.069499,+0.203281,+0.610922,+0.441293,+0.226056,-0.428520,-0.751457,-0.801005,
-0.103636,+0.152264,+0.439809,-0.243831,-0.028695,+0.207373,-0.247721,-0.442484,
-0.216120,+0.220385,+0.279442,-0.555770,-0.417329,+0.254749,-0.409861,-0.505049,
+0.079190,+0.328074,+0.076041,-0.064074,+0.787655,+0.463223,+0.267225,+0.235970,

channel --> 36
-0.378556,-0.044976,-0.063738,+0.027720,-0.380319,+0.252893,+0.093267,-0.091963,
+0.311141,+0.163379,-0.430713,-0.223911,+0.723058,+0.171321,+0.365173,-0.104484,
+0.419104,-0.234272,-0.767706,-0.278072,+0.241540,+0.276043,+0.670566,-0.195506,
+0.258999,+0.057228,-0.354378,-0.038372,+0.379463,+0.241648,+0.765722,+0.223361,
+0.143974,+0.029972,-0.617707,-0.035175,+0.178793,+0.290268,+0.716201,+0.375257,
-0.074659,-0.115471,-0.687829,-0.123154,+0.036300,-0.155197,+0.229330,+0.477061,
-0.222508,+0.209920,+0.293738,-0.367725,+0.718954,-0.111490,+0.435726,+0.450250,
-0.434843,+0.192513,+0.429568,-0.227149,+0.612107,+0.244770,+0.468959,+0.375561,

channel --> 37
+0.005944,-0.388687,-0.044533,-0.094577,+0.137807,+0.405128,+0.534567,-0.670075,
-0.004812,-1.093260,-0.610175,+0.034387,-0.352295,+0.385119,+0.966274,-0.903037,
+0.171127,-0.268970,-0.471442,-0.274892,+0.637372,+0.804758,+0.999428,-0.856206,
+0.109794,+0.085636,-1.048656,-0.454584,+0.234542,+0.651035,+0.861451,+0.055800,
+0.041471,-0.061942,-1.033550,+0.062079,+0.092566,+0.121053,+0.137581,+0.403519,
-0.075166,+0.335051,-0.928467,+0.825591,+0.354644,-0.024850,-0.020628,+0.608087,
-0.176854,+0.341810,-0.331506,-0.024837,+0.531468,-0.014028,+0.120438,+0.646627,
-0.046279,+0.350001,+0.488526,-0.370915,+0.280886,-0.352944,-0.373871,-0.581036,

channel --> 38
+0.423726,+0.414426,-0.306339,-0.742747,-0.271194,+0.081411,+0.210780,+0.331475,
-0.270483,+0.164196,+0.513592,+0.229917,+0.558473,-0.675316,-0.025049,+0.291655,
+0.522817,-0.033230,+0.884944,+0.239323,-0.238105,-0.030048,+0.304813,+0.286177,
+0.205665,-0.283494,+0.032745,-0.429921,-0.164631,+0.024944,+0.290605,+0.670354,
+0.266792,-0.174146,-0.545208,-0.202397,+0.239968,-0.060622,+0.115009,+0.674788,
-0.100760,-0.037920,+0.189154,+0.531082,-0.135314,-0.588880,-0.534729,+0.372884,
-0.052664,-0.362103,-0.050984,+0.568012,-0.652345,-0.708925,-0.540701,+0.425568,
+0.242378,-0.272949,-0.261031,+0.090197,+0.218474,-0.088616,+0.629065,+0.858125,

channel --> 39
-0.238734,-0.492767,-0.253873,-0.428348,-0.183949,+0.048055,-0.178263,-0.268854,
+0.192641,-0.252375,+0.099211,-0.004413,+0.224688,-0.398706,+0.441004,+0.343634,
-0.055358,+0.013611,-0.659619,-0.753562,+0.113258,-0.110510,+0.707645,+0.483403,
+0.183466,+0.241055,+0.035356,-0.248271,+0.244226,+0.332806,+0.999541,+0.856387,
-0.093992,-0.773887,-0.325634,-0.322183,-0.288065,-0.046219,+0.402184,+0.702293,
-0.071847,-0.131706,+0.064887,+0.179038,-0.057208,-0.205807,-0.349810,+0.230228,
+0.094876,-0.199593,-0.152327,+0.078655,-0.292519,-0.568925,+0.033586,+0.563401,
-0.217182,-0.326491,+0.342375,+0.191736,-0.132472,-0.311251,-0.192417,+0.102792,

