channel --> 0
-0.094241,+0.109223,+0.040380,-0.090963,
-0.040609,-0.021567,-0.064492,-0.083479,
-0.038193,-0.132647,-0.047303,-0.027696,
-0.131312,-0.068638,-0.193159,+0.082485,

channel --> 1
+0.046273,-0.573748,-0.221331,+0.023143,
-0.254542,-0.599507,-0.478239,+0.295275,
+0.370371,-0.250532,+0.084801,-0.281947,
+0.122032,+0.328759,+0.157104,-0.399855,

channel --> 2
+0.080230,-0.141666,-0.492314,+0.031618,
-0.049826,-0.316074,-0.285536,+0.009990,
+0.092174,-0.066728,-0.447531,-0.030424,
+0.043531,-0.023792,-0.028436,+0.083881,

channel --> 3
-0.116984,-0.100175,-0.043426,-0.245223,
+0.089269,+0.098207,+0.492027,+0.193639,
+0.276694,+0.543605,+0.024161,+0.271715,
+0.275553,+0.303784,+0.166804,+0.253075,

channel --> 4
-0.042931,+0.074459,-0.153484,+0.113960,
+0.018391,+0.350422,+0.314006,-0.185458,
-0.048057,+0.233101,-0.162028,-0.093169,
-0.012925,+0.194703,+0.171562,+0.308702,

channel --> 5
-0.267151,-0.110510,-0.148531,-0.180948,
-0.060837,-0.150828,+0.006920,-0.559185,
+0.175617,-0.156277,-0.225080,+0.382126,
+0.055398,+0.048022,-0.101874,-0.123132,

channel --> 6
-0.172223,+0.099671,-0.073010,-0.191456,
-0.292247,-0.081449,-0.036851,-0.200840,
-0.124263,-0.340804,+0.066469,+0.498912,
+0.169284,-0.215702,-0.108408,-0.043202,

channel --> 7
-0.102809,+0.019636,-0.061323,-0.201241,
-0.100085,+0.166740,-0.234381,-0.270259,
+0.003544,-0.026827,-0.033246,-0.041215,
-0.220753,+0.000136,-0.018238,-0.019174,

channel --> 8
-0.031196,-0.106708,-0.363081,-0.502312,
-0.080984,-0.347432,-0.089221,-0.462585,
+0.363655,+0.316721,+0.277201,+0.453346,
-0.021068,+0.021594,+0.188988,+0.151612,

channel --> 9
+0.228659,+0.123705,-0.136613,-0.002836,
+0.621882,+0.179426,+0.436030,-0.081625,
+0.215219,+0.385986,+0.126937,+0.133145,
+0.315793,-0.112020,+0.076922,+0.846638,

channel --> 10
+0.033139,-0.151877,+0.053955,+0.408194,
-0.092120,-0.070772,+0.137318,+0.213999,
+0.191831,-0.204610,+0.030996,-0.128953,
+0.039060,-0.005133,-0.147401,+0.134702,

channel --> 11
+0.248846,+0.380042,+0.802767,+0.395079,
-0.433357,-0.155763,+0.078167,-0.162022,
-0.209354,-0.061851,+0.004114,-0.454195,
+0.127530,-0.476502,-0.511977,+0.353838,

channel --> 12
+0.029860,-0.066352,-0.097794,-0.066579,
-0.038844,+0.344441,+0.166087,-0.016323,
-0.098453,-0.015298,+0.011834,-0.227578,
+0.042712,-0.185514,-0.163660,+0.217657,

channel --> 13
-0.227336,-0.445961,-0.112020,-0.167955,
+0.042222,+0.220395,+0.449384,+0.418761,
+0.058273,-0.199322,+0.141416,-0.256226,
-0.263304,+0.030187,-0.067901,-0.440488,

channel --> 14
+0.075888,-0.038249,-0.446890,-0.087482,
-0.047893,+0.122442,+0.093892,+0.002665,
+0.369334,+0.120429,+0.191434,+0.211735,
+0.086165,-0.433761,-0.337880,+0.164020,

channel --> 15
-0.148852,-0.379648,-0.152357,-0.330757,
-0.376550,-0.737794,-0.686613,+0.141550,
-0.166212,-0.601701,-0.118682,-0.727544,
-0.447549,+0.395189,-0.269042,-0.899961,

channel --> 16
+0.023056,+0.363779,+0.259069,+0.037578,
-0.215014,+0.051616,-0.187916,-0.010278,
-0.094930,-0.118469,+0.070856,-0.599472,
-0.257882,+0.178769,-0.254335,+0.036779,

channel --> 17
+0.032054,+0.050943,+0.001149,+0.296872,
-0.144272,-0.113729,-0.157254,+0.170659,
-0.087889,-0.014391,-0.060306,+0.259851,
-0.026277,-0.127155,-0.080420,-0.118149,

channel --> 18
-0.091692,+0.012590,-0.261693,-0.407325,
-0.198486,-0.173170,-0.352885,-0.299434,
+0.116450,-0.083546,-0.319761,+0.276844,
-0.043944,-0.102005,-0.031449,+0.391528,

channel --> 19
+0.056807,-0.328046,-0.176557,-0.068812,
+0.100645,-0.372530,-0.144425,+0.211976,
+0.257499,-0.253464,+0.158489,+0.218781,
+0.103517,+0.136271,-0.479104,-0.010046,

channel --> 20
-0.017930,-0.035999,+0.057391,-0.041950,
+0.052983,+0.026200,+0.028234,-0.003485,
+0.105329,-0.055132,+0.236669,-0.103167,
-0.029214,+0.078071,+0.009718,-0.255612,

channel --> 21
+0.146950,-0.009352,+0.154814,-0.223527,
+0.046884,-0.294934,-0.513092,+0.006779,
-0.005373,+0.248570,+0.106491,-0.540927,
-0.170148,+0.137137,-0.392675,+0.029682,

channel --> 22
+0.386832,+0.385313,-0.017638,-0.040690,
-0.100355,+0.624375,-0.013762,-0.071436,
+0.347659,+0.645647,+0.562411,+0.076427,
-0.212965,-0.014408,+0.144296,-0.697090,

channel --> 23
-0.055526,-0.053895,-0.305491,-0.004238,
+0.059847,-0.771720,-0.294758,-0.121769,
-0.156300,-0.031724,-0.031845,-0.024553,
-0.131812,+0.225989,-0.050843,-0.135787,

channel --> 24
-0.055016,-0.069587,+0.205944,+0.426607,
+0.456504,+0.197547,+0.494384,+0.589143,
-0.124194,+0.120679,+0.010550,+0.109260,
+0.382508,+0.343036,-0.251045,-0.276366,

channel --> 25
+0.315716,+0.269066,+0.438465,-0.533194,
+0.148793,-0.600288,+0.040834,-0.333394,
+0.173727,-0.183203,-0.030810,+0.168002,
+0.101123,-0.039605,+0.365573,+0.219729,

channel --> 26
-0.037161,-0.313855,-0.056180,-0.130111,
-0.225427,+0.214532,+0.115148,-0.035150,
-0.391713,-0.169485,+0.136721,-0.080008,
-0.156232,-0.343321,-0.132093,-0.428232,

channel --> 27
-0.023480,-0.393294,+0.074788,+0.287132,
+0.147086,-0.409989,+0.280374,+0.579090,
+0.452765,-0.013116,+0.390288,+0.850138,
+0.482908,+0.005129,+0.227488,+0.225761,

channel --> 28
+0.027789,+0.257342,+0.349690,+0.271212,
-0.125159,+0.440482,-0.084283,+0.317228,
-0.014974,-0.320687,+0.149043,+0.290201,
+0.606358,-0.025919,+0.035833,+0.017818,

channel --> 29
+0.006767,+0.081256,-0.037316,-0.269324,
+0.061752,-0.322487,-0.098013,-0.179423,
+0.129454,+0.088419,+0.130266,+0.259440,
+0.125189,+0.197903,-0.169287,+0.388683,

channel --> 30
-0.088028,-0.138866,+0.180952,-0.237478,
-0.054252,+0.041779,+0.103801,-0.067416,
-0.101792,-0.119049,-0.231538,+0.087044,
+0.023443,+0.047862,+0.161868,-0.184884,

channel --> 31
-0.112824,-0.295759,-0.063140,+0.080612,
+0.121972,+0.136893,+0.256761,+0.198613,
+0.105950,-0.464543,-0.182183,-0.164337,
+0.097692,+0.231252,+0.645906,+0.270930,

channel --> 32
+0.234548,+0.504159,+0.854935,+0.634464,
+0.145638,+0.700667,+0.176677,+0.899756,
-0.080049,-0.057189,-0.344104,-0.240657,
+0.654638,+0.314364,+0.126254,+0.287240,

channel --> 33
+0.155001,+0.192951,-0.074058,+0.011464,
-0.081463,+0.009683,-0.478416,-0.109650,
-0.339207,+0.051291,-0.334155,-0.543737,
-0.091277,+0.034476,-0.001603,+0.471233,

channel --> 34
+0.146981,+0.467032,+0.263017,-0.038102,
+0.084313,+0.134233,-0.586812,-0.866185,
-0.129182,+0.238920,+0.042212,+0.038634,
+0.186818,+0.253022,-0.270510,+0.261856,

channel --> 35
+0.069983,-0.103619,+0.040730,-0.049826,
+0.000360,-0.494898,+0.290403,+0.094473,
+0.166365,-0.064276,-0.295797,-0.101832,
+0.153483,-0.409290,-0.062204,+0.338143,

channel --> 36
-0.049581,-0.026939,+0.056691,-0.002532,
-0.148282,-0.138988,+0.020179,-0.133741,
-0.002926,-0.234636,+0.290670,-0.361959,
-0.061932,+0.446371,+0.360599,+0.061148,

channel --> 37
+0.220654,+0.143186,+0.106385,+0.077825,
-0.015063,-0.118788,-0.241479,+0.132445,
-0.044826,-0.004308,+0.095021,+0.056348,
+0.229880,+0.123136,-0.323991,+0.158158,

channel --> 38
-0.083111,+0.016051,+0.172151,+0.065061,
+0.162177,-0.521145,+0.294448,+0.066763,
+0.914166,+0.409725,+1.244427,+0.356174,
+0.433632,+0.400784,-0.799156,-0.006976,

channel --> 39
-0.075738,-0.011592,-0.218103,-0.257996,
-0.066689,-0.002980,-0.145831,-0.361800,
+0.104408,+0.104906,+0.195643,+0.176676,
-0.105468,+0.024271,+0.261832,-0.091981,

channel --> 40
-0.054169,-0.382695,+0.178785,+0.518395,
+0.005646,-0.202079,+0.283069,+0.575670,
+0.099928,-0.454352,+0.220953,-0.020669,
+0.186484,+0.424276,+0.199755,-0.471085,

channel --> 41
+0.113885,-0.083958,-0.094354,-0.341690,
-0.378910,+0.107940,-0.486869,-0.549425,
-0.072141,+0.018963,-0.036749,+0.266840,
-0.065965,-0.144872,-0.251465,-0.222781,

channel --> 42
-0.240469,-0.216865,-0.220477,-0.069679,
-0.244612,+0.384462,+0.851452,+0.078599,
+0.437076,-0.243886,-0.079154,+0.371006,
+0.380470,+0.247900,+0.463721,+0.646906,

channel --> 43
+0.019974,-0.117202,-0.278213,-0.469756,
+0.459072,-0.155870,+0.081101,-0.457013,
+0.392038,+0.333334,+0.375340,+0.166991,
+0.197006,+0.444397,+0.184556,+0.252752,

channel --> 44
-0.015384,-0.154591,+0.188431,-0.144141,
+0.139512,-0.074281,+0.256376,+0.080511,
+0.022184,-0.121606,+0.352479,+0.479964,
+0.263263,+0.139293,+0.817156,-0.161984,

channel --> 45
-0.023117,-0.103403,+0.043132,-0.235673,
-0.060130,-0.075037,+0.019801,-0.049368,
+0.142050,-0.197364,+0.055471,+0.255703,
+0.031783,-0.370693,-0.309776,-0.318706,

channel --> 46
-0.147235,+0.022420,+0.576991,+0.316143,
+0.151817,+0.179017,+0.396718,+0.542840,
+0.088545,-0.170899,-0.538687,-0.041175,
+0.112527,+0.071619,+0.169100,+0.177428,

channel --> 47
-0.240429,-0.112690,+0.107700,-0.022762,
+0.211978,+0.358178,-0.037028,-0.212201,
-0.145857,+0.230970,-0.130988,-0.006284,
-0.136019,+0.209960,+0.158937,-0.347127,

