channel --> 0
+0.104313,+0.010541,
-0.050144,-0.056905,

channel --> 1
-0.011789,+0.009411,
+0.084602,+0.050464,

channel --> 2
-0.029606,-0.003700,
+0.017832,-0.014263,

channel --> 3
+0.176326,-0.096834,
+0.101275,+0.008125,

channel --> 4
+0.009733,+0.062245,
-0.031499,+0.042577,

channel --> 5
+0.027282,+0.003864,
-0.011629,+0.010702,

channel --> 6
-0.042762,-0.016259,
-0.007706,-0.020161,

channel --> 7
-0.038258,+0.031821,
-0.159617,-0.076468,

channel --> 8
+0.050312,-0.051387,
+0.038102,-0.080635,

channel --> 9
+0.039546,+0.034717,
-0.008057,+0.032886,

channel --> 10
-0.003486,-0.001456,
+0.032898,+0.002163,

channel --> 11
+0.283155,-0.038804,
+0.044053,+0.329452,

channel --> 12
+0.010415,+0.073510,
+0.030490,-0.054266,

channel --> 13
-0.414964,+0.032611,
+0.182497,-0.067449,

channel --> 14
+0.045460,+0.144902,
-0.243218,-0.006843,

channel --> 15
-0.188215,+0.179277,
-0.009672,-0.030236,

channel --> 16
-0.062814,-0.043304,
-0.024888,+0.022011,

channel --> 17
+0.021245,-0.064603,
+0.059486,+0.016170,

channel --> 18
+0.059945,-0.096078,
+0.091169,-0.010214,

channel --> 19
+0.146090,+0.010151,
+0.112461,+0.056003,

channel --> 20
-0.023699,-0.005374,
-0.066782,+0.010304,

channel --> 21
+0.004804,-0.068287,
-0.006066,-0.056477,

channel --> 22
+0.153877,+0.002614,
-0.007711,+0.124908,

channel --> 23
+0.160594,+0.186491,
+0.018553,-0.105888,

channel --> 24
+0.002303,+0.018278,
+0.039106,+0.007694,

channel --> 25
+0.102072,+0.001054,
-0.157354,+0.059482,

channel --> 26
-0.036508,-0.023624,
+0.136121,-0.039175,

channel --> 27
+0.081902,-0.042149,
+0.147911,+0.059455,

channel --> 28
+0.305108,+0.009111,
-0.075867,+0.024014,

channel --> 29
-0.059176,+0.007205,
-0.013552,-0.051572,

channel --> 30
+0.119791,+0.042668,
+0.063003,-0.010734,

channel --> 31
+0.040451,+0.001015,
+0.007556,+0.043156,

channel --> 32
+0.140215,-0.026169,
+0.114049,+0.014094,

channel --> 33
-0.087448,+0.048582,
+0.074525,-0.105723,

channel --> 34
-0.032421,-0.017005,
-0.022741,-0.047230,

channel --> 35
-0.070702,+0.051559,
-0.015962,-0.188237,

channel --> 36
+0.014120,+0.042872,
-0.096954,-0.157537,

channel --> 37
-0.074230,-0.043010,
+0.069158,-0.045433,

channel --> 38
-0.023620,+0.127773,
-0.033716,+0.019588,

channel --> 39
-0.241460,+0.083019,
+0.003057,+0.085899,

channel --> 40
+0.011255,-0.056613,
+0.176076,-0.037121,

channel --> 41
-0.093879,+0.008162,
-0.142038,-0.103189,

channel --> 42
+0.032965,-0.105359,
+0.086129,-0.031820,

channel --> 43
-0.035087,+0.181664,
+0.058840,-0.125033,

channel --> 44
-0.099656,+0.122801,
-0.095533,+0.000890,

channel --> 45
+0.004521,+0.004742,
+0.001498,+0.122985,

channel --> 46
-0.041477,+0.061800,
+0.074937,+0.057028,

channel --> 47
-0.074773,+0.054665,
-0.066059,-0.078789,

channel --> 48
+0.000503,-0.001461,
+0.004676,-0.006953,

channel --> 49
-0.039433,-0.008042,
+0.010638,-0.018274,

channel --> 50
-0.013689,+0.031781,
-0.037356,-0.053325,

channel --> 51
+0.016269,+0.140864,
-0.239288,-0.137189,

channel --> 52
-0.131645,+0.180149,
-0.024776,+0.058485,

channel --> 53
-0.314512,-0.115921,
+0.258243,+0.028426,

channel --> 54
-0.003684,+0.165641,
-0.135209,+0.056794,

channel --> 55
+0.104240,-0.017645,
-0.034634,+0.076326,

channel --> 56
+0.060413,+0.024939,
+0.037143,+0.072906,

channel --> 57
-0.176403,+0.026338,
-0.019944,-0.039052,

channel --> 58
-0.057643,-0.261878,
-0.207226,-0.217749,

channel --> 59
+0.153138,-0.140032,
-0.020870,+0.029512,

channel --> 60
-0.168650,+0.028929,
-0.028277,+0.029956,

channel --> 61
-0.283254,-0.086444,
-0.083728,-0.172094,

channel --> 62
+0.091797,-0.405199,
+0.195251,-0.213398,

channel --> 63
-0.231813,-0.148731,
+0.136649,+0.100212,

channel --> 64
+0.250962,+0.191746,
-0.204884,+0.039421,

channel --> 65
-0.138654,-0.046803,
-0.002889,+0.049381,

channel --> 66
-0.025187,+0.101237,
-0.175272,-0.059154,

channel --> 67
-0.106156,+0.104281,
-0.077579,+0.068178,

channel --> 68
+0.199250,+0.175350,
-0.088086,+0.317118,

channel --> 69
+0.038849,-0.016394,
-0.023365,+0.008789,

channel --> 70
+0.011895,-0.007126,
+0.052891,-0.022395,

channel --> 71
+0.009035,+0.010291,
-0.049522,-0.017233,

channel --> 72
+0.244049,+0.029793,
+0.041040,+0.090164,

channel --> 73
-0.166966,+0.156729,
+0.042675,+0.172143,

channel --> 74
-0.319204,-0.068358,
-0.045899,-0.001125,

channel --> 75
+0.023500,-0.001284,
+0.000229,+0.030501,

channel --> 76
+0.487909,-0.020288,
+0.311513,-0.055504,

channel --> 77
+0.084354,+0.000259,
+0.018723,+0.031105,

channel --> 78
-0.324047,-0.034741,
+0.216684,-0.033762,

channel --> 79
-0.109410,+0.057183,
+0.069060,-0.018725,

channel --> 80
+0.320043,-0.048314,
+0.205328,+0.090972,

channel --> 81
-0.234709,-0.259110,
+0.014618,+0.123140,

channel --> 82
-0.049736,-0.045519,
-0.018894,-0.109381,

channel --> 83
-0.178132,+0.004726,
+0.060381,+0.012411,

channel --> 84
+0.010853,-0.078196,
-0.023241,-0.012429,

channel --> 85
-0.000945,-0.026456,
+0.027727,-0.023599,

channel --> 86
+0.161561,+0.144014,
+0.074361,+0.002369,

channel --> 87
-0.049990,-0.061760,
-0.071843,+0.014119,

channel --> 88
-0.067982,-0.022873,
+0.032091,+0.088517,

channel --> 89
-0.174536,+0.005583,
-0.295440,-0.013036,

channel --> 90
-0.001026,-0.172133,
+0.021931,-0.129896,

channel --> 91
+0.029542,+0.012493,
-0.028750,+0.005498,

channel --> 92
-0.287609,+0.078415,
-0.047169,-0.099025,

channel --> 93
-0.038272,+0.004652,
+0.047118,-0.005830,

channel --> 94
+0.196956,-0.129280,
+0.060073,+0.060342,

channel --> 95
-0.144210,+0.122309,
-0.015159,-0.044023,

