channel --> 0
+0.686515,+0.283738,+0.283738,+0.283738,+0.283738,+0.317142,+0.328900,+0.310835,+0.737805,+1.120190,+0.510281,-0.137875,+0.076747,-0.941987,-0.089736,+0.283738,
-0.225163,+0.054290,-0.412295,+0.178177,+0.572833,+0.834237,+1.051984,+1.180030,+1.917385,-0.097902,-1.252719,-1.417041,-1.580966,-1.185099,-0.907927,+0.693386,
+0.154801,-1.078280,-1.349509,-0.333505,+0.616661,+0.322820,+0.436985,+0.253475,-0.120402,+0.638209,-1.003807,-1.201462,-1.216679,-1.207009,-1.008360,+0.193921,
+0.476184,-0.630781,-1.028764,+0.725733,+1.103183,+1.060823,+0.786134,+0.206678,+1.002523,+0.360724,-0.987942,-1.202836,-1.192399,-1.184661,-1.142480,+0.029675,
+0.050470,-0.754818,-0.489427,+1.205775,+1.024419,+1.271076,+0.354246,+0.176953,+0.769337,+0.901067,-0.968722,-1.266287,-1.261407,-1.339891,-1.365493,-0.494132,
+0.014079,+0.016223,-0.122921,+1.967441,+0.914786,+1.129102,+0.861441,+0.839581,+1.300768,+0.465358,-1.133679,-1.245567,-1.332628,-1.333473,-1.853957,-0.400896,
+0.283343,+0.209445,-0.389991,-0.068227,+1.508299,+0.272712,+1.198021,+1.212102,+0.268490,+0.400376,-1.325870,-1.295678,-1.294046,-1.334711,-1.610344,-0.790035,
+0.379353,+0.566546,-0.517129,+0.046177,+1.224196,+1.030203,+1.216371,+0.943714,+1.337192,+0.220360,-1.296501,-1.519396,-1.348794,-1.343786,-1.116175,-1.016080,
+0.084702,+1.028908,-0.123470,+0.061726,+1.144133,+0.666534,+1.710811,+0.768720,+0.889560,-0.503157,-0.761073,-0.530777,-1.318881,-1.590314,-1.462361,-0.965590,
-0.044844,+1.259854,+0.018835,-0.257638,+1.261895,+1.182994,+1.187204,+1.328457,+1.119537,+0.292484,-0.418670,-0.489267,-0.463060,-0.599273,-1.147659,-1.302596,
-0.122424,+1.290385,+0.039789,-0.880491,+1.021171,+1.443267,+0.826051,+0.417257,+0.946780,+0.101565,-0.295793,-0.467534,-0.340739,-0.148322,-0.451920,-0.921801,
-0.122603,+1.346043,-0.671509,-0.529904,-0.130315,+1.355623,+0.143172,+0.378765,+0.454317,-0.930484,-0.478457,-0.082280,-0.276074,-0.482976,-0.708547,-1.079196,
-0.122603,+0.985014,+0.008790,-0.189295,-0.648074,+0.606121,+0.172909,+1.224775,+1.004412,-0.877153,-0.256863,-0.412232,-0.329460,-0.903462,-0.431880,-1.455241,
-0.122603,+1.178620,+0.155916,-0.444812,-0.470817,-0.048697,+0.776353,+1.311059,+0.597862,-0.730065,-0.159073,-0.451827,-0.740927,-0.850333,-0.292769,-1.159063,
-0.122603,+1.238623,+0.467224,-0.556611,-0.738549,-0.545950,+0.308861,+1.563620,+0.195425,-0.580305,-0.685698,-0.644599,-1.038384,-0.841730,-0.988468,-1.564502,
-0.122603,+0.993207,+0.753605,-0.967361,-1.245035,-1.708266,-0.304040,+0.371165,-1.120371,-0.901379,-1.454132,-1.105051,-1.416837,-1.069985,-1.331980,-0.780731,

channel --> 1
+0.643747,+1.241904,+1.241904,+1.241904,+1.241904,+1.235852,+1.215090,+1.068321,+0.665871,-0.105699,-0.342253,-0.319326,-0.432530,-0.616556,-0.390911,+1.241904,
-2.253726,-2.368029,-2.836151,-0.121125,+0.483605,+0.775733,+0.557776,+0.417237,+0.063421,-2.642465,-2.158071,-1.329121,-0.830895,-0.508477,-0.690001,+0.630256,
-1.581977,-1.164054,-0.511763,+0.721195,+0.191853,+0.529415,-0.007837,-0.134688,-0.563271,+0.459883,-0.632120,-0.472700,-0.465252,-0.457368,-1.060301,+0.830738,
-0.576715,-0.177047,-0.447189,+0.620752,+1.391482,+1.307437,+0.786657,+0.607188,+0.822159,-0.720593,-0.624169,-0.554681,-0.564188,-0.656415,-1.005120,+0.460278,
-0.281498,-0.122570,+0.658303,+0.960138,+0.779479,+0.553851,+1.179613,+0.924902,+0.376850,+0.572954,-0.825010,-0.607663,-0.646713,-0.621707,-1.836067,+0.478207,
-0.487147,-0.394472,-0.603732,+0.812848,+0.911472,+0.843126,+1.860756,+0.576641,+0.392422,-0.001575,-0.608552,-0.603816,-0.672225,-0.638540,-1.895953,+0.015989,
-0.096836,-0.227967,-0.350722,-0.125489,+1.065063,+0.613404,+1.222542,+0.642776,-0.151789,-0.223534,-0.607449,-0.665140,-0.680356,-0.721103,-0.931791,+0.636435,
-0.275017,-0.186491,+0.205931,+0.416844,+0.758268,+0.964782,+1.073935,+0.854307,-0.073362,-0.737113,-0.715499,-0.673246,-0.714668,-0.681202,-0.842251,-0.524394,
-0.559615,-0.101376,+0.129189,+0.522984,+1.160152,+1.199722,+0.565162,+0.057734,+1.017614,-0.759092,-0.565756,-0.768890,-0.739788,-0.794780,-0.696778,-0.660676,
-0.521404,+0.552836,-0.194927,+0.397289,+1.473545,+1.280991,+0.870952,+1.036690,+0.784428,-0.822991,-0.723208,-0.280415,-0.733300,-0.604405,-0.789888,-0.932562,
-0.515445,+0.604769,-0.880026,-1.673642,+1.384913,+0.634269,+0.540691,+0.348078,+0.869589,-1.200852,-0.765610,-0.473556,-0.240457,-0.222233,-0.988118,-1.316503,
-0.515343,+0.926275,-0.626995,-0.843995,-1.482882,+0.830587,+0.644104,+1.208616,+0.103367,-0.871545,-0.295006,+0.027796,-0.765626,-0.690706,-0.462086,-2.138497,
-0.515343,+1.021785,-0.521268,-0.092456,-1.868092,+0.885565,+1.138983,+0.960805,+0.130372,-0.501138,-0.045244,-0.404315,-0.469873,-0.813917,-0.528862,-1.902925,
-0.515343,+1.209524,-0.355362,-0.122981,-0.531209,-0.859004,+0.569835,+0.940074,-0.390272,-0.409197,-0.543641,-0.481523,-0.505800,-0.621845,-0.557795,-0.814982,
-0.515343,+1.111841,-0.315905,-0.279326,-0.583515,-1.041743,+1.000162,+1.337092,-0.766181,-0.351522,-0.682099,-0.756256,-1.209598,-0.246184,-0.396862,-0.278874,
-0.515343,+0.861669,-0.320284,-0.677873,-0.569503,-0.539758,+0.486846,+1.113937,+0.088143,+0.838094,+0.721457,+1.253647,+1.182741,+0.935237,+1.108889,+1.251039,

channel --> 2
-0.518779,+0.077634,+0.077634,+0.077634,+0.077634,+0.099171,+0.143183,+0.180816,-0.381873,-1.779864,-0.969434,-0.135417,+0.606311,-0.346547,-0.235691,+0.077634,
-0.419583,+0.410824,+0.557148,+0.262857,+0.675548,-0.231747,+0.015437,-0.352305,-0.191384,-1.557426,-0.037378,+0.130608,+0.118354,+0.191937,+0.295615,+0.506538,
-1.151639,-0.068891,+0.077427,+0.302471,-0.903488,-0.899627,-0.659830,-0.647518,-0.730893,-1.715559,+0.115423,+0.166621,+0.175682,+0.105858,-0.130939,-0.145303,
-1.267711,+0.222997,+0.031114,-1.364581,-0.025363,-0.343556,+0.098060,+0.344356,+0.229653,-1.001006,+0.123872,+0.162943,+0.162337,+0.252899,+0.053125,-0.132599,
-0.871719,+0.358715,+0.606783,-1.101880,+0.605530,-0.319063,-0.655895,+0.590813,+0.100883,-1.829414,-0.017933,+0.164046,+0.192128,+0.172991,+0.225007,+0.367446,
+0.042024,+0.024143,+0.139563,-0.718341,-0.689994,-0.650168,-1.597176,-0.608370,-0.806897,-1.110455,+0.148150,+0.182461,+0.165233,+0.147933,+0.531471,-0.750797,
-0.054997,-0.367399,+0.184358,+0.043819,-0.557059,+0.066698,-0.571543,-0.312971,+0.558989,-0.190190,+0.158087,+0.197850,+0.185671,+0.149198,-0.337634,-1.128073,
-0.356872,-0.210855,+0.306300,+0.174390,+0.247138,+0.550202,+0.084642,-0.178981,+0.544633,-0.426373,+0.137096,+0.128786,+0.215828,+0.167755,+0.268950,-0.387233,
+0.169991,+0.207401,+0.315063,+0.055276,-0.553103,-0.524871,-0.705008,+0.503802,-0.296701,-0.499794,+0.012108,+0.157384,+0.153354,+0.101426,+0.171965,+0.423003,
+0.627427,-0.352860,+0.170354,-0.358652,-1.214457,-0.053543,-0.754012,-0.778547,-0.446667,-1.043636,-0.343281,+0.129238,+0.033448,+0.423404,+0.012574,-0.033376,
+0.757277,-1.013300,+0.399667,-0.419834,-1.425200,-0.880869,-0.288626,+0.275297,-0.565331,-0.234060,-0.033252,+0.521609,+0.114515,-0.271592,+0.940457,-0.422549,
+0.756987,-0.860857,+0.166007,-0.520223,-0.354944,-0.782823,+0.151988,+0.190471,-1.308874,-0.044546,+0.238128,-0.031764,+0.087813,+0.263005,+0.341657,-0.141713,
+0.756987,+0.142071,+0.029234,-0.140344,-0.276900,-1.006106,+0.100240,+0.547084,-0.345006,+0.365169,+0.128461,-0.155431,+0.041124,+0.128764,-0.135160,+0.555889,
+0.756987,-0.012707,-0.521878,+0.180202,+0.056794,+0.185413,-0.139013,-0.522494,-0.534149,+0.004203,-0.237870,+0.399112,+0.194833,+0.552201,+0.240605,-0.130768,
+0.756987,-0.274469,-0.343715,+0.241177,-0.100152,+0.063496,-0.200402,-0.868952,-0.561251,-0.350366,+0.099325,+0.048921,-0.223132,-0.348477,-0.489501,-0.057184,
+0.756987,+0.261726,-0.308486,-0.203652,-0.823638,-0.273240,+0.206151,+0.192639,-0.424194,-0.394320,+0.131922,+0.776844,+1.144509,+1.348235,+1.805101,+1.221042,

channel --> 3
+0.170843,-0.701914,-0.701914,-0.701914,-0.701914,-0.705889,-0.727288,-0.797599,-0.573415,-0.207135,-0.103680,-0.079794,+0.499355,+0.627421,-0.038344,-0.701914,
+0.571896,+0.238894,+1.101874,-0.090410,-1.327814,-1.221931,-0.727966,-0.961267,-0.607455,+1.618814,+1.217402,+0.417322,+0.110063,-0.225161,+0.403616,-0.574597,
+1.609442,+0.863210,+0.451875,-1.489853,+0.721058,+1.154887,+1.474822,+1.423991,+2.175270,-0.455666,-0.096578,-0.246484,-0.226485,-0.258883,+1.242292,-0.794143,
-0.491700,-0.085566,+0.828387,-0.813766,-0.125611,-0.030568,+0.332987,+0.140723,+0.258253,+0.755538,-0.123785,-0.285932,-0.222529,-0.234982,+1.180084,-0.637630,
-0.111773,-0.157246,-0.534765,-0.330296,-0.097844,-0.775682,+0.109802,+0.370305,-0.632539,-0.459908,-0.078642,-0.187534,-0.215333,-0.250708,+1.020653,-0.530237,
+0.424932,-0.217734,+0.644355,-0.285067,+0.790879,+0.026565,-0.299726,+0.913050,-0.029944,+0.345250,-0.233662,-0.223882,-0.231754,-0.235986,+0.897893,+0.138595,
+0.413669,-0.063595,+0.477980,+0.786206,-0.214806,+0.584570,+0.253041,+0.391007,+0.706684,+0.047714,-0.264482,-0.197539,-0.244670,-0.246710,+0.452130,+0.263175,
+0.192847,-0.464304,-0.315032,+0.272456,-0.444113,-0.627921,-0.709285,-0.562613,+0.479109,-0.198622,-0.192924,-0.299516,-0.242415,-0.274516,+0.122423,+0.453881,
+0.106715,-0.682145,-0.292108,-0.099267,-0.060361,+0.353362,+0.957334,+0.669553,+0.526118,-0.370134,-0.210745,-0.361897,-0.319200,-0.234825,-0.280671,+0.197900,
+0.442653,-0.284599,-0.212270,+0.083743,-0.286749,-0.372626,-0.363538,-0.726819,+0.405560,-0.157195,-0.278506,-0.165743,-0.409686,-0.540459,-0.166523,+1.139413,
+0.352440,-0.922461,+0.154879,+1.284010,-0.476047,+0.711337,+0.854317,+0.494435,-0.148696,+0.403844,-0.274543,-0.175315,-0.002018,-0.115337,-0.341388,+1.156687,
+0.352259,-1.026357,+0.110090,+0.267377,+0.597567,+0.299892,+0.376661,-0.182340,-0.020259,+0.135620,-0.206201,-0.199684,-0.195725,+0.442101,-0.268230,+1.263752,
+0.352259,-0.662628,-0.234833,-0.381450,+1.320642,-0.059545,-0.049628,+0.215978,+0.531947,+0.106072,-0.353191,-0.028510,-0.179081,+0.050303,-0.319999,+0.805773,
+0.352259,-0.731043,-0.208405,-0.222315,-0.106333,+0.702396,-0.142528,+0.617505,-0.347702,-0.290349,-0.051260,+0.082895,-0.067863,-0.201818,+0.096270,+0.525471,
+0.352259,-0.768241,-0.546794,-0.109898,-0.267341,+0.632307,-0.211324,+0.354817,-0.204911,-0.056527,+0.076228,+0.002507,+0.142744,-0.201917,-0.196212,-0.574920,
+0.352259,-0.978767,-0.406984,+0.023730,-0.279695,+0.275116,-0.691538,-0.955749,-1.269468,-1.878319,-2.355193,-2.508951,-2.645805,-2.442341,-2.346499,-1.982672,

channel --> 4
-0.036782,+1.460108,+1.460108,+1.460108,+1.460108,+1.436520,+1.446321,+1.446674,+0.483743,+0.776475,+0.854473,+0.578173,-0.514768,-1.487852,-1.095374,+1.460108,
+0.349257,+2.928866,+3.115964,+0.540782,+2.087493,+2.199684,+1.976636,+1.961350,+0.689032,+1.682503,-0.595053,-0.690702,-0.566641,-0.565265,-1.612515,+1.881075,
+0.072722,-0.219038,-1.417259,+0.503209,+2.151733,+1.867977,+1.806688,+1.924206,+1.378522,-1.237731,-0.302792,-0.571193,-0.701082,-0.590567,-1.571020,+1.178956,
-1.190062,-0.320240,-0.803078,+0.515691,+0.448803,+0.641945,+1.089365,+0.556592,-0.902062,-0.847585,-0.296779,-0.622746,-0.625354,-0.652920,-1.970384,+1.600778,
-0.894079,+0.015583,-2.004326,-0.194911,+0.492088,+0.679673,+1.083429,-0.145100,-0.733334,-0.702186,-0.030731,-0.632622,-0.617451,-0.639453,-0.828671,+1.335517,
+0.416636,+0.045305,-1.050733,+0.162988,+1.159151,+0.460322,-0.570900,+0.518250,+0.470195,-0.179990,-0.678198,-0.616350,-0.636741,-0.609897,-0.950476,-0.234541,
+0.215023,-0.234458,+0.127973,-1.142692,-0.254115,+0.275389,+0.418111,-0.336826,-0.355028,-0.379297,-0.654400,-0.656217,-0.670434,-0.667224,-0.375092,-1.068727,
+0.067236,+0.018042,-0.267525,-1.390868,+0.035650,+1.132125,+0.518119,+0.706290,+0.286593,-0.803910,-0.257459,-0.597533,-0.691334,-0.660699,-1.026163,-1.005047,
+0.214850,+0.708124,-0.207096,-1.841630,+0.162395,+0.491157,-0.196230,-0.062105,-1.592262,-1.113509,-0.883532,-0.593253,-0.134510,-0.513000,-0.648873,-1.611776,
+0.960980,+0.848243,-0.824526,-2.272264,+0.191726,+0.283974,+0.118674,+0.068507,-0.824404,-1.625408,-1.194634,-1.455335,-0.522212,-0.652366,-0.236875,-1.995497,
+0.983077,+0.758636,-1.436110,-0.766953,+0.201192,+0.922232,+0.614516,+0.284939,-0.436316,-1.010807,-1.225228,-1.227529,-1.205010,-1.636108,-1.726423,-2.311588,
+0.983199,+0.427961,-0.431881,-0.993399,-1.537874,+0.021320,+0.488700,-0.212083,-0.458825,-0.822492,-1.682330,-1.247127,-1.461010,-1.829428,-1.380448,-0.722927,
+0.983199,+1.714421,-0.039323,-1.609011,-0.203760,-1.374788,+0.212100,-0.323876,-0.514662,-1.500052,-1.240747,-1.193059,-1.792414,-1.073954,-1.761883,-1.521620,
+0.983199,+1.653439,-0.499097,-0.653700,-1.004574,-1.473712,-0.948798,-0.208744,-1.133545,-1.396833,-1.439998,-1.587909,-0.893397,-1.342899,-1.470101,-0.718910,
+0.983199,+1.267473,+0.010129,-0.766112,-0.595840,-1.396792,-1.462144,+0.153427,-0.964109,-1.294597,-1.083888,-1.348706,-0.420363,-1.380791,-0.876795,-0.437757,
+0.983199,+1.318135,+0.664769,-0.670281,-0.217212,-0.277507,-0.246978,+1.225459,-0.000256,-0.260730,+0.827825,+1.560303,+1.997298,+2.191308,+2.813930,+2.377112,

channel --> 5
+1.384737,+0.703634,+0.703634,+0.703634,+0.703634,+0.700882,+0.673416,+0.632565,+0.299138,-0.201053,-0.268214,+0.246377,+0.354527,+0.578286,+0.742347,+0.703634,
-0.045268,-0.655652,-0.810769,+0.138995,-0.011715,+0.094519,-0.286424,+0.208383,-0.405723,-0.748016,+0.892662,+0.605780,+0.496087,+0.765673,+0.135219,+0.511698,
+0.310286,+1.008496,+1.123478,-1.657633,+0.825852,-0.150594,-0.599489,+0.177413,-0.937744,-0.007159,+0.657139,+0.720259,+0.741226,+0.687721,+1.141303,-0.681038,
-0.344697,+0.866154,+1.504545,-0.928506,-0.227091,-1.516215,-0.852473,+0.494250,-1.256177,-0.354149,+0.565082,+0.726822,+0.648262,+0.693088,+1.431187,-0.858746,
-0.533775,+0.883934,+0.680328,+0.174028,-1.907612,-0.540527,-1.012215,-0.894239,-0.987609,-0.794468,+0.628314,+0.732194,+0.643489,+0.664034,+0.960378,-0.841281,
-0.002796,+0.255525,+1.497339,+0.530720,-1.124333,+0.679022,-0.799491,-1.944839,+1.506310,-1.503119,+0.697658,+0.629094,+0.682527,+0.659379,+1.247024,-0.855496,
+0.341015,+0.103344,+1.599371,+1.304599,-0.999305,-0.787993,-1.716353,-1.067942,-0.819887,-0.385342,+0.634759,+0.645553,+0.646398,+0.650796,+0.675865,-0.331096,
+0.334937,-0.062683,+1.011221,+1.719993,-0.817298,-1.064879,-0.211912,-0.853543,-1.556455,-0.016147,+0.416650,+0.583647,+0.687733,+0.622066,+0.886539,-0.189713,
+0.356558,-0.300690,+0.751326,+0.981210,-0.075268,+0.732660,-0.271701,-0.058305,+0.300920,-0.364252,+0.465737,+0.377498,+0.229348,+0.486058,+0.614035,-0.278675,
+0.912355,-0.743383,+0.616365,+0.892723,+0.168094,+0.085942,-0.381377,+0.294443,-1.556975,+0.333443,+0.000796,+0.554788,-0.145036,+0.130841,+0.287807,+0.890240,
+0.862524,-0.706781,+1.014636,+1.130609,+0.148474,-0.484770,+0.209417,-0.187996,-2.090607,+0.974764,+0.183668,+0.905616,+0.240406,+0.560909,+0.558494,+1.129386,
+0.862070,-0.954166,+0.486899,+0.293817,+0.748267,-1.331905,-0.143977,-0.321903,-2.475924,+1.011043,+0.333921,+0.552869,+0.585120,+0.709165,+0.204226,+1.139786,
+0.862070,-0.708912,-0.196630,+0.373378,+1.329048,+0.428904,-0.165480,-1.571480,-1.485308,+0.512625,+0.321905,+0.963688,+0.532730,+0.851060,+0.217065,+1.168090,
+0.862070,-0.408407,-0.239945,+0.842760,+0.930063,+1.161148,+0.662428,-2.837272,-0.036206,+0.619247,+0.459463,+0.367103,+0.461963,+0.420656,+0.190847,+0.495391,
+0.862070,-0.379057,-0.257563,+0.646199,+0.551886,+1.233835,+0.806980,-3.128884,+0.274732,+0.146724,+1.034943,+0.546796,+0.476033,-0.170639,-0.025697,-0.330672,
+0.862070,-0.407427,-0.481232,+0.350715,-0.064743,-0.252927,-0.601437,-2.879457,-1.408961,-2.043960,-1.808787,-2.676349,-2.859499,-2.493237,-1.769108,-0.770856,

channel --> 6
+1.212241,+0.164979,+0.164979,+0.164979,+0.164979,+0.214582,+0.262399,+0.187163,-0.603668,-0.304045,-0.299262,-0.267040,-0.490184,+0.604267,+1.537520,+0.164979,
-1.583710,-0.450620,-0.678905,+0.366016,+0.759955,+1.335863,+1.329132,+1.421088,+1.078900,+0.681294,+0.186343,+0.175193,-0.202835,-0.284655,-0.025981,+0.022882,
+0.025079,+0.378613,+0.124453,-0.801272,+1.357285,+1.312055,+0.625883,+1.224028,+0.811711,-1.354537,-0.133598,-0.185963,-0.067269,-0.147524,-1.171146,-0.023600,
-1.757369,-0.301204,-0.750171,-1.089684,+0.696277,+0.337251,+0.322611,-0.169714,-0.530400,-1.884539,-0.185280,-0.177096,-0.233991,-0.280671,-1.134159,-0.464286,
-1.777247,-0.186639,+0.721489,-0.776669,-0.608478,-0.477018,+1.926943,+1.562264,-1.162751,-1.534645,-0.160096,-0.233267,-0.292968,-0.190164,-1.203042,-0.406782,
-0.549983,-0.544252,-2.074762,-0.925108,+0.522766,+0.066702,-0.471742,-0.780054,+0.217368,-1.484714,-0.263974,-0.281989,-0.265697,-0.242744,-0.801728,-1.158058,
-0.521154,-0.371450,-0.590400,-0.741614,-0.084251,+0.584375,-1.026978,+0.291463,+0.403461,-0.133475,-0.245756,-0.255777,-0.314270,-0.277250,-1.186607,-0.578425,
-1.305141,-0.995185,-0.041013,-1.320464,-1.196202,-0.078807,+0.208482,-0.146746,-0.841631,-1.029337,+0.033836,-0.078483,-0.257255,-0.314680,-0.671055,-0.241720,
-0.581737,-0.310345,-0.422007,-1.268507,+0.367233,+0.333983,+0.988698,+0.392838,-0.152637,-1.362924,-0.256155,+0.039299,-0.169180,+0.171161,-0.259187,-0.289534,
+0.104901,-0.090825,-0.412032,-1.501895,+0.063248,+0.948702,+0.197944,+0.911313,-2.004597,-2.545071,-0.779860,-0.103162,-0.642277,-0.305677,-0.174744,-1.027756,
-0.035923,-0.627044,-0.203328,-1.593891,-1.496217,+0.247632,+0.848602,+0.735360,-2.116453,-0.396701,-0.342329,+0.629836,-0.262483,-0.546447,-0.241321,-1.154821,
-0.036212,-1.122165,-0.126797,-0.721608,-2.700152,-0.429418,+0.341146,+0.807691,-2.830811,-0.589876,+0.200854,-0.111386,-0.047603,-0.424476,-0.502422,-0.895235,
-0.036212,+0.012794,-0.506473,-0.179015,-1.490471,-1.114067,+0.564795,-0.067076,-1.001947,-0.368869,-0.270409,-0.227640,-0.373023,-0.450947,-0.965598,-0.549766,
-0.036212,+0.041549,-0.214617,-0.329494,-0.512973,-2.409244,-0.940624,-1.235695,-1.727053,-0.423520,-0.811416,-0.288016,-0.324467,-0.234672,-0.461307,-1.373256,
-0.036212,-0.633178,-1.013917,-0.175825,-0.346813,-1.292558,-0.613295,-1.193989,-1.953759,-0.189176,+0.075517,-0.772644,-0.271491,-0.208706,+2.066105,+3.062455,
-0.036212,-0.127455,-0.704545,+0.468715,+1.842491,+2.141069,+0.851793,+0.293012,+3.795267,+3.692915,+2.848303,+1.493102,+1.404561,+1.283778,+1.174044,+1.319927,

channel --> 7
-1.953226,-0.532937,-0.532937,-0.532937,-0.532937,-0.607172,-0.586019,-0.416056,+0.008403,-1.635321,-0.738362,-0.355172,+1.107305,-1.110205,-2.057359,-0.532937,
+0.973255,+0.817841,-0.116006,+1.966904,+1.798227,+1.708842,+1.524464,+1.539043,+0.963922,-0.505424,-0.618928,-0.449821,+0.023376,+0.460511,+0.457953,+1.358045,
-0.070196,-0.435126,-0.022052,+3.103465,+0.159489,-1.566521,-1.909403,-1.867691,-2.072965,+2.018987,+0.040694,+0.518843,+0.431858,+0.399558,-0.216942,+1.853469,
+1.283080,+0.288145,+0.203122,+2.597910,-0.595379,-0.736564,-0.919611,-0.137323,-0.970319,+1.538076,+0.072750,+0.480505,+0.392055,+0.393288,-0.329570,+2.216825,
+2.282033,+0.344348,+0.095990,+1.093331,-0.021252,+0.518959,-0.548738,-0.598613,+0.314472,+1.160671,+0.200191,+0.417988,+0.456817,+0.382891,-0.201852,+2.383098,
+1.197389,+1.264282,-0.093933,+0.385045,-2.081086,-0.395794,-0.790899,-2.411962,-0.120328,+0.421776,+0.466684,+0.368430,+0.445739,+0.368397,-1.220905,+2.685539,
+0.860314,+1.104667,-0.119744,+0.495557,-0.248540,-1.208586,-0.618843,-0.940181,-1.266806,+0.519972,+0.429562,+0.382313,+0.391269,+0.472248,-0.640151,+1.044603,
+1.143636,+1.548377,+0.631178,+0.675203,+0.286771,-0.615988,+0.665744,-0.566619,-0.001808,+1.283621,+0.387297,+0.392152,+0.413247,+0.403679,-0.732392,+0.102459,
+0.959858,+1.401677,+0.565314,+1.135428,-0.307347,-0.673440,-1.948144,-1.486229,-0.157871,+1.862326,-0.066031,+0.070113,+0.359480,+0.461037,+0.383926,+0.907607,
+0.584985,+1.966564,+0.728344,+0.756476,+0.138357,-0.918554,+0.070683,-0.005727,-0.432037,+2.132989,+1.001983,-0.210169,+0.827032,+0.635853,+0.395520,-0.160842,
+0.673285,+2.122169,+0.289426,-0.330775,+1.163464,-1.512110,-1.268429,-1.139263,-0.508673,+0.320104,+0.775395,-0.263571,+0.494233,+0.492164,+0.307498,-0.103666,
+0.673403,+2.767600,+0.134159,+0.509944,+0.048680,-0.419422,-0.714098,-0.720879,+1.032630,+0.104312,+0.222033,+0.339044,+0.602310,+0.718526,+0.743302,-0.606349,
+0.673403,+1.528907,+0.794115,+0.826607,-0.404592,+0.297172,-0.492281,-0.997396,+1.260426,+0.159526,+0.915179,+0.329589,+0.407046,+0.177933,+0.810210,-0.774391,
+0.673403,+1.588362,+1.312098,+0.579615,+0.292884,+0.229744,+0.606755,-1.095425,+1.403645,+0.257536,+0.863024,+0.502744,+0.635405,+0.492259,+0.947333,-0.214627,
+0.673403,+1.781444,+1.649387,+0.480254,+0.511298,-0.023892,+0.687458,-1.351838,+1.657750,+0.289763,-0.180144,+0.387637,+0.489181,+0.929748,+0.544426,+0.036463,
+0.673403,+1.997641,+1.355533,+0.125282,+0.646125,+0.409239,-0.056532,-0.144991,+1.556177,+0.675936,-0.309098,-0.321559,-0.777465,+0.224519,+0.540346,-0.230749,

channel --> 8
+0.504621,-0.163992,-0.163992,-0.163992,-0.163992,-0.087286,+0.034219,+0.060117,-0.294745,+0.768911,-0.536483,-1.273560,-2.250108,+0.204742,+1.491793,-0.163992,
+0.512232,-0.514325,+1.092523,+2.793129,+0.510036,+0.590112,+0.494360,+0.550580,+0.306836,-0.398051,+0.608605,-0.059162,-0.414143,-0.354933,+0.957374,+0.917290,
+0.279025,+0.491021,+0.106880,-1.352599,-0.205922,+1.309258,+1.753193,+1.299356,+0.277895,-1.444822,-0.971974,-0.448564,-0.438463,-0.522381,-0.034390,-0.286055,
-0.405112,-0.724584,+0.587649,-0.003742,+0.610918,-0.004140,+0.371171,+0.584504,-0.500215,-0.381920,-0.533342,-0.354959,-0.452756,-0.357879,+0.629916,+0.415165,
-0.306748,-0.925305,-0.172080,-0.642042,+1.671300,+0.321163,+0.432605,+1.926715,+0.332130,-1.347621,-0.623112,-0.351514,-0.381117,-0.170735,+0.665587,+0.852929,
+0.066222,-1.633904,+0.501005,+0.259441,+0.054140,-1.025572,-0.808627,-0.191768,-1.333075,-0.812350,-0.293814,-0.402033,-0.345300,-0.304220,-0.389406,+0.464830,
+0.548351,-1.568774,+0.284631,+1.361407,+0.139469,+0.699725,-0.080884,-0.403361,+0.073325,-1.887666,-0.501040,-0.278480,-0.451645,-0.347055,-0.636351,+1.222227,
+1.273782,-2.084264,-0.340985,+0.268870,+0.178359,+0.667833,-1.039250,-0.598220,-0.004413,-1.075671,-0.164581,-0.447187,-0.309243,-0.407547,-0.650862,+1.663441,
+0.927458,-2.306348,-1.019401,+0.407025,-0.553355,-0.455854,+0.975929,+0.539702,+0.643571,-1.509865,-0.884759,-0.348774,-0.496969,-0.169606,-0.486705,+1.121955,
+0.746569,-1.784503,-1.028026,+0.101510,-0.868264,-0.041274,-0.382251,-1.859943,+0.434557,-0.885106,-1.280036,-1.211284,-0.776580,-0.822008,-0.793997,-0.555340,
+0.881732,-2.300615,-1.156766,-0.216459,+0.128528,+0.273359,+0.258048,+0.541264,-0.229249,-1.787786,-0.791907,+0.112279,-2.087561,-1.793699,-0.252008,+0.578452,
+0.881690,-1.693550,-1.532041,-0.540517,+1.024818,-0.179159,+0.378997,-0.268121,-0.618138,-0.539334,-0.279745,-1.116389,-0.639813,-1.534330,-1.289696,+0.884699,
+0.881690,-1.268545,-1.659774,-0.852358,-0.008289,-0.058073,+0.108033,+0.267936,-1.467412,-1.288599,-1.905617,-1.374906,-1.501982,-0.692745,-1.593829,-0.698046,
+0.881690,-1.112808,-1.823771,-0.849864,-0.924205,+0.172590,-0.035712,+1.172340,-1.364520,-0.990077,-1.712110,-1.083860,-1.204788,-0.287216,-1.364578,-1.440757,
+0.881690,-0.239158,-2.124833,-0.800628,-0.646663,+0.089652,-0.138188,+0.874417,-1.633826,-1.199129,-0.838281,-1.368496,+0.257156,-0.914297,-0.282596,+1.991447,
+0.881690,-0.360353,-2.655837,-0.240275,+0.059388,+1.242351,+1.605917,+1.596614,+1.272584,+0.453658,-1.353332,-1.846930,-2.030465,-1.972820,-1.609237,-1.858094,

channel --> 9
-0.620832,-0.131801,-0.131801,-0.131801,-0.131801,-0.146555,-0.168043,-0.221041,-0.237432,-0.613948,-0.657512,-0.583403,-0.280676,-0.174236,-0.882042,-0.131801,
-0.493188,-0.531811,-0.611235,-0.461781,-0.359671,-0.272974,-0.215503,-0.340779,-0.513174,+0.112788,+0.028006,+0.059470,+0.117390,+0.110509,-0.272679,-0.152030,
-0.042786,+0.073054,+0.072109,-0.431170,+0.227981,+0.180805,+0.158572,+0.142561,+0.254557,-0.644885,+0.153413,+0.120193,+0.135540,+0.124123,-0.148360,-0.260709,
-0.414677,+0.138231,+0.063558,-0.452463,+0.116758,+0.171814,+0.106768,+0.111579,+0.175254,-0.298231,+0.132383,+0.118674,+0.124985,+0.100801,-0.052813,-0.427979,
-0.352356,+0.172008,-0.101567,-0.183106,-0.109144,-0.034359,+0.366424,+0.176917,-0.151616,-0.096967,+0.145354,+0.126702,+0.116469,+0.117101,-0.178431,-0.481989,
-0.377368,+0.109821,-0.096832,-0.098475,+0.203305,+0.232877,-0.167492,+0.042076,+0.045983,+0.036660,+0.140625,+0.118284,+0.123487,+0.117159,-0.102020,-0.530498,
-0.329317,+0.140266,-0.006626,-0.039981,+0.064540,+0.259148,+0.092779,+0.131643,+0.175612,+0.168899,+0.120978,+0.120690,+0.116592,+0.122707,+0.107925,-0.394475,
-0.497350,+0.107126,+0.125453,+0.185718,-0.055675,-0.198403,-0.094876,-0.109354,-0.054323,+0.080468,+0.166074,+0.157572,+0.117802,+0.113972,+0.049249,-0.315635,
-0.383283,-0.050612,+0.100622,-0.026311,+0.148530,+0.297764,+0.009301,+0.117377,-0.003456,+0.040270,+0.029187,-0.000041,+0.134505,+0.198605,+0.121707,-0.313132,
-0.160102,-0.142414,+0.127033,-0.063747,+0.317194,-0.107797,+0.054461,+0.027217,-0.246818,-0.111897,+0.216135,+0.001321,+0.082124,+0.070723,+0.142832,-0.075607,
-0.177356,-0.313874,+0.147685,-0.013687,-0.205344,+0.124334,+0.146900,+0.130541,-0.304205,+0.225163,+0.111927,+0.054820,+0.203682,+0.183703,+0.057015,-0.036732,
-0.177476,-0.289040,+0.257825,+0.152922,-0.330703,+0.095168,+0.221003,+0.183029,-0.188939,+0.184550,+0.124126,+0.134510,+0.157664,+0.247464,+0.159460,-0.175913,
-0.177476,-0.372006,+0.023008,+0.051426,+0.139504,-0.070625,+0.216674,+0.059004,+0.054777,+0.238317,+0.182356,+0.203863,+0.170368,+0.194889,+0.126344,-0.019273,
-0.177476,-0.215537,+0.119057,+0.122787,+0.146657,+0.034624,+0.189867,-0.151128,-0.046625,+0.158486,+0.187505,+0.196961,+0.154619,+0.114072,+0.153816,+0.105703,
-0.177476,-0.401524,+0.127029,+0.143368,+0.097685,+0.124668,+0.217475,-0.279545,+0.023486,+0.210922,+0.103345,+0.198009,+0.362389,+0.385617,+0.620997,+0.495972,
-0.177476,-0.339837,+0.019910,+0.342918,+0.615913,+0.593425,+0.198601,-0.005011,+0.445469,+0.195498,-0.053534,+0.049327,-0.338832,-0.256588,-0.304156,-0.408526,

channel --> 10
-1.153450,-0.003297,-0.003297,-0.003297,-0.003297,-0.014067,-0.005003,+0.040574,-0.214945,-0.118232,-0.114527,-0.275379,-0.791638,-0.785520,-1.120080,-0.003297,
+0.255808,+0.909729,+0.345151,+0.287235,+0.545021,+0.424086,+0.283667,+0.239572,-0.046390,-0.476902,+0.051780,+0.258184,+0.238841,+0.078322,+0.311571,+0.314323,
-0.391015,+0.216682,-0.236846,+1.110055,-0.303555,+0.005488,+0.418744,+0.065189,-0.340820,-1.103776,-0.204223,+0.049553,+0.033165,+0.036202,-0.410563,+0.485417,
-0.787594,+0.028874,-0.523221,+0.014923,+0.078708,+0.354409,+0.204095,+0.159590,+0.099935,-1.153275,-0.075833,+0.077018,+0.063482,+0.073170,-0.594699,+0.695985,
-1.004913,-0.041854,+0.244723,-0.494081,+0.895721,+1.007179,-0.467362,-0.278019,+0.730231,-0.529602,-0.037774,+0.044383,+0.064748,+0.079750,-0.386068,+0.841384,
-0.389662,-0.076041,+0.188625,+0.441417,+0.313622,+0.102211,-0.225576,+0.050504,-0.498781,-0.599390,+0.019373,+0.069388,+0.054776,+0.074163,-0.464928,+0.139620,
-0.133849,-0.523650,+0.063935,+0.014356,+0.320672,-0.092282,+0.186724,-0.251694,+0.122465,-0.161858,+0.087283,+0.056996,+0.081060,+0.045069,-0.348563,+0.054281,
-0.279197,-0.751200,+0.228227,+0.135745,+0.691298,+1.077489,+0.315830,+0.931360,+0.084428,-0.215677,+0.028842,+0.109679,+0.061392,+0.104698,-0.316456,+0.115246,
+0.027763,-0.664492,+0.392794,+0.196917,+0.098306,+0.038346,-0.318223,+0.131940,-0.848998,-0.453607,-0.108552,+0.430411,+0.216912,+0.054886,+0.098845,+0.513261,
+0.449069,-0.841754,+0.164211,+0.023205,-0.205266,+0.076353,+0.126278,+0.343382,-0.948685,-0.997108,-0.276496,+0.054138,+0.318955,+0.551449,+0.018716,-0.441420,
+0.478396,-0.805075,-0.144774,-0.266773,+0.455572,-0.057467,+0.114293,-0.010494,+0.222062,-0.607463,-0.077225,+0.179554,-0.109712,-0.202586,+0.239325,-0.573370,
+0.478241,-0.949319,-0.147077,-0.405617,+0.063232,+0.113373,+0.051613,-0.060741,-0.430268,-0.261778,+0.235391,+0.181668,-0.080210,-0.352840,+0.292176,-0.430955,
+0.478241,-0.342701,-0.056272,+0.149498,-0.070904,+0.388072,+0.128910,+0.119766,-1.086332,-0.006746,+0.234451,-0.259123,+0.076708,-0.262290,-0.025505,-0.516773,
+0.478241,+0.038444,-0.585902,+0.223373,-0.106796,+0.234251,+0.069293,-0.358471,-0.531064,+0.069068,-0.169018,-0.045273,+0.037819,+0.097706,-0.097519,-0.301359,
+0.478241,-0.266346,-0.749690,+0.126450,+0.070159,-0.339107,+0.236315,-0.218810,-0.853997,+0.139133,-0.207795,+0.084656,-0.511273,-0.173391,-0.257929,-0.061447,
+0.478241,+0.006707,-1.031203,-0.007027,-0.458457,-0.267846,+1.112280,+1.004048,-0.206212,+0.975389,+1.401954,+2.110453,+1.883597,+1.584239,+1.348136,+0.893800,

channel --> 11
+0.938185,+0.180962,+0.180962,+0.180962,+0.180962,+0.125052,-0.006456,-0.200317,-0.536456,-3.069236,-2.359000,-0.979515,+0.811206,-0.175266,-1.084653,+0.180962,
-2.480142,-3.780290,-3.269315,-1.406685,-0.998662,-1.739898,-1.705021,-1.927466,-1.525347,-3.802743,-0.153813,-0.112559,+0.246223,+0.970058,-2.228312,-0.201308,
-1.834400,-0.459176,-1.180278,-2.532616,-0.184087,+0.798150,+0.934787,+0.063620,-0.259823,-0.183780,+0.847479,+0.940676,+0.877258,+0.926080,-1.268453,-1.311959,
+0.009174,+0.743066,-1.496351,-1.374265,+1.799895,+2.200999,+2.120110,+1.576167,+2.248094,-0.005200,+0.962703,+0.877129,+0.892302,+0.963565,-1.750579,-1.230184,
+0.255734,+0.753969,-1.804423,+0.391898,+0.752068,-0.704135,-0.391328,+0.357157,-0.671547,+0.161785,+0.340988,+0.928946,+0.962053,+0.826554,-0.850710,-1.311047,
-0.075210,+0.959201,-0.694888,+0.269495,-0.053781,+1.010928,+1.542764,+0.118856,+0.607808,+0.928617,+0.834620,+0.910752,+0.947200,+0.804948,-1.345726,-1.298370,
+0.115689,+0.467067,+0.047512,-0.198335,+1.527456,+1.742972,+1.083667,+2.395346,+1.020552,+1.840695,+0.776552,+0.934601,+0.890689,+0.967458,-0.091022,-1.860148,
-0.390621,+0.561596,+0.841894,+0.264181,+1.551910,+0.199446,-0.357330,-0.217892,+0.714834,+1.442219,+0.297780,+0.610993,+0.933120,+0.825620,+0.106616,-1.637135,
-0.411637,+0.244947,+0.570467,-0.491979,+0.628760,+0.601238,+0.799815,-0.455457,+1.337473,+0.372465,+0.368772,+0.309140,+0.092499,+0.383930,+0.802911,-2.004908,
+0.100174,+0.306650,+0.468020,-0.812345,+0.950081,+0.117348,-0.637000,-0.191366,+1.057473,+0.897762,+0.980832,+0.379355,+0.221749,+0.370331,+0.279188,-1.386311,
+0.093895,+0.065008,+0.750240,-1.956044,+0.161840,+1.448904,+1.832466,+1.377078,+0.254115,+0.915811,+0.908904,-0.204455,+0.602614,+0.862963,+0.856237,-2.210533,
+0.094165,+0.256324,+0.085287,-0.178222,+0.141515,+1.713167,+1.547384,+1.827891,-0.061174,+1.051192,-0.611338,+0.253705,+0.844756,+1.468761,+0.662109,-1.378312,
+0.094165,-0.001791,+0.173609,+0.727985,-0.599185,+0.778239,+1.470865,+1.982763,+1.139173,+0.684098,+0.389133,+1.227937,+0.631738,+1.152701,+0.765953,-1.264735,
+0.094165,+0.028443,+0.509373,+0.809957,+0.901731,+0.387708,+1.515494,+1.889978,+1.163641,+0.696429,+1.259031,+0.684482,+0.616330,+0.739644,+0.839525,-0.181950,
+0.094165,-0.338959,+0.556526,+0.764030,+0.795981,+0.130578,+0.947534,+1.266556,+1.144554,+0.096164,+0.850479,+0.587445,-0.186656,-2.004080,-1.557209,-4.661617,
+0.094165,-0.354062,+0.215932,-0.988425,-1.453682,-3.327062,-3.081320,-1.377347,-4.593077,-5.702794,-5.402345,-5.715203,-5.701585,-4.327938,-3.254050,-2.293213,

channel --> 12
+0.025355,+0.100683,+0.100683,+0.100683,+0.100683,+0.137310,+0.145780,-0.054288,-0.696694,+0.187858,-0.047936,+0.042812,-0.064727,+1.498285,-0.755537,+0.100683,
-2.528016,-0.985387,-0.540226,-0.722114,-0.642884,-0.417789,-0.514924,-0.304187,+0.174101,+0.763790,+0.591825,+0.619522,+0.657999,+0.475379,-1.145447,-0.315709,
+0.546332,+0.912896,-0.662851,-2.638186,-0.508059,+0.327953,+0.790222,+0.558286,-0.666796,-2.660098,+0.388768,+0.474468,+0.491630,+0.452572,-1.340154,-1.389874,
-1.185028,+0.792291,-0.901231,-2.321014,+0.313831,+0.340440,+0.824606,+0.780567,+0.062124,-1.447680,+0.486481,+0.466971,+0.427193,+0.385174,-1.538147,-1.768376,
-2.043835,+0.638358,-0.859081,-0.962964,-0.157045,+1.516322,+1.423395,+1.108469,-0.060894,-0.430848,+0.547237,+0.421637,+0.423817,+0.468849,-1.451506,-1.868156,
-1.512422,+0.304773,-0.392294,+0.358828,-0.198703,+0.170342,-0.996706,-0.880986,+0.125781,-0.585709,+0.552956,+0.402608,+0.382217,+0.435843,-2.114246,-3.144654,
-1.421349,+0.199525,+0.272818,+0.539174,+0.326724,+0.255455,-0.081232,+0.591482,+0.385707,+0.488874,+0.396922,+0.406696,+0.399491,+0.361329,-0.386658,-1.911874,
-1.982793,-0.465799,+0.771273,+0.136990,+0.224751,+0.580595,+0.658363,+1.095178,+0.631366,+0.270358,+0.645648,+0.558030,+0.356010,+0.390750,-0.213748,-1.575201,
-1.599887,-0.705870,+0.810992,-0.261246,+0.553979,+0.578857,+1.749621,+0.601267,-0.325760,-0.619589,+0.446156,+1.018279,+0.593653,+0.687852,+0.358311,-1.517067,
-0.859316,-0.316263,+0.679882,-0.652345,-0.134761,+0.643129,+0.111115,+0.936565,-1.779216,-1.224019,+0.063315,+0.638276,+0.588953,+0.666511,+0.590569,-1.681588,
-0.798511,-1.536836,+0.172066,-1.175829,-1.348779,+0.429960,+0.969730,+0.825231,-1.433330,-0.094239,+0.382383,+0.610620,+0.552367,+0.275185,+0.237279,-1.405454,
-0.798293,-1.938066,+0.498702,-0.129017,-0.907170,+0.529207,+0.631148,+0.611623,-2.012270,+0.349469,+0.515322,+0.548445,+0.400834,+0.297919,+0.424680,-0.965142,
-0.798293,-0.870129,+0.517274,+0.501979,-0.050910,-0.048240,+0.619157,-0.038212,-0.154501,+0.343719,+0.253348,+0.309970,+0.240724,+0.420663,-0.036985,-2.020689,
-0.798293,-1.243914,+0.057185,+0.661433,+0.350369,-0.050459,+0.317400,-1.339042,-0.594724,+0.342444,+0.172534,+0.692306,+0.543852,+0.333052,+0.508530,-0.481514,
-0.798293,-1.748489,-0.404880,+0.746693,+0.583121,-0.325656,+0.287467,-1.658386,-0.990495,+0.535588,+0.499288,+0.278240,+1.001451,+0.486315,+1.208222,+1.067460,
-0.798293,-1.576311,-0.739332,+1.403789,+1.675258,+1.552663,+0.894671,+0.022238,+0.464172,+0.997498,+0.159208,+0.231598,+0.092142,-0.460919,-0.262130,-0.196249,

channel --> 13
+0.774301,-0.209559,-0.209559,-0.209559,-0.209559,-0.185564,-0.167121,-0.099915,+0.843198,+1.123953,+1.373404,+0.729215,+0.965306,-0.041908,+2.154867,-0.209559,
+1.933030,+1.742909,+1.983884,+1.407940,-0.010710,-0.347936,+0.153238,-0.196986,+1.026926,+0.978981,-0.722399,-1.449422,-1.888962,-2.082546,+1.238719,+0.127904,
+1.013058,-1.268625,+0.478128,+2.537434,+1.327530,-0.189795,-0.562666,-0.221444,+1.155189,+3.128895,-1.772254,-2.072877,-1.987301,-2.086412,+1.533495,+0.827456,
+2.314854,-1.656585,-0.061636,+3.024399,-1.043369,-1.063518,-1.983802,-1.983952,-0.571679,+2.845561,-1.846007,-2.053245,-2.018101,-2.011028,+0.763567,+0.615955,
+2.534518,-1.537509,+0.921840,+2.600936,+0.020019,-0.323226,-1.059471,-0.815814,+0.493445,+1.347034,-1.849906,-2.059176,-2.024936,-2.066604,-0.279589,+0.191458,
+1.656881,-0.450152,+0.429475,+0.673284,+1.207375,+0.572899,+1.695950,+1.140174,+1.088787,+1.189334,-2.042985,-2.068830,-2.074365,-2.059418,-0.237463,+2.561061,
+1.538222,+0.357877,-1.629695,+0.906940,+0.148751,-0.872768,+0.707295,-0.325325,-0.802549,-0.855520,-2.024772,-2.054965,-2.015247,-2.049630,-1.493302,+2.689566,
+1.582915,+1.043863,-1.913070,-0.197562,+0.229315,-0.898013,+0.960399,-0.726457,-0.710451,-0.479244,-1.952941,-1.932147,-2.051483,-2.069058,-1.513389,+2.098239,
+1.373018,+1.227749,-1.670249,+0.508741,+0.631928,-0.016399,+0.420781,+0.459662,+0.648769,+0.899680,-0.873509,-1.458988,-1.877698,-1.908218,-2.027449,+1.396414,
+0.412503,+1.173605,-0.746256,+0.688980,+0.944576,+0.190884,+0.304877,-0.167876,+0.578105,+1.788397,-0.667509,-0.853305,-1.170323,-1.178500,-1.755815,+1.899254,
+0.382205,+2.151809,-0.205271,+0.845880,+1.598730,-0.665206,-0.847647,-1.534204,+1.735289,+0.135356,-0.495940,-0.798844,-0.611923,-0.529992,-0.935275,+1.223849,
+0.382178,+2.792497,-0.862811,-0.334308,+1.738122,-0.549659,-1.623957,-1.398978,+2.691701,-1.534149,-0.071971,-0.576520,-0.671283,-0.164789,-0.885145,+0.024490,
+0.382178,+1.776531,-0.008796,-0.094587,-0.405364,+0.514733,-1.598660,-0.641851,+1.349209,-0.784966,-0.637345,-1.109979,-0.427885,-1.436121,-0.133366,+0.375581,
+0.382178,+1.570816,+0.204722,-1.664953,-1.101833,+0.373707,-0.295981,+0.115069,+0.984115,-0.854887,-0.521712,-0.535759,-1.139005,-1.256594,-0.360604,-0.673510,
+0.382178,+1.733669,+0.874424,-1.579751,-1.682644,-0.475491,-0.051678,+0.524920,+1.213842,-0.506101,-1.067107,-0.847339,-1.173938,+0.882043,-0.021998,+0.636160,
+0.382178,+1.490962,+1.154414,-0.997192,-1.227091,+0.052590,+1.432550,+1.963772,+2.273127,+1.712357,+0.989050,+0.906220,+1.550636,+1.514331,+0.971418,+1.110783,

channel --> 14
+0.010108,+0.275557,+0.275557,+0.275557,+0.275557,+0.286442,+0.310222,+0.358128,+0.595556,+1.480047,+1.073173,+0.812607,+0.802356,+1.057110,+0.258706,+0.275557,
-0.264234,+0.378454,+0.184089,-0.695911,-0.073980,+0.428449,+0.502030,+0.601699,+0.348036,-0.822144,+0.514475,+0.434939,+0.370995,+0.561753,-1.106714,-0.589353,
-0.517911,+0.074069,-0.792856,-1.374574,-0.361041,-0.058221,+0.233226,+0.237321,-0.065725,-0.283212,+0.644097,+0.549360,+0.564770,+0.549781,-0.783462,-1.075818,
-0.792730,+0.256201,-0.615945,-0.569852,+0.038717,-0.135594,+0.340711,+0.219818,-0.089678,-0.327149,+0.751860,+0.574841,+0.582229,+0.618876,-0.655829,-0.706104,
-0.882771,+0.235335,-1.653704,-0.219589,-0.379930,-0.515144,-0.272655,+0.173059,-0.564067,+0.083888,+0.621038,+0.593151,+0.619897,+0.635717,-0.190770,-0.777475,
-0.960895,+0.033291,-0.347696,+0.053958,-0.282903,+0.417776,-0.367510,-0.200641,+0.852988,+0.263742,+0.671016,+0.615088,+0.606075,+0.637951,-0.099085,-0.966601,
-0.855190,+0.110562,-0.087914,+0.117678,-0.421858,-0.093996,-0.457516,+0.111385,+0.065165,+0.428156,+0.538645,+0.640012,+0.618176,+0.632750,+0.372571,-1.411749,
-1.004817,-0.013152,+0.050300,-0.599312,-0.473075,-0.691576,-0.151909,+0.156732,-0.015156,+0.334530,+0.359944,+0.493152,+0.636463,+0.606087,+0.523840,-1.293793,
-0.962936,-0.337743,+0.061384,-0.839115,-0.716620,-0.383092,+0.697959,+0.159140,+0.007710,-0.291672,+0.216200,+0.393077,+0.170843,+0.431818,+0.557033,-1.275184,
-0.975811,-0.125561,+0.330991,-0.870550,-0.511160,+0.010854,+0.209216,+0.197553,-0.194900,+0.144214,+0.144886,+0.162723,+0.139712,-0.155844,+0.400275,-0.880990,
-0.977655,-0.186403,+0.615805,-0.181770,+0.038659,+0.197171,+0.398690,+0.229794,-0.354267,+0.828760,+0.190236,+0.270193,+0.124605,+0.548845,+0.684947,-0.598738,
-0.977778,-0.561717,+0.136483,-0.253280,+0.169123,+0.292659,-0.034826,-0.239830,-0.416382,+0.816138,+0.465163,+0.336539,+0.718532,+0.543706,+0.052168,-0.025793,
-0.977778,-0.650304,-0.023636,+0.181845,+0.184819,+0.309049,-0.209681,-0.268728,+0.494557,+0.127073,+0.015742,+0.686072,+0.327764,+0.781064,+0.158186,-0.185675,
-0.977778,-0.463762,+0.162090,+0.429630,+0.470891,+0.244897,+0.006668,-0.474857,+0.433611,+0.226470,+0.369754,+0.294755,+0.492589,+0.296373,+0.255807,-0.003254,
-0.977778,-0.781004,+0.124934,+0.383703,+0.377623,+0.452087,-0.407847,-0.682362,+0.492334,+0.284053,+0.779670,+0.507594,+0.805862,-0.479965,-0.262476,-0.711097,
-0.977778,-0.726000,-0.160600,+0.317217,+0.179721,-0.484253,-1.334979,-0.706444,-1.232666,-2.211820,-2.288671,-2.402920,-2.903254,-2.295616,-2.123424,-1.627533,

channel --> 15
+0.122707,-0.081751,-0.081751,-0.081751,-0.081751,-0.090181,-0.107145,-0.221648,-0.253302,-0.967437,-0.851809,-0.698790,-0.323271,+1.429776,+0.481997,-0.081751,
-1.355369,-1.370798,-0.826257,-0.077264,-1.184029,-2.032281,-2.331637,-1.807722,-0.723454,+3.330596,+1.309546,+0.737657,+0.409810,+0.123878,-1.743439,-0.340002,
+1.957537,+0.794034,-1.216737,-0.499947,+0.065544,+0.357707,+0.480942,+0.411333,+0.623790,+0.525577,+0.393205,+0.061419,+0.123504,+0.064280,-1.508132,-0.413261,
+0.884428,+0.217155,-1.364973,-0.954503,-0.314827,-0.276221,-0.343902,-0.315314,-0.622984,-0.267503,+0.404482,+0.146461,+0.162958,+0.150856,-1.613252,-0.292561,
+0.180876,+0.500795,-1.967835,-0.598927,-0.475431,+1.217158,+1.380813,-0.085271,-0.305293,-0.309082,+0.537904,+0.147478,+0.179935,+0.228092,-0.708066,-0.765340,
+0.339531,+0.891900,-0.783969,+0.728804,-1.541585,-0.788918,-0.274134,-1.314456,-0.241633,-0.317544,+0.154151,+0.123999,+0.166390,+0.206064,-1.005484,-0.460361,
+0.089683,+1.227371,+0.272175,+0.727436,+0.647573,-0.258580,+0.155173,+0.371244,+0.594310,+0.617917,+0.153088,+0.185640,+0.133414,+0.206930,+0.080683,-0.787644,
-0.395234,+0.855620,+0.001486,-0.517707,+0.070598,-0.149328,-0.853533,-0.069870,+0.210557,+1.266740,+0.844445,+0.226939,+0.172905,+0.144064,+0.054986,-0.910994,
-0.300268,+1.121378,+0.016913,-0.947122,+0.794797,+0.374521,+2.165081,+1.539065,-0.288039,+0.848374,+0.298693,+1.019176,+0.818865,+0.491188,+0.144014,-1.477024,
+0.169024,+0.945731,+0.496325,-1.203820,-0.252486,-1.304277,-0.989576,-0.009099,-1.476920,-0.003858,+0.720844,-0.378786,+0.825323,+0.767985,+0.623200,-1.393823,
+0.009643,+0.737229,+0.606737,-0.267217,-0.452953,+0.155079,+0.078102,+0.252834,-1.112957,+0.615845,+1.200339,+0.967846,+0.175707,+0.104063,+0.543431,-1.370581,
+0.009556,+0.629160,+0.923692,+0.888678,+0.053636,+0.329501,-0.092563,-0.506724,-0.819489,+0.409288,+0.958967,+0.373756,+0.782047,+0.517289,+0.447266,-0.285750,
+0.009556,+0.460343,+0.869002,+0.507026,+0.995941,+0.255935,-0.625603,-0.783477,-0.027953,+0.344396,-0.090210,+0.225682,+0.157113,+0.340432,+0.162967,-0.741995,
+0.009556,+0.182420,+0.892264,-0.001403,+0.042367,+0.247049,+0.104340,-1.381144,+0.448529,+0.519360,+0.390463,+0.293488,+0.366035,+0.312399,+0.508440,+0.057870,
+0.009556,-0.357139,+0.790983,+0.247235,+0.531452,+0.188171,-0.387899,-0.988350,+0.255028,+0.842908,+0.143741,+0.394490,+1.026095,+0.226388,+0.821616,+0.481782,
+0.009556,-0.559924,+1.216456,+0.482466,+0.971021,+1.080743,+0.570854,+0.731299,+1.889380,+0.719500,+0.141779,-0.514298,-0.878652,-0.571401,-0.973355,-0.433473,

channel --> 16
-0.166748,-0.771433,-0.771433,-0.771433,-0.771433,-0.757818,-0.779357,-0.909608,-1.041520,-1.267999,-1.025905,-0.552141,-0.213704,+0.989678,-0.623620,-0.771433,
-0.081717,-0.347861,-0.231182,-0.773632,-1.144287,-1.219666,-1.199393,-1.211225,-1.113135,-0.800368,+0.561991,+0.658009,+0.719041,+0.667426,-0.317694,-0.649531,
+0.056074,+0.515658,-0.316378,-1.554125,-0.686268,+0.255432,+0.479264,+0.245082,+0.268319,-1.280852,+0.427381,+0.649481,+0.652225,+0.656638,-0.107595,-1.186211,
-0.198025,+0.416416,-0.039626,-1.219837,+0.197146,+0.387927,+0.680861,+0.659352,+0.661738,-0.196488,+0.542635,+0.651225,+0.669412,+0.689009,-0.037592,-1.232550,
-0.413386,+0.257507,-0.507553,-0.583275,-0.092422,-0.185821,-0.002665,+0.385348,-0.350106,-0.141414,+0.405244,+0.686175,+0.678640,+0.702516,+0.082500,-1.049943,
-0.354687,+0.102973,+0.392698,-0.141738,+0.074908,+0.241998,-0.683292,+0.094864,-0.256610,+0.225269,+0.662706,+0.682589,+0.674482,+0.692339,+0.112990,-1.535088,
-0.226939,+0.026033,+0.488595,+0.392080,+0.229038,+0.285618,+0.118735,+0.381986,+0.594305,+0.508304,+0.655095,+0.703049,+0.676559,+0.678518,+0.668062,-1.130994,
-0.363340,-0.450199,+0.531778,+0.363849,+0.110835,-0.260297,-0.755054,-0.111562,+0.199604,+0.460669,+0.562454,+0.571846,+0.680295,+0.670477,+0.689689,-0.496152,
-0.310032,-1.012982,+0.488384,-0.121528,-0.276475,+0.135414,+0.413616,+0.513151,+0.154184,-0.110555,+0.434033,+0.389207,+0.384605,+0.551161,+0.626483,-0.216093,
-0.056205,-0.927447,+0.407092,+0.007150,-0.368025,-0.303067,-0.683343,-0.341871,-0.136226,-0.064520,+0.347197,+0.527218,+0.278722,+0.252600,+0.381141,-0.125295,
-0.017729,-1.463387,+0.407250,+0.227580,-0.698989,+0.284132,+0.442779,+0.589157,-0.299386,+0.149437,+0.344583,+0.494712,+0.354586,+0.462171,+0.661650,-0.294536,
-0.017697,-1.394904,+0.219906,+0.304028,+0.356715,+0.395491,+0.420030,+0.334154,-0.327920,+0.547145,+0.505548,+0.489151,+0.648006,+0.468416,+0.430678,-0.104380,
-0.017697,-1.392178,+0.151483,+0.438314,+0.268803,-0.094034,+0.341395,+0.425000,+0.056459,+0.421429,+0.219412,+0.507645,+0.430908,+0.609827,+0.353184,-0.079123,
-0.017697,-1.400581,+0.122803,+0.560703,+0.501717,+0.689655,+0.362021,+0.198401,+0.152927,+0.422445,+0.471221,+0.435855,+0.479258,+0.533277,+0.341041,+0.440946,
-0.017697,-1.531147,-0.335911,+0.554813,+0.493247,+0.522447,+0.195233,-0.162668,-0.114717,+0.601847,+0.672626,+0.597381,+0.658660,-0.010620,-0.009963,-0.271752,
-0.017697,-1.522184,-0.863628,+0.597499,+0.423212,-0.017890,-0.334386,-0.767179,-1.404711,-1.590348,-2.224945,-2.128150,-2.161302,-2.042001,-1.869437,-1.799526,

channel --> 17
-1.130741,+0.285387,+0.285387,+0.285387,+0.285387,+0.203486,+0.102011,+0.015326,-0.181011,-2.766235,-3.002424,-2.548629,-2.308364,-2.586428,-1.449411,+0.285387,
-2.481417,-4.368990,-4.324743,-0.276593,-0.730662,-1.597242,-2.088248,-1.860660,-1.560563,+1.484790,-0.600877,-0.129603,+0.199216,+0.281965,-0.567597,+0.511001,
+0.009264,-0.162918,+0.193095,+0.787248,-1.019579,-0.815792,-0.866699,-1.370756,-1.438093,+0.456213,+0.422309,+0.246341,+0.208216,+0.280732,-0.980633,+1.243207,
+0.825122,+0.543933,+0.396393,-0.615519,+0.853614,+0.918763,+0.158938,+0.290256,+0.820117,-1.255229,+0.207679,+0.294328,+0.283432,+0.246068,+0.081924,+0.983170,
+0.475352,+0.655475,+1.015842,-0.978400,+0.966905,+1.263522,+1.452130,-0.170020,+1.215181,-0.305528,+0.438091,+0.275380,+0.234742,+0.215557,+0.117102,+0.836240,
+0.085882,+0.521948,-0.400001,+0.568806,-1.320283,-1.473753,+0.909976,-0.347175,-1.786436,-0.395051,+0.290626,+0.268830,+0.320666,+0.209749,-0.109844,+0.775159,
-0.075096,+0.363050,+0.616808,-1.002426,+1.300436,+0.963958,+1.144443,+0.643130,+0.811707,+0.169400,+0.320003,+0.246133,+0.246732,+0.310240,+0.229119,+0.677745,
+0.270267,+0.831991,+0.652968,+0.993027,+1.036762,+1.498104,-0.800186,+0.028279,+0.875100,+0.730529,+0.856688,+0.390658,+0.291094,+0.299207,+0.424564,-0.219655,
-0.139971,+1.481220,+0.473518,+1.084959,+1.313037,+0.484004,-0.737250,-0.023861,+0.240440,+1.011458,+0.182441,+0.553042,+1.131840,+0.607728,+0.343584,-0.245942,
+0.107389,+0.560251,+0.105266,+0.682809,+0.970651,-0.755262,-0.124081,-0.267171,+1.129510,-0.111574,+1.221269,-0.393150,+1.011886,+1.210825,+0.664261,-0.870205,
+0.010291,+0.794931,-0.100756,-0.831501,+0.151785,+0.217029,-0.746514,+0.530215,+0.302875,-0.396138,+0.895333,+0.226500,+0.194884,-0.090353,+0.257573,+0.169777,
+0.010196,+1.217315,+0.879431,+1.301073,-0.830100,+0.620197,+0.921382,+1.032621,+0.169863,+0.255546,-0.307641,-0.205063,-0.137922,-0.185872,+0.761345,-0.202600,
+0.010196,+0.628889,-0.062465,-0.204385,+0.490439,+0.410055,+0.873606,+1.026706,-0.757365,+0.690233,+0.441874,+0.001363,+0.226833,+0.174632,+0.442773,+0.140238,
+0.010196,+0.737014,+0.221351,+0.168757,+0.113203,-0.260409,+0.902648,+1.360373,-0.066055,+0.633169,+0.322276,+0.180354,+0.037896,+0.628101,+0.218911,+0.351902,
+0.010196,+1.166461,+0.724481,+0.322934,+0.672443,+0.163295,+1.112755,+1.896781,-0.099946,+0.043696,-0.688952,+0.187091,+0.505636,+0.975195,+1.236760,+0.964477,
+0.010196,+0.773145,+1.436157,+0.207139,+1.099703,+0.959635,+1.349790,+0.568901,+1.516477,+2.214414,+2.950515,+2.929719,+2.094516,+1.812050,+1.231983,+0.867214,

channel --> 18
-1.364348,-0.083090,-0.083090,-0.083090,-0.083090,-0.097855,-0.115007,-0.180301,-0.131867,-0.687070,-0.713054,-0.706019,-0.652228,-0.086803,-2.087124,-0.083090,
+0.291307,-0.457107,-0.494460,-0.665498,-0.285643,-0.542345,-0.660661,-0.618676,-0.228609,+1.366275,+0.218575,+0.260041,+0.291168,+0.163847,-0.027954,+0.144109,
+0.553653,+0.278958,+0.168125,-0.165879,+0.227366,+0.379485,+0.329778,+0.351535,+0.563380,-1.818303,+0.182098,+0.147509,+0.150395,+0.192701,+0.175536,+0.055029,
-0.210999,+0.149623,+0.142688,-0.649623,-0.261166,+0.342804,+0.315269,+0.115280,+0.384829,-0.033470,+0.133617,+0.165405,+0.206985,+0.148078,-0.079551,-0.210723,
+0.202359,+0.285373,-0.160449,-0.512204,+0.039809,+0.376313,+0.565061,-0.115091,+0.072183,+0.297793,+0.200994,+0.177024,+0.170358,+0.170840,+0.309086,-0.402344,
+0.169336,+0.367618,-0.042546,-0.340871,+0.107915,-0.126463,-1.248694,+0.352748,-0.881623,+0.494985,+0.129064,+0.193674,+0.179561,+0.189914,+0.211109,-1.020418,
+0.170904,+0.529613,-0.091452,-0.619294,-0.055005,+0.157772,+0.518678,-0.408814,+0.420513,+0.403430,+0.206436,+0.181637,+0.180954,+0.185328,+0.329259,-0.897994,
+0.221681,+0.680768,+0.187838,-0.039349,+0.231480,-0.338711,-0.234349,+0.053216,+0.507943,+0.264030,+0.403531,+0.185104,+0.159206,+0.199316,-0.124468,-0.285145,
+0.461399,+0.373310,+0.341726,-0.407013,-0.039996,+0.365869,-0.958767,+0.284016,-0.635314,+0.509995,+0.029839,-0.322027,+0.455838,+0.210887,+0.188876,+0.056388,
+0.458666,+0.066658,+0.267959,-0.205052,+0.284023,-0.671403,-0.157191,-0.449129,+0.166073,+0.149957,+0.445458,+0.085947,+0.447998,+0.165658,+0.330471,+0.258279,
+0.572628,-0.547789,+0.024466,+0.231144,-1.089116,-0.016608,-0.231625,+0.153623,-0.047115,+0.186197,-0.084191,-0.250498,+0.253390,+0.203473,-0.036605,-0.004303,
+0.572547,-0.268868,+0.509563,+0.264031,-0.735972,+0.199035,+0.271310,-0.026189,+0.417392,+0.096329,+0.178450,+0.190318,+0.050775,-0.026527,+0.280724,+0.116176,
+0.572547,-0.174560,+0.503097,-0.191772,+0.225488,-1.097662,+0.213997,+0.370604,+0.022182,+0.255460,+0.278669,-0.010505,+0.155799,+0.122199,+0.297745,+0.151111,
+0.572547,-0.070702,+0.516066,+0.164349,+0.041929,-0.125195,-0.030999,+0.540234,+0.104570,-0.000655,+0.268952,+0.137011,+0.154590,+0.106654,+0.219973,+0.320015,
+0.572547,-0.159197,+0.679541,+0.235856,+0.071736,+0.091476,-0.078572,+0.180025,+0.396981,+0.452347,-0.128819,+0.314883,+0.207929,+0.366558,+0.314859,+0.131798,
+0.572547,-0.004193,+0.494398,+0.219555,+0.399923,+0.191949,+0.242982,+0.529178,+0.474390,+0.325275,-0.431767,+1.191559,+0.766755,+0.689278,+0.359356,-0.711255,

channel --> 19
-1.467376,+0.740803,+0.740803,+0.740803,+0.740803,+0.703198,+0.722140,+0.834859,+1.232453,+1.284817,+0.123078,-0.656713,-0.785164,-1.590353,-0.701350,+0.740803,
-1.098487,-1.171648,-1.451280,-0.749156,+0.766805,+1.132216,+1.077603,+1.039322,+0.663259,+3.126775,-0.272115,-0.254533,-0.248093,-0.213183,-1.614608,+0.307959,
+1.038933,-0.559168,-0.537926,+0.359282,+0.218128,-0.491380,-0.741679,-0.516251,-0.735559,+1.017213,+0.348088,-0.117044,-0.165236,-0.090773,-1.705507,+0.198270,
+1.269864,-0.309124,-0.501221,+0.527646,-0.162445,-0.522252,-0.485345,-0.741547,-0.753504,+0.410201,+0.218646,-0.057937,-0.130573,-0.100301,-1.020521,-0.018815,
+0.970339,-0.066389,-1.238103,+0.154275,-0.566548,+0.016651,+1.482042,+0.068403,+0.050948,+1.698217,+0.544179,-0.122176,-0.074063,-0.081275,-0.796662,-0.650276,
-0.627771,+0.168123,-2.022635,-0.066121,-0.859132,-0.648824,-0.250282,-0.442911,+0.057391,+1.509485,+0.076933,-0.111748,-0.030787,-0.072961,-0.671014,-0.610120,
-1.344313,+0.917268,-1.026660,-1.697812,-0.304074,+0.106582,+0.081171,-0.169427,-0.475150,+0.097388,-0.068839,-0.087828,-0.109670,+0.027985,+0.217810,-1.356738,
-1.173241,+1.850435,-0.526819,-1.206882,-0.904587,-0.403600,-0.067339,-0.141619,-0.017675,+0.571647,+0.421916,+0.113163,-0.021493,-0.046381,+0.395000,-1.876694,
-1.284848,+2.196634,-0.837446,-1.186915,+0.033972,-0.702578,-0.333633,-0.212821,-0.488829,+1.374418,-0.185987,+0.001051,+0.428025,+0.462487,-0.030917,-1.896788,
-1.603067,+1.680840,-0.287100,-1.511548,+0.518526,-0.698050,+0.699824,+0.187582,-0.009251,+0.932954,+0.847941,-1.314158,+0.453011,-0.230991,+0.586008,-1.764008,
-1.641829,+2.489422,-0.212075,-1.282163,-0.543627,-0.231600,-0.958317,-0.058813,-0.001989,+0.377027,+0.317542,-0.439745,-0.274536,-0.496780,-0.119221,-0.420104,
-1.641720,+2.811364,+0.160174,+0.609968,-1.483937,+0.019932,-0.490162,-0.368954,+1.751923,+0.199093,-0.554667,-0.959985,+0.168631,-0.388882,-0.514076,-0.404713,
-1.641720,+0.777520,-0.208858,-0.750829,-0.254772,-0.793703,-0.696971,-0.649858,+1.732033,-0.408446,-0.734364,-0.223735,-0.440751,+0.054685,-0.145574,-0.468508,
-1.641720,+0.545687,+1.114108,-0.630403,-0.137099,-1.421092,-0.500518,-0.246006,+1.022759,-0.304730,-0.217428,-0.357240,-0.121962,-0.253676,-0.120289,-0.068649,
-1.641720,+0.531779,+2.164916,-0.442291,+0.210759,-0.545157,-0.918496,+0.002709,+1.342785,-0.401903,-0.477330,-0.416442,+1.947688,+1.462373,+2.058101,+3.265262,
-1.641720,+0.524515,+2.552806,+0.646571,+2.864529,+2.340479,+0.379435,+0.696825,+3.776045,+2.781212,+3.166017,+2.072609,+0.815574,+0.991572,+0.353821,+0.136813,

channel --> 20
-1.444597,-0.628507,-0.628507,-0.628507,-0.628507,-0.647820,-0.653035,-0.557196,-0.049662,+0.528418,+0.609875,+0.271128,+0.142680,-0.395726,-1.799824,-0.628507,
+2.676853,+3.561341,+2.714052,-0.318844,+0.641646,+1.166286,+1.408331,+1.010688,-0.149415,+1.192507,+0.320872,-0.032405,-0.039548,-0.141305,+0.643850,+0.338340,
+0.876987,+0.120620,+0.302665,+0.638958,+1.601127,+0.629221,+0.666621,+0.902864,+2.224357,-0.349036,+0.112006,-0.105713,-0.171903,-0.096028,+1.351503,+0.083822,
-0.552102,+0.011186,+1.463627,+0.538877,-0.610885,-0.432273,+0.028979,-0.066066,-0.246664,+1.008367,+0.118968,-0.164237,-0.107961,-0.143024,+1.629718,+0.125243,
-0.898427,-0.074804,-0.003267,+0.129041,-1.052499,-0.587359,-0.360523,-0.958590,-0.708167,+0.525052,+0.250358,-0.149336,-0.108150,-0.194581,+1.607189,-0.006936,
-0.850771,+0.175502,+1.443346,-0.316849,+1.369981,+0.859169,-0.955830,+1.448123,+0.512880,+1.065725,-0.147471,-0.125409,-0.166036,-0.101333,+2.043241,-0.222564,
-0.868587,+0.338812,+0.895403,-0.091839,-0.673463,-0.502467,-0.525529,-0.324222,-0.148751,+0.494468,-0.093060,-0.182289,-0.134099,-0.154251,+1.525207,-0.329056,
-0.543277,+0.102117,-0.181397,+0.055950,-0.706408,-0.668812,-0.110653,-0.280152,-0.220094,+0.234405,-0.275609,-0.168433,-0.198726,-0.138296,+0.730704,+0.240632,
-0.137627,-0.240189,+0.172389,-0.488611,-0.136579,+0.381295,-0.022695,+0.251359,-0.893096,-0.111044,-0.016384,-0.493868,-0.202951,-0.306096,-0.141703,+0.627776,
-0.011504,-0.088705,+0.169929,+0.364462,+0.155198,-0.247503,+0.148807,+0.381942,-0.431528,+0.225191,+0.045902,-0.112804,-0.180677,-0.497073,+0.033017,+1.507666,
-0.115826,+0.433421,+0.213536,+2.763412,-0.281131,+0.565167,+0.021473,-0.435636,+0.246648,+0.600408,-0.117031,-0.326635,+0.265252,+0.336801,-0.742524,+1.720698,
-0.115687,-0.246498,+0.170277,+0.918854,+0.109320,-0.233407,-0.272222,-0.685943,+1.091923,+0.189600,-0.109499,+0.387130,+0.173790,-0.104469,-0.221999,+1.707901,
-0.115687,-0.847104,+0.270073,-0.160012,+1.626302,-0.697555,-0.504793,-0.527813,+0.504010,-0.187749,+0.212736,+0.341194,+0.030572,-0.158753,+0.041824,+1.770380,
-0.115687,-0.307763,+0.448031,+0.025128,+0.369282,+0.638278,-0.462494,-0.216851,+0.405478,-0.006476,+0.347544,-0.369295,+0.133645,-0.617346,-0.159611,+1.632307,
-0.115687,-0.202555,+0.222591,-0.224744,+0.104482,+0.878531,-0.668921,-0.431409,+0.561209,+0.517796,+0.156419,+0.340298,-0.178036,-0.216758,-0.711384,-0.415186,
-0.115687,+0.157331,+0.197960,+0.032361,-0.351830,-0.405561,-0.711322,-0.907143,-1.483762,-1.788115,-1.514807,-1.743064,-1.796676,-1.579490,-1.439393,-1.057624,

channel --> 21
-0.468043,+0.429218,+0.429218,+0.429218,+0.429218,+0.407974,+0.401966,+0.452077,+0.139060,-0.404764,-0.527973,-0.308816,-1.035262,-0.537684,-0.581281,+0.429218,
-0.397069,-1.136296,-1.057672,+0.493484,+0.500698,+0.335531,-0.140306,+0.093001,-0.270688,-0.767204,-0.045940,+0.295532,+0.522930,+0.684700,+0.621654,+0.508962,
-0.839581,+0.309810,+0.549149,+0.213234,-0.988569,-0.361870,-0.244326,-0.451481,-1.054363,-0.961762,+0.463245,+0.647619,+0.600944,+0.661417,+0.073372,+0.483706,
-0.591110,+0.547745,+0.966697,-0.357360,+0.321509,+0.220953,+0.375198,+0.602005,+0.140076,-1.024865,+0.469757,+0.662205,+0.626553,+0.626153,+0.713933,+0.646152,
-0.449755,+0.519381,+0.808394,-0.974700,+0.452100,-0.021546,+0.118484,+0.096873,+0.443458,-0.655052,+0.462637,+0.659749,+0.612703,+0.661141,+0.713046,+0.943091,
-0.313034,-0.074694,+0.249117,-0.475618,-0.740851,-0.864607,-0.619324,-0.245597,-1.199927,-0.484639,+0.625015,+0.657324,+0.676742,+0.649286,+0.439303,+0.090079,
-0.177167,-0.345806,+0.572265,-0.386308,-0.282025,+0.363956,-0.352538,-0.500249,+0.172097,-0.283977,+0.636612,+0.644306,+0.643178,+0.649237,+0.340256,+0.415688,
+0.296715,-0.400804,+0.756605,+0.546959,+0.076390,+0.372748,-0.626333,-0.036551,+0.005353,-0.247884,+0.649478,+0.708721,+0.668612,+0.674450,+0.323763,+0.231483,
+0.306153,-0.542840,+0.536441,+0.666184,-0.402579,-0.192609,-1.513979,-0.463402,-0.219766,-0.081108,+0.216464,+0.084643,+0.696063,+0.705226,+0.691964,+0.646726,
+0.168510,-0.902967,+0.148423,+0.692289,-0.324587,-0.043915,-0.052946,-0.651338,+0.567631,-0.337941,+0.136413,+0.269465,+0.293063,+0.351269,+0.451699,-0.065339,
+0.300729,-0.915216,-0.175410,-0.152597,-0.351155,-0.343577,-0.382377,+0.340233,-0.086549,-0.510996,-0.158838,+0.068963,-0.142024,-0.017949,+0.230837,+0.592085,
+0.300760,-0.827813,+0.205092,+0.116307,-0.398029,-0.223390,+0.589085,+0.486101,-0.347379,+0.382690,-0.048157,-0.000128,-0.120205,-0.476745,+0.232002,+0.412428,
+0.300760,-0.409622,-0.238312,-0.224531,+0.039120,-0.321210,+0.716592,+0.311577,-1.172282,+0.165176,+0.248459,+0.066207,+0.051353,+0.312300,+0.068765,+0.267154,
+0.300760,-0.208532,-0.355878,+0.506168,+0.229767,-0.304830,+0.146632,+0.588283,-0.549400,+0.191555,-0.054377,-0.073731,+0.083779,+0.363040,-0.216112,-0.002000,
+0.300760,+0.203974,-0.415336,+0.421689,+0.415789,+0.233661,+0.389352,+0.367088,-0.447075,-0.111691,+0.039081,+0.151173,+0.159418,+0.102757,+0.229853,+0.395698,
+0.300760,+0.337756,-0.615937,+0.397457,+0.418152,+0.075745,+0.165921,-0.044025,-0.280295,+0.071932,+0.260577,+0.844428,+0.785277,+0.616224,+0.828786,+0.214889,

channel --> 22
-1.550162,+0.165572,+0.165572,+0.165572,+0.165572,+0.159664,+0.134465,-0.078542,-0.284855,-2.018476,-2.212585,-1.608863,+0.024556,-1.044291,-1.872329,+0.165572,
-1.751675,-2.613074,-2.093102,-1.315682,-0.129079,-1.022886,-0.826049,-1.394566,-1.918559,-1.428431,-0.743102,+0.036284,+0.411641,+0.736603,-1.514349,+0.365150,
-1.225138,-0.681259,-0.787740,-0.798382,-1.199620,-1.466762,-1.230170,-1.478853,-2.331835,-1.896659,+0.868693,+0.743296,+0.724083,+0.642471,-1.771639,-0.677391,
+0.588940,+0.743101,-0.518155,-1.738788,+0.612343,+0.212158,+0.266991,+0.428201,+0.082466,-0.492707,+0.824062,+0.743246,+0.695868,+0.752950,-0.816886,-1.609433,
-0.407195,+0.753924,-0.045153,-0.054320,+0.059576,+0.333818,+0.890608,+1.310951,+0.564194,-0.583361,+0.918181,+0.707188,+0.737839,+0.736829,-0.991478,-1.839221,
-1.642262,+0.438101,-0.969645,+0.450356,-0.831656,-0.462201,-1.306767,-0.260761,-0.804244,+0.095028,+0.945071,+0.749301,+0.735201,+0.717856,-1.313562,-2.569688,
-1.326345,+0.354681,-0.210533,-1.309794,+0.910025,+0.546140,+0.789512,+0.541770,+0.471560,-0.034790,+0.689905,+0.745472,+0.738311,+0.707404,-0.905580,-3.181759,
-1.366137,+1.081686,+0.573352,+0.198541,+0.718704,+0.332627,+0.272710,-0.533343,+0.962229,+0.267480,+0.863541,+0.814787,+0.783101,+0.746615,+0.297643,-2.265747,
-1.188733,+0.663361,+0.509983,-0.348503,+0.421313,-0.365843,+0.376418,+0.600638,-0.141557,+0.658905,+0.340719,+0.636713,+0.941945,+0.959702,+0.744309,-1.399002,
-0.932810,+0.418412,+0.570106,-0.878545,+0.322389,-0.696370,-0.836874,-0.737924,-0.179404,+0.740972,+0.410732,-0.227845,+0.328320,+0.759740,+0.840650,-1.718509,
-0.881892,+0.018993,+0.691595,-1.668293,-1.382173,-0.396031,-0.449593,+0.594392,+0.039989,+0.156448,+0.401101,+0.616214,+0.314664,+0.390956,+1.155940,-0.774924,
-0.882525,+0.199027,+0.620339,-0.412458,-0.773175,-0.233963,+0.412056,+0.317460,+0.222281,+0.550481,+0.189139,+0.014692,+0.352633,+0.770495,+0.858147,-1.304379,
-0.882525,-1.617081,+0.057813,+0.079238,-0.687941,-0.671326,+0.476148,+0.709037,+1.650540,+0.604172,+0.255494,+0.243191,+0.602431,+0.647651,+0.466292,-1.035012,
-0.882525,-1.002882,+0.326934,+0.456167,+0.023570,-0.086309,+0.483556,+0.103926,+0.883994,+0.310459,+0.217625,+0.972019,+0.939939,+0.991525,+0.879401,-0.724152,
-0.882525,-1.039088,+1.077771,+0.657413,+0.492889,-0.058797,+0.084109,+0.008023,+0.602156,-0.108228,+0.134300,+0.461905,+1.558020,+1.925086,+1.482132,+1.962587,
-0.882525,-0.798552,+0.824091,+1.092982,+1.370813,+2.005361,+1.754047,+1.094703,+1.157602,+1.575552,+1.097409,+1.456228,+0.320926,+0.527027,+0.331404,-0.348005,

channel --> 23
-2.016358,-0.375734,-0.375734,-0.375734,-0.375734,-0.423018,-0.488712,-0.572395,-0.427673,-1.929300,-1.374277,-1.101483,-0.234768,-0.805447,-2.846144,-0.375734,
+0.761585,-0.743282,-1.597516,-0.705605,-0.166004,+0.076660,+0.221732,-0.335367,-0.842406,-1.958957,+0.170576,+0.314099,+0.368117,+0.608061,+0.079932,+0.458888,
-0.749852,+0.165734,+0.612940,-0.342689,+1.236434,+1.562292,+1.230718,+1.128291,+1.636399,-2.035823,+0.432526,+0.630436,+0.627291,+0.675412,+0.773954,-0.188801,
-1.851950,+0.213784,+1.140003,-0.030457,+0.875973,+1.288990,+1.369371,+0.937960,+1.275930,+0.202585,+0.418013,+0.578973,+0.623718,+0.617325,+1.222226,-0.324243,
-0.345428,+0.261605,+0.588777,+0.238385,+0.344582,-1.387460,-0.269612,+0.095147,-0.396973,+0.408267,+0.204839,+0.647708,+0.590732,+0.531536,+1.276986,-0.274203,
-0.150249,+0.108556,+0.348919,-0.385742,+1.702627,+1.183523,-0.713482,+1.810271,-0.569633,+1.203233,+0.434374,+0.624766,+0.615066,+0.572610,+1.547845,-1.013052,
+0.350155,+0.218647,+0.203392,-0.533944,-0.017406,+1.089615,+0.793060,-0.326950,+1.059508,+0.732903,+0.569041,+0.610378,+0.572212,+0.599989,+0.624627,-0.684224,
+0.417761,+0.019359,+0.636703,+0.568984,+0.379919,-1.335853,-0.166885,-0.581800,+0.197291,-0.322825,+0.158186,+0.415830,+0.608905,+0.553276,+0.138372,-0.517991,
+0.483598,-0.862880,+0.462674,-0.186737,-0.296435,+1.132648,-2.210660,+0.410743,+0.189094,-0.109554,-0.025614,-1.455720,-0.014155,+0.254981,+0.554418,+0.342242,
+0.386629,-0.477369,+0.223775,+0.245740,+1.034690,+0.113489,+0.192949,-0.695427,+1.304244,-0.016297,-0.008176,+0.230701,-0.427718,-0.720010,+0.049013,+0.977667,
+0.582873,-1.156368,+0.536797,+0.738353,-0.152749,+0.572838,+0.660033,+0.884219,+0.382337,+0.333582,-1.079727,-0.546749,+0.074218,+0.600340,+0.288805,+0.798361,
+0.582400,-0.565823,+0.125863,-0.350021,-0.718077,+0.630709,+0.989422,+0.457515,+0.894722,+0.381766,+0.033622,+0.417064,+0.232668,+0.515512,+0.190090,+0.356221,
+0.582400,-0.549501,-0.261541,-0.301943,+0.131819,-0.783584,+1.003022,+1.353027,+0.489464,+0.341578,+0.397144,+0.433996,+0.531998,+0.316493,+0.314849,+1.363137,
+0.582400,+0.367624,+0.345001,+0.569139,+0.302622,+0.115601,+0.409364,+2.226537,+0.178021,-0.299312,+0.458120,+0.128084,+0.337339,+0.107685,+0.198093,+0.519679,
+0.582400,+0.365074,+0.045478,+0.430602,-0.172093,+0.627080,+0.528435,+1.168368,+0.353238,+0.487026,+0.501376,+0.552752,-0.538031,-0.538738,-0.305835,-0.876073,
+0.582400,+0.488452,-0.801352,-0.200910,-0.557405,-1.017198,-1.062467,-0.935303,-2.125182,-2.818424,-4.336647,-2.318496,-3.008845,-2.172291,-1.873338,-2.940881,

