channel --> 0
-0.302177,+0.334651,+0.402783,+0.299859,
+0.303469,+0.256918,-0.116011,+0.541553,
-0.350091,-0.549019,-0.576856,+0.066423,
-0.074338,-0.044003,-0.118360,-0.051455,

channel --> 1
+0.076619,-0.492238,-0.475339,+0.100879,
-0.320793,-0.646290,-0.046096,+0.464717,
+0.356760,-0.366532,+0.265451,-0.179562,
+0.301118,+0.467864,+0.160101,-0.294809,

channel --> 2
-0.458737,-0.295313,-0.832622,-0.252026,
-0.046732,-0.042848,-0.332522,-0.008101,
+0.123077,-0.084890,-0.439055,-0.064897,
+0.110810,-0.092543,-0.117008,+0.052658,

channel --> 3
+0.224993,-0.583429,-0.518593,-0.048104,
+0.116117,+0.398633,+0.006164,+0.761290,
+0.614166,+0.576840,-0.496112,-0.239291,
+0.022588,+0.366640,+0.194660,-0.072564,

channel --> 4
+0.000752,-0.097198,-0.323202,+0.362440,
+0.070551,+0.495197,+0.373333,+0.210191,
+0.122787,+0.077683,-0.362837,+0.142210,
+0.086143,+0.318413,+0.089865,+0.371902,

channel --> 5
-0.017846,+0.330102,-0.029922,-0.225646,
-0.170543,-0.562112,+0.265393,-0.868343,
-0.045055,+0.068743,+0.551329,+0.816503,
-0.318306,-0.071358,+0.004797,+0.042875,

channel --> 6
-0.143232,+0.442637,-0.347486,-0.032520,
-0.316402,+0.211188,+0.244206,+0.146362,
-0.212741,-0.649063,+0.345792,+0.215524,
-0.107132,-0.305085,-0.123552,+0.170588,

channel --> 7
-0.431328,-0.075805,-0.094903,-0.141161,
+0.111128,+0.362913,+0.071514,-0.263594,
+0.000791,-0.447057,-0.044096,-0.036550,
-0.040276,-0.016242,-0.200966,-0.229643,

channel --> 8
-0.088639,-0.185148,-0.400941,-0.517473,
-0.090328,-0.418365,-0.053628,-0.465068,
+0.336187,+0.279248,+0.257261,+0.412012,
-0.049278,-0.024587,+0.191616,+0.080871,

channel --> 9
+0.118989,+0.215308,-0.164351,-0.023451,
+0.644601,+0.196174,+0.416710,-0.196224,
+0.399319,+0.355422,+0.180195,+0.340077,
+0.415544,+0.081089,-0.049495,+0.974822,

channel --> 10
+0.254794,-0.023362,-0.093336,+0.610465,
+0.065763,+0.078066,-0.473653,+0.368333,
+0.351689,-0.105958,-0.107494,-0.092369,
+0.126931,+0.122070,-0.079005,-0.046846,

channel --> 11
+0.172456,+0.193384,+0.130785,+0.073101,
-0.315767,+0.328989,-0.004874,-0.052060,
-0.024987,+0.043180,-0.445264,-0.018470,
-0.023476,-0.220501,-0.581964,+0.756960,

channel --> 12
+0.331982,-0.270703,-0.643010,-0.104833,
-0.258297,+0.842392,-0.086939,-0.001904,
-0.427199,-0.049324,-0.521282,-0.532376,
-0.247803,-0.528939,-0.312968,+0.041174,

channel --> 13
+0.217443,-0.069628,+0.180400,-0.093122,
-0.343364,+0.451067,+0.279591,+0.553966,
-0.201692,-0.187178,-0.029668,-0.252620,
-0.218696,-0.132238,+0.125151,-0.182480,

channel --> 14
-0.197684,-0.236808,-0.718750,-0.159293,
+0.019880,+0.299596,-0.048103,+0.364281,
+0.208534,-0.025219,+0.058740,+0.033311,
+0.167400,-0.585636,-0.175118,+0.085831,

channel --> 15
-0.700989,-0.108641,-0.016794,-0.824889,
-0.471438,-1.197887,-0.288200,-0.695238,
-0.548228,-0.615621,-0.009910,-0.810724,
-0.317611,+0.190295,-0.277655,-0.577364,

channel --> 16
+0.381403,+0.534162,+0.443689,+0.030472,
-0.068526,+0.186056,-0.263142,+0.003035,
-0.015714,-0.326346,+0.011934,-0.587507,
-0.295400,+0.122947,-0.123634,+0.043915,

channel --> 17
+0.250739,+0.530300,+0.046364,-0.016954,
-0.041495,+0.370419,+0.408309,-0.367874,
+0.208939,+0.088230,+0.218638,+0.484172,
-0.229675,-0.126157,-0.260982,+0.301219,

channel --> 18
-0.126979,-0.455770,-0.628375,-0.135798,
-0.019585,-0.071171,-0.536749,+0.081996,
-0.121391,-0.366882,-0.753239,+0.241170,
-0.156752,-0.005276,-0.153317,+0.288115,

channel --> 19
+0.317755,-0.613776,-0.070691,-0.216550,
+0.102489,-0.486582,-0.262469,+0.086489,
+0.235401,-0.044490,-0.291777,+0.148707,
+0.270946,+0.103867,-0.559750,+0.124859,

channel --> 20
-0.080551,-0.299591,-0.245079,-0.301596,
-0.133391,+0.136755,+0.061593,+0.196330,
+0.411750,-0.302604,+0.082586,-0.438013,
-0.144533,+0.093335,+0.405152,-0.400587,

channel --> 21
-0.125271,+0.354016,+0.625672,-0.505337,
+0.023830,-0.592443,-0.266539,-0.411431,
+0.047793,+0.189842,+0.508039,-0.364289,
-0.209496,+0.265889,-0.196402,+0.092336,

channel --> 22
-0.058637,+0.330282,-0.011750,-0.428870,
-0.161653,+0.545249,+0.212226,-0.239966,
+0.612185,+0.703959,+0.732131,+0.053345,
-0.075596,+0.223722,+0.161496,-0.753312,

channel --> 23
+0.102635,+0.226574,-0.123711,+0.432960,
+0.066224,-0.793775,-0.811330,-0.079839,
-0.110890,+0.683920,-0.320215,-0.130533,
-0.058975,+0.341836,-0.393693,-0.176090,

channel --> 24
-0.116542,-0.079595,+0.237369,+0.366905,
+0.504781,+0.073336,+0.458945,+0.492086,
-0.133009,+0.079264,+0.069994,+0.090058,
+0.322821,+0.307836,-0.227207,-0.363821,

channel --> 25
-0.065611,-0.025387,+0.185338,-0.695285,
+0.061511,-0.555571,+0.102467,-0.317306,
-0.003803,-0.330466,-0.118593,-0.071549,
+0.096737,-0.035187,+0.455232,+0.104891,

channel --> 26
+0.048419,+0.304744,-0.289825,-0.220246,
-0.471124,+0.364813,+0.074921,-0.245901,
+0.013194,-0.364762,+0.754598,+0.277780,
+0.277759,-0.051506,-0.257500,-0.261006,

channel --> 27
+0.043557,-0.406449,-0.101616,+0.266320,
+0.215534,-0.348299,+0.091225,+0.709873,
+0.423373,+0.057941,+0.428853,+0.919912,
+0.497469,+0.174997,+0.291682,+0.206026,

channel --> 28
+0.342825,+0.734994,+0.674378,+0.516213,
-0.171059,+0.301780,-0.256007,+0.064358,
-0.365166,-0.187736,+0.482763,-0.152048,
+0.631263,-0.385098,-0.271355,+0.059891,

channel --> 29
-0.061504,-0.065262,-0.196834,-0.237993,
+0.040851,-0.315617,-0.118657,-0.206654,
+0.048066,+0.194825,-0.024179,+0.195823,
+0.308306,+0.289507,-0.317804,+0.471555,

channel --> 30
+0.216633,-0.481560,-0.126646,-0.153572,
-0.222142,+0.053524,-0.392899,+0.069612,
-0.304525,+0.250389,-0.561203,+0.085805,
-0.305345,+0.187268,+0.294873,-0.190121,

channel --> 31
+0.517832,-0.289549,+0.463826,+0.589108,
+0.167598,+0.017826,-0.394549,-0.138121,
+0.261413,+0.140431,-0.394924,-0.394023,
+0.076698,+0.572070,+0.664045,+0.319393,

channel --> 32
+0.422285,+0.818015,+0.804774,+0.175091,
+0.339634,+0.989235,+0.333573,+0.568419,
+0.335050,+0.082339,-0.160380,-0.002402,
+0.657349,+0.298394,+0.196465,+0.451436,

channel --> 33
+0.356549,+0.166309,-0.267102,+0.086475,
+0.048403,-0.017711,-0.596414,+0.137904,
-0.124683,-0.070037,-0.489198,-0.618216,
-0.256021,+0.186764,+0.098254,+0.425531,

channel --> 34
+0.312677,-0.262011,+0.393974,-0.222549,
+0.031832,+0.412878,-0.256182,-0.835197,
+0.256734,+0.300421,-0.562029,-0.022969,
+0.276677,+0.414887,-0.295736,+0.541267,

channel --> 35
+0.299418,-0.454179,+0.040054,+0.089437,
+0.177209,-0.660815,-0.497748,+0.428410,
+0.140483,-0.015174,-0.093163,-0.274725,
+0.211165,-0.224796,+0.508209,-0.145324,

channel --> 36
+0.418934,-0.030836,-0.071164,-0.302100,
-0.823712,-0.192308,+0.239239,-0.592342,
+0.008989,-0.195176,+0.559831,-0.601673,
-0.069241,+0.673459,+0.480784,-0.023786,

channel --> 37
+0.153650,-0.021585,+0.156328,+0.076756,
+0.107804,-0.202737,+0.097160,+0.009538,
+0.001451,+0.059583,+0.095263,+0.091905,
+0.435984,+0.289422,-0.228413,+0.043029,

channel --> 38
+0.054659,-0.077785,-0.368683,-0.053112,
+0.425224,-0.579411,+0.413055,+0.227440,
+1.033666,+0.116661,+1.013454,+0.470843,
+0.301046,+0.152719,-0.986331,-0.002805,

channel --> 39
-0.123755,+0.086267,-0.198325,-0.344871,
-0.111392,-0.001694,-0.196178,-0.347913,
+0.081305,-0.091361,+0.016543,+0.029045,
-0.014858,-0.074198,+0.187274,-0.176625,

channel --> 40
+0.332375,-0.644237,+0.594305,+0.666325,
+0.142256,-0.546048,-0.123060,+0.803177,
+0.088873,-0.477349,+0.210274,-0.055994,
+0.101019,+0.316817,+0.356544,-0.541122,

channel --> 41
+0.127698,-0.149454,-0.374218,-0.383616,
-0.498146,+0.340572,-0.650985,-0.424569,
-0.036092,-0.077779,-0.218085,+0.270900,
+0.022320,-0.190523,-0.355870,-0.283534,

channel --> 42
-0.335674,-0.167695,-0.060231,-0.129084,
-0.310576,+0.689613,+1.005194,-0.114478,
+0.466126,-0.083317,-0.526514,+0.051006,
+0.380401,+0.259943,+0.089541,+0.390992,

channel --> 43
-0.459417,-0.084659,-0.125232,-0.815770,
+0.224419,+0.037467,-0.311730,-0.420933,
+0.552780,+0.692462,+0.338868,+0.122280,
+0.422913,+0.535342,+0.153141,+0.635235,

channel --> 44
-0.075447,+0.051964,+0.194864,-0.040423,
+0.206726,-0.011988,+0.327485,+0.074745,
-0.081471,-0.118888,+0.441191,+0.485324,
+0.204440,-0.042386,+0.882837,-0.092278,

channel --> 45
+0.505835,-0.210385,-0.030520,+0.164632,
-0.203363,+0.024716,-0.573574,+0.161062,
+0.035206,-0.353719,-0.591371,-0.127840,
+0.051648,-0.308778,-0.553797,-0.101753,

channel --> 46
-0.143417,+0.033088,+0.726211,+0.416349,
+0.100693,+0.090878,+0.546254,+0.299641,
+0.314470,-0.270544,-0.584307,-0.197569,
-0.000753,+0.222216,-0.286602,+0.121478,

channel --> 47
+0.116896,+0.113090,+0.242104,+0.014674,
+0.072851,-0.452883,+0.230599,-0.054925,
-0.064375,-0.193544,+0.007297,+0.549838,
-0.433568,-0.056672,+0.440087,-0.365816,

