channel --> 0
+0.343761,+0.648255,
-0.068449,+0.436541,

channel --> 1
+0.809601,+0.177606,
+0.195053,+0.293522,

channel --> 2
+0.129172,+0.253146,
+0.596923,+0.217462,

channel --> 3
+0.554404,+0.517746,
+0.362968,-0.077274,

channel --> 4
-0.949178,+1.762634,
+1.273690,+1.883342,

channel --> 5
-0.206894,+0.310438,
-0.236591,+0.195054,

channel --> 6
+0.755680,+0.441975,
+0.522120,+0.290756,

channel --> 7
+1.200911,+1.584351,
+0.128459,+0.297130,

channel --> 8
-0.125730,+0.161728,
+0.541161,-0.071553,

channel --> 9
-0.281290,+2.457554,
+1.553142,+0.791854,

channel --> 10
+0.183805,+0.128692,
+0.047328,-0.206240,

channel --> 11
-0.445879,+1.125426,
+0.935362,+1.308687,

channel --> 12
+0.846967,+0.460429,
+0.059887,+0.536864,

channel --> 13
-0.259888,-0.098035,
+0.368842,+0.025834,

channel --> 14
-0.106119,+0.081905,
+0.193729,+0.051368,

channel --> 15
+0.008775,+0.371189,
+0.364382,+0.386497,

channel --> 16
-0.242902,+0.637748,
+0.367639,+0.170365,

channel --> 17
+0.080265,+0.069411,
+0.378957,+0.364029,

channel --> 18
-0.184827,+0.200173,
+0.722010,+0.237836,

channel --> 19
-0.206783,+0.424399,
+0.237829,+0.327600,

channel --> 20
+1.753867,+1.212643,
+0.829116,+1.770258,

channel --> 21
+0.763276,+0.328404,
+0.544813,+0.225633,

channel --> 22
+0.287847,+0.397147,
+0.002518,+0.226434,

channel --> 23
+0.180074,-0.004205,
+0.387690,+0.026942,

channel --> 24
+0.540522,+0.079366,
+0.571742,+0.414505,

channel --> 25
+0.976823,+0.348935,
+0.591170,+0.294376,

channel --> 26
+1.304233,+0.292300,
+0.291121,+0.321284,

channel --> 27
+0.567110,+0.550237,
+0.021458,+0.421661,

channel --> 28
+1.011225,+0.201946,
+0.236538,+0.144683,

channel --> 29
+0.931717,+0.377982,
+0.099802,+0.582061,

channel --> 30
+1.083254,+0.550218,
+0.379404,+0.395609,

channel --> 31
+0.282026,+0.326197,
-0.001758,+0.178076,

channel --> 32
-0.129823,+1.945090,
+0.910391,+0.466193,

channel --> 33
-0.446512,+1.436091,
+0.113987,+0.506147,

channel --> 34
+0.835224,+0.019895,
+0.479450,+0.301342,

channel --> 35
+0.014373,+0.756484,
+0.291250,-0.360998,

channel --> 36
-0.351962,+0.894583,
+0.299151,+0.002557,

channel --> 37
+0.864108,+0.301755,
+0.698410,+0.260976,

channel --> 38
+0.159400,+0.272524,
+0.743237,+0.394892,

channel --> 39
+0.262975,+0.001650,
+0.616196,+0.291801,

channel --> 40
-0.293172,+0.911209,
-0.386882,+0.449305,

channel --> 41
-0.283754,+0.791102,
+0.348907,+0.332218,

channel --> 42
+0.656578,+0.366787,
-0.044347,+0.488846,

channel --> 43
-0.101668,+0.686285,
+0.782386,+0.595595,

channel --> 44
+0.565895,+0.949467,
-0.141368,+0.755047,

channel --> 45
+0.121419,+0.237716,
+0.473212,+0.228938,

channel --> 46
+0.747053,+0.681244,
+0.001752,+0.726500,

channel --> 47
+0.769150,+0.320830,
-0.023833,+0.559771,

channel --> 48
+0.659433,+0.223391,
+0.097316,+0.356907,

channel --> 49
-0.124955,+0.492253,
-0.382152,+0.121377,

channel --> 50
+0.642700,+0.243664,
+0.151124,+0.150180,

channel --> 51
+0.916518,+0.749264,
+0.314667,+0.599996,

channel --> 52
-0.647899,+0.889555,
-0.128141,+0.024981,

channel --> 53
+1.199586,+0.279000,
+0.655847,+0.506944,

channel --> 54
+0.570168,+0.611849,
-0.016118,+0.583305,

channel --> 55
+0.142020,+0.596239,
+0.203079,+0.226051,

channel --> 56
-0.825914,+2.953641,
+0.778034,+0.440996,

channel --> 57
-0.109343,+0.682755,
+0.236234,+0.095165,

channel --> 58
-0.566519,+1.807034,
+1.022172,+0.973218,

channel --> 59
+0.728250,+0.148216,
+0.585987,+0.518717,

channel --> 60
-0.113656,+0.064466,
+0.139801,-0.043949,

channel --> 61
+0.688453,+0.430282,
+0.071461,+0.363988,

channel --> 62
+0.993866,+0.283733,
+0.755698,+0.449254,

channel --> 63
+0.292790,+0.070751,
-0.229579,+0.308875,

channel --> 64
+0.832416,+0.310498,
+0.614821,+0.441138,

channel --> 65
+0.445449,+0.199732,
-0.280907,+0.486234,

channel --> 66
+1.578314,+0.581135,
+1.035954,+0.192464,

channel --> 67
-0.114614,+0.360548,
+0.362981,+0.051934,

channel --> 68
+0.071870,-0.057838,
+0.565835,+0.197572,

channel --> 69
+0.614875,+0.135013,
+0.465601,+0.065696,

channel --> 70
+0.556837,+0.158964,
+0.020409,+0.354080,

channel --> 71
+1.849291,+0.554541,
+0.530766,-0.499020,

channel --> 72
-0.264607,+0.968178,
+1.017970,+0.414381,

channel --> 73
+0.155230,+0.006341,
-0.391498,+0.289853,

channel --> 74
+0.182213,+0.507662,
+0.048546,+0.189411,

channel --> 75
-0.225710,+0.263889,
+0.911205,+0.493100,

channel --> 76
-0.082744,+0.796277,
+0.971372,+0.359142,

channel --> 77
+0.599081,+0.154364,
+0.184514,+0.267011,

channel --> 78
+0.142887,+0.280048,
-0.124014,+0.286631,

channel --> 79
-0.220851,+0.793932,
-0.338024,+0.415151,

channel --> 80
+0.199078,+0.507672,
+0.653422,+0.365241,

channel --> 81
-0.257387,+0.289893,
+0.725153,+0.189942,

channel --> 82
+0.382614,+0.888416,
+0.061486,+0.332905,

channel --> 83
+0.333911,+0.243754,
-0.233736,+0.410887,

channel --> 84
+0.998722,-0.112042,
+0.542747,+0.157931,

channel --> 85
-0.036015,+0.185310,
+0.032078,+0.029457,

channel --> 86
-1.192999,-0.637696,
-0.685585,+0.313272,

channel --> 87
+0.134279,+0.092504,
+0.140273,-0.232924,

channel --> 88
-0.941350,+1.067257,
+1.444716,+1.180731,

channel --> 89
-0.104287,+0.286829,
+0.001499,-0.013196,

channel --> 90
-1.996276,+1.141027,
-1.978538,-1.224901,

channel --> 91
-0.431708,+0.457805,
-0.620607,+0.249617,

channel --> 92
+1.398330,+0.627429,
+1.157994,+0.797908,

channel --> 93
+0.681913,+0.186323,
+0.067965,+0.366206,

channel --> 94
-0.245008,+0.398532,
+0.797150,+0.370080,

channel --> 95
+2.623888,+1.234696,
+1.011723,-0.218944,

channel --> 96
+0.452216,-0.144337,
+0.597237,+0.162079,

channel --> 97
+0.086037,-0.136074,
+0.522543,-0.017686,

channel --> 98
+1.054106,+0.360413,
+0.416652,+0.447057,

channel --> 99
-0.076804,+0.433323,
+0.551119,+0.072547,

channel --> 100
+0.338295,-0.034742,
-0.249234,+0.247052,

channel --> 101
+0.359835,+1.098663,
+0.255738,+0.571273,

channel --> 102
+0.071637,+1.805852,
-0.010405,+0.339019,

channel --> 103
+0.221509,-0.004125,
+0.442287,+0.089053,

channel --> 104
+0.298202,+0.390811,
+0.143162,+0.212355,

channel --> 105
-0.210740,+0.200200,
+0.647301,+0.126341,

channel --> 106
-0.205756,+0.294420,
+0.460400,-0.052590,

channel --> 107
+0.533739,-0.031586,
+0.682898,+0.086153,

channel --> 108
+0.284364,+0.200546,
+0.170054,+0.064668,

channel --> 109
-0.461925,+0.569279,
+0.214780,+0.048031,

channel --> 110
+0.302145,+0.270186,
+0.605328,+0.481222,

channel --> 111
+0.143412,+0.039306,
+0.411956,+0.022970,

channel --> 112
+1.058881,+0.413060,
+0.338578,+0.544785,

channel --> 113
+0.077475,+0.051154,
+0.398898,-0.002541,

channel --> 114
-0.299078,+0.547870,
+0.909426,+0.149218,

channel --> 115
+1.042988,+0.723627,
+0.227335,+0.544819,

channel --> 116
+0.142642,+1.109393,
+0.773326,+0.651107,

channel --> 117
+0.243699,+0.646807,
+0.688701,+0.277910,

channel --> 118
+1.457128,-0.249612,
+0.533910,-0.917143,

channel --> 119
-0.177338,+0.462867,
+0.809792,+0.184734,

channel --> 120
+0.876797,+1.290038,
+1.427840,+0.935425,

channel --> 121
-0.121801,+0.911646,
+0.870761,+0.225310,

channel --> 122
+0.675948,+0.124289,
+0.362292,+0.266425,

channel --> 123
+0.046393,-1.615869,
+0.248230,+0.176700,

channel --> 124
-0.222857,+0.439794,
+0.474839,-0.089474,

channel --> 125
-0.381597,+0.095957,
-0.585387,+0.128565,

channel --> 126
-0.311200,+0.193090,
-0.326061,+0.120842,

channel --> 127
+0.090487,+0.050870,
-0.136246,+0.278179,

channel --> 128
+0.429563,+0.407198,
-0.061183,+0.470055,

channel --> 129
-0.102709,+0.994818,
+1.196857,+0.431497,

channel --> 130
+0.065028,-0.251156,
-0.150724,-0.189299,

channel --> 131
-0.126347,+0.635286,
+0.771464,+0.026252,

channel --> 132
+4.904736,+1.241421,
-2.108146,-0.225505,

channel --> 133
+0.037348,+0.646161,
+0.005249,+0.396196,

channel --> 134
+1.240193,+0.684138,
+0.264008,+0.700565,

channel --> 135
+0.621910,+1.664888,
+1.497592,+1.584900,

channel --> 136
+0.147431,+0.606732,
-0.066037,+0.239050,

channel --> 137
-0.351205,+0.891975,
+1.059055,+0.365089,

channel --> 138
-0.307470,+0.480390,
+0.141508,+0.182797,

channel --> 139
+0.037650,+0.676976,
+1.019612,+0.550667,

channel --> 140
+0.775604,+0.259466,
-0.073600,+0.376553,

channel --> 141
+0.812834,+0.348393,
+0.215046,+0.227009,

channel --> 142
-0.214619,+1.475542,
+0.709959,+0.325285,

channel --> 143
+0.180724,+0.659332,
+0.802817,+0.302545,

channel --> 144
+0.225230,+0.202616,
+0.342295,+0.309375,

channel --> 145
+0.220286,+0.125824,
+0.062202,+0.196896,

channel --> 146
+0.760161,+0.292406,
-0.098842,+0.482880,

channel --> 147
+0.363535,-0.011309,
-0.209017,+0.332142,

channel --> 148
+0.328004,+0.085173,
+0.078983,+0.106818,

channel --> 149
+0.452074,-0.153474,
+0.514487,+0.182831,

channel --> 150
+0.071139,+0.267289,
+0.588420,+0.030716,

channel --> 151
-0.314343,+0.264044,
+1.042404,+0.709421,

channel --> 152
+0.345606,+1.267275,
+0.366857,+0.358262,

channel --> 153
+1.450929,+0.626523,
+0.526657,+0.786950,

channel --> 154
-0.145021,+0.286500,
-0.493813,+0.319649,

channel --> 155
+0.308599,+0.010436,
+0.330737,+0.108266,

channel --> 156
+0.908245,+0.523528,
-0.119833,+0.622876,

channel --> 157
-0.341847,+1.643031,
+0.903594,+0.345408,

channel --> 158
+0.332075,+0.287715,
-0.134439,+0.337697,

channel --> 159
-0.111514,+0.455508,
+0.032325,+0.090455,

channel --> 160
-0.287070,+0.493444,
+0.063308,+0.018104,

channel --> 161
-0.220232,+0.361920,
+0.600401,+0.154182,

channel --> 162
-0.161566,+1.003975,
-0.148682,+0.368204,

channel --> 163
-0.457676,+0.470511,
+0.141688,-0.013226,

channel --> 164
+0.308937,-0.077518,
+0.560762,+0.356423,

channel --> 165
-0.386684,+0.915939,
+1.011443,+0.946987,

channel --> 166
-0.050165,+0.953298,
-0.173178,+0.268771,

channel --> 167
-0.163507,+0.424290,
-0.142613,+0.136398,

channel --> 168
+0.669813,+0.270498,
+0.164972,+0.321296,

channel --> 169
+0.134515,+0.103386,
-0.222431,+0.212684,

channel --> 170
-0.159927,+0.227545,
+0.872967,+0.352186,

channel --> 171
+0.319503,+0.252069,
+0.899285,+0.393645,

channel --> 172
+0.564339,+1.134997,
+0.344240,+0.449691,

channel --> 173
+0.184495,+0.492922,
+0.587289,+0.362793,

channel --> 174
-0.388407,+0.368286,
-0.250900,+0.174298,

channel --> 175
+0.016389,+0.917285,
-0.242315,+0.394788,

channel --> 176
+0.967090,+0.346658,
+0.515307,+0.247804,

channel --> 177
+0.199213,-0.044319,
+0.663111,+0.287788,

channel --> 178
+0.000094,-0.155184,
+0.075741,-0.010277,

channel --> 179
+0.671266,+0.421203,
+0.878651,+0.397859,

channel --> 180
+0.283146,-0.064490,
+0.296567,+0.064705,

channel --> 181
+0.198344,+0.256707,
-0.123549,+0.218528,

channel --> 182
+0.759078,+0.339969,
+0.561254,+0.343783,

channel --> 183
+0.039021,+0.906284,
+0.025009,+0.437374,

channel --> 184
-0.140541,+0.456083,
+0.419426,+0.310511,

channel --> 185
+0.242818,-0.011606,
+0.217910,-0.033845,

channel --> 186
+0.261504,+1.185158,
+0.195340,+0.394725,

channel --> 187
+0.444873,-1.283142,
+1.073579,+0.245346,

channel --> 188
+0.306345,+0.305840,
-0.363857,+0.438663,

channel --> 189
-0.326745,+0.887653,
+1.200903,+0.347501,

channel --> 190
+0.281513,+0.435954,
+0.556727,+0.044865,

channel --> 191
-0.344601,+0.411265,
-0.390340,+0.131964,

channel --> 192
-0.664909,+1.217574,
-0.227544,+0.154704,

channel --> 193
-0.295518,+0.528786,
+1.193897,+0.338056,

channel --> 194
+0.014435,+0.347328,
-0.236448,+0.232625,

channel --> 195
-0.450507,+1.036714,
+0.078845,+0.433255,

channel --> 196
-0.585738,+1.096592,
+0.299260,+0.284482,

channel --> 197
+0.418742,+0.014137,
+0.490859,+0.051915,

channel --> 198
+0.109268,-0.075710,
+0.312566,-0.058048,

channel --> 199
+0.110255,+0.396359,
+0.554388,-0.136475,

channel --> 200
+0.307349,+1.546029,
+1.160459,+0.478854,

channel --> 201
+0.073908,-0.226190,
+0.465840,-0.068479,

channel --> 202
-0.047942,+0.443260,
+0.537310,-0.100619,

channel --> 203
+0.219510,+0.052554,
-0.087616,+0.208466,

channel --> 204
-0.508123,+1.083165,
+0.101304,+0.289132,

channel --> 205
+0.168395,+0.278420,
+0.455700,+0.037521,

channel --> 206
+0.044027,+0.241661,
+0.706115,+0.396463,

channel --> 207
+0.517729,+1.595171,
-0.001118,+0.549137,

channel --> 208
+0.866457,+0.539812,
-0.005198,+0.739714,

channel --> 209
+0.403791,+0.242006,
-0.095601,+0.341287,

channel --> 210
+1.480136,+0.366285,
+0.846875,+0.308294,

channel --> 211
+1.077502,+0.257560,
+0.434232,+0.280851,

channel --> 212
+0.457276,-0.089663,
+0.608929,-0.213524,

channel --> 213
-0.266583,+2.649820,
+0.396905,+2.083409,

channel --> 214
+0.206100,-0.124395,
+0.583616,+0.303793,

channel --> 215
+0.013181,+0.200618,
-0.148985,+0.144261,

channel --> 216
-0.299066,+1.136791,
+0.727104,+0.343641,

channel --> 217
+0.613564,+0.360541,
+0.489154,+0.450683,

channel --> 218
+1.367606,+0.726474,
+1.014806,+0.847661,

channel --> 219
+0.208075,+0.312311,
-0.017734,+0.062713,

channel --> 220
+0.907175,+0.341814,
+0.882655,+0.396022,

channel --> 221
+1.249869,+0.471848,
+0.217379,+0.559675,

channel --> 222
+1.503766,+0.485291,
+0.851150,+0.732059,

channel --> 223
+0.491105,+0.839930,
+0.086104,+0.582414,

channel --> 224
+0.256579,+0.388284,
-0.217854,+0.412257,

channel --> 225
+0.389339,+0.216407,
+0.743841,+0.307289,

channel --> 226
+0.075850,+0.272204,
+0.199451,+0.220198,

channel --> 227
-0.535165,+1.598901,
+1.143351,+0.320650,

channel --> 228
+0.540371,+0.168211,
+0.527745,-0.171993,

channel --> 229
+0.252764,-0.659943,
-0.656066,+1.154313,

channel --> 230
+0.435772,+1.253791,
+0.649891,+0.528753,

channel --> 231
-0.034941,+1.513875,
+0.945431,+0.270156,

channel --> 232
+1.015817,+0.366718,
+0.491128,+0.456147,

channel --> 233
+0.051046,+0.123751,
+0.789576,+0.281285,

channel --> 234
+0.565205,+0.347698,
+0.113533,+0.231208,

channel --> 235
-0.374250,+0.480974,
+0.127144,-0.001756,

channel --> 236
+1.247635,+0.707263,
+0.448407,+0.552322,

channel --> 237
+0.556947,+0.526541,
+0.244988,+0.327246,

channel --> 238
+0.519209,+0.630395,
+0.111397,+0.417205,

channel --> 239
-0.373655,-1.268164,
+0.865073,+1.883649,

channel --> 240
-0.250736,-0.065842,
+0.635639,-0.034495,

channel --> 241
+0.857728,+0.158129,
+0.242096,+0.381811,

channel --> 242
+0.771382,+0.313390,
+0.351261,+0.450203,

channel --> 243
-0.068289,+0.224887,
+0.076604,+0.077919,

channel --> 244
+0.579769,+0.006005,
+0.769416,+0.169643,

channel --> 245
-0.255761,+1.210001,
+1.049306,-0.007177,

channel --> 246
-0.341869,+0.521017,
+1.135606,+0.451643,

channel --> 247
+0.199845,+0.134945,
-0.090295,+0.076548,

channel --> 248
-0.305950,+0.561566,
+0.204519,+0.132025,

channel --> 249
+2.935955,+0.516191,
+0.937095,+0.886981,

channel --> 250
+0.069410,+0.116474,
-0.018872,+0.272676,

channel --> 251
+0.160305,+0.990633,
+0.249498,+0.187722,

channel --> 252
+1.196394,+0.890754,
+0.825963,-0.293122,

channel --> 253
+0.819412,+0.474764,
+0.110502,+0.445732,

channel --> 254
+0.104761,-0.327243,
+0.095550,+0.111568,

channel --> 255
+0.131259,+0.115126,
-0.076623,+0.275348,

