channel --> 0
+0.029951,+0.086660,
-0.046819,+0.047230,

channel --> 1
+0.122072,-0.003442,
+0.000023,+0.019579,

channel --> 2
-0.054955,-0.036407,
+0.015028,-0.041746,

channel --> 3
+0.083389,+0.078158,
+0.056072,-0.006748,

channel --> 4
-0.153440,+0.173440,
+0.114503,+0.187990,

channel --> 5
-0.068926,+0.033366,
-0.074798,+0.010551,

channel --> 6
+0.113760,+0.064486,
+0.077074,+0.040733,

channel --> 7
+0.120617,+0.185727,
-0.061491,-0.032850,

channel --> 8
-0.064995,-0.016497,
+0.047519,-0.055855,

channel --> 9
-0.214620,+0.160927,
+0.036915,-0.067472,

channel --> 10
+0.030590,+0.022446,
+0.010422,-0.027048,

channel --> 11
-0.116231,+0.093450,
+0.068087,+0.117905,

channel --> 12
+0.099696,+0.022691,
-0.057104,+0.037918,

channel --> 13
-0.079973,-0.055393,
+0.015510,-0.036581,

channel --> 14
-0.040030,+0.001588,
+0.026340,-0.005171,

channel --> 15
-0.029090,+0.030118,
+0.029006,+0.032619,

channel --> 16
-0.115823,+0.039799,
-0.007933,-0.042793,

channel --> 17
-0.038963,-0.040663,
+0.007825,+0.005487,

channel --> 18
-0.080135,-0.017287,
+0.067899,-0.011139,

channel --> 19
-0.084744,+0.033199,
-0.001664,+0.015111,

channel --> 20
+0.323472,+0.238114,
+0.177627,+0.326057,

channel --> 21
+0.119218,+0.027917,
+0.073352,+0.006341,

channel --> 22
+0.006933,+0.028855,
-0.050293,-0.005384,

channel --> 23
-0.039512,-0.066513,
-0.009092,-0.061949,

channel --> 24
+0.045770,-0.046430,
+0.052012,+0.020575,

channel --> 25
+0.130323,+0.013990,
+0.058871,+0.003882,

channel --> 26
+0.172364,-0.018373,
-0.018595,-0.012909,

channel --> 27
+0.052110,+0.048845,
-0.053464,+0.023968,

channel --> 28
+0.155827,-0.005408,
+0.001483,-0.016817,

channel --> 29
+0.136672,+0.023804,
-0.032897,+0.065402,

channel --> 30
+0.102666,+0.002925,
-0.029038,-0.026006,

channel --> 31
+0.020219,+0.029461,
-0.039154,-0.001529,

channel --> 32
-0.143404,+0.188577,
+0.023028,-0.048043,

channel --> 33
-0.181384,+0.110414,
-0.094508,-0.033725,

channel --> 34
+0.095064,-0.048121,
+0.032584,+0.001306,

channel --> 35
-0.049309,+0.073062,
-0.003653,-0.111206,

channel --> 36
-0.115098,+0.078944,
-0.013743,-0.059912,

channel --> 37
+0.115775,+0.010733,
+0.084825,+0.003116,

channel --> 38
-0.043506,-0.021072,
+0.072276,+0.003195,

channel --> 39
+0.006986,-0.043894,
+0.075760,+0.012599,

channel --> 40
-0.111597,+0.123490,
-0.129888,+0.033330,

channel --> 41
-0.091177,+0.078915,
+0.008940,+0.006299,

channel --> 42
+0.073917,+0.010090,
-0.080463,+0.036974,

channel --> 43
-0.102681,+0.045782,
+0.063889,+0.028695,

channel --> 44
+0.004370,+0.080313,
-0.135660,+0.041820,

channel --> 45
-0.026829,-0.001196,
+0.050711,-0.003130,

channel --> 46
+0.061620,+0.048580,
-0.086066,+0.057548,

channel --> 47
+0.106308,+0.007275,
-0.068860,+0.060057,

channel --> 48
+0.102944,+0.011603,
-0.014807,+0.039572,

channel --> 49
-0.069189,+0.052875,
-0.120053,-0.020472,

channel --> 50
+0.104468,+0.022327,
+0.003278,+0.003083,

channel --> 51
+0.075955,+0.041931,
-0.046480,+0.011565,

channel --> 52
-0.135043,+0.080325,
-0.062235,-0.040786,

channel --> 53
+0.184341,-0.005979,
+0.071929,+0.041145,

channel --> 54
+0.037757,+0.046031,
-0.078611,+0.040365,

channel --> 55
+0.011199,+0.085254,
+0.021154,+0.024899,

channel --> 56
-0.221176,+0.273740,
-0.011146,-0.055280,

channel --> 57
-0.091825,+0.038752,
-0.034857,-0.058112,

channel --> 58
-0.193691,+0.198356,
+0.068718,+0.060632,

channel --> 59
+0.047638,-0.047481,
+0.024308,+0.013277,

channel --> 60
-0.025262,+0.008260,
+0.022438,-0.012143,

channel --> 61
+0.094813,+0.039572,
-0.037206,+0.025387,

channel --> 62
+0.129462,-0.019257,
+0.079584,+0.015407,

channel --> 63
+0.037515,-0.011090,
-0.076833,+0.041036,

channel --> 64
+0.109455,-0.004665,
+0.061877,+0.023900,

channel --> 65
+0.050974,-0.004317,
-0.112469,+0.060151,

channel --> 66
+0.146737,-0.022501,
+0.054689,-0.088465,

channel --> 67
-0.052180,+0.034503,
+0.034947,-0.021797,

channel --> 68
-0.034959,-0.058519,
+0.054765,-0.012126,

channel --> 69
+0.079527,-0.013130,
+0.050704,-0.026515,

channel --> 70
+0.093759,+0.006553,
-0.023816,+0.049318,

channel --> 71
+0.142313,-0.045154,
-0.048596,-0.197699,

channel --> 72
-0.126751,+0.073827,
+0.081929,-0.016277,

channel --> 73
+0.021819,-0.011240,
-0.099574,+0.051710,

channel --> 74
-0.029824,+0.027107,
-0.053207,-0.028565,

channel --> 75
-0.131362,-0.040178,
+0.080381,+0.002511,

channel --> 76
-0.097177,+0.049358,
+0.078547,-0.023514,

channel --> 77
+0.106728,+0.008280,
+0.014955,+0.033217,

channel --> 78
-0.014748,+0.009877,
-0.062665,+0.011059,

channel --> 79
-0.110121,+0.066945,
-0.130567,+0.000853,

channel --> 80
-0.021715,+0.044953,
+0.076441,+0.014182,

channel --> 81
-0.096803,-0.007872,
+0.062857,-0.024113,

channel --> 82
+0.015762,+0.104048,
-0.040289,+0.007086,

channel --> 83
+0.024258,+0.005632,
-0.093016,+0.040161,

channel --> 84
+0.091868,-0.088848,
+0.017683,-0.044924,

channel --> 85
-0.021859,+0.020394,
-0.008860,-0.009360,

channel --> 86
-0.108835,-0.034984,
-0.041353,+0.091486,

channel --> 87
-0.006858,-0.013686,
-0.005878,-0.066879,

channel --> 88
-0.220269,+0.045145,
+0.095022,+0.060139,

channel --> 89
-0.032186,+0.031285,
-0.015019,-0.017403,

channel --> 90
-0.313487,+0.168551,
-0.310761,-0.194967,

channel --> 91
-0.130310,+0.047738,
-0.168121,+0.006067,

channel --> 92
+0.154725,+0.002324,
+0.107213,+0.036026,

channel --> 93
+0.110673,+0.006287,
-0.018642,+0.044176,

channel --> 94
-0.115808,-0.018411,
+0.041919,-0.022717,

channel --> 95
+0.304000,+0.122384,
+0.093233,-0.067658,

channel --> 96
+0.015635,-0.065981,
+0.035476,-0.024059,

channel --> 97
-0.035469,-0.067270,
+0.027027,-0.050320,

channel --> 98
+0.135607,+0.002447,
+0.013243,+0.019079,

channel --> 99
-0.059585,+0.034951,
+0.056781,-0.031907,

channel --> 100
+0.061260,-0.020182,
-0.067011,+0.041340,

channel --> 101
+0.021427,+0.135812,
+0.005310,+0.054161,

channel --> 102
+0.006542,+0.256153,
-0.005267,+0.045027,

channel --> 103
-0.015781,-0.052120,
+0.019777,-0.037113,

channel --> 104
+0.011251,+0.026959,
-0.015047,-0.003310,

channel --> 105
-0.088184,-0.022206,
+0.049576,-0.034065,

channel --> 106
-0.077972,+0.015957,
+0.047127,-0.049209,

channel --> 107
+0.043981,-0.050520,
+0.068914,-0.030838,

channel --> 108
+0.032661,+0.017351,
+0.011781,-0.007470,

channel --> 109
-0.138690,+0.062648,
-0.006566,-0.039123,

channel --> 110
+0.003242,-0.001759,
+0.050689,+0.031267,

channel --> 111
-0.013125,-0.028581,
+0.026743,-0.031006,

channel --> 112
+0.151365,+0.010098,
-0.006195,+0.038911,

channel --> 113
-0.018987,-0.023171,
+0.032109,-0.031707,

channel --> 114
-0.117760,+0.018722,
+0.076985,-0.045519,

channel --> 115
+0.101812,+0.038755,
-0.059237,+0.003449,

channel --> 116
-0.032437,+0.120382,
+0.067258,+0.047939,

channel --> 117
-0.015023,+0.052326,
+0.059326,-0.009307,

channel --> 118
+0.105934,-0.159835,
-0.037827,-0.263781,

channel --> 119
-0.129970,+0.005149,
+0.078369,-0.053553,

channel --> 120
+0.045032,+0.109520,
+0.131025,+0.054181,

channel --> 121
-0.102705,+0.082474,
+0.075148,-0.040507,

channel --> 122
+0.107251,-0.000636,
+0.045910,+0.027161,

channel --> 123
-0.074922,-0.284002,
-0.049534,-0.058532,

channel --> 124
-0.080748,+0.025925,
+0.031566,-0.059276,

channel --> 125
-0.095455,+0.001008,
-0.136620,+0.007595,

channel --> 126
-0.072902,+0.032829,
-0.076018,+0.017681,

channel --> 127
-0.000579,-0.008569,
-0.046306,+0.037275,

channel --> 128
+0.034914,+0.030301,
-0.066315,+0.043266,

channel --> 129
-0.089693,+0.055102,
+0.081757,-0.019216,

channel --> 130
+0.036181,-0.015299,
+0.001053,-0.005228,

channel --> 131
-0.100968,+0.037374,
+0.062109,-0.073250,

channel --> 132
+0.768094,+0.208887,
-0.302426,-0.015040,

channel --> 133
-0.053984,+0.052672,
-0.059608,+0.008881,

channel --> 134
+0.151040,+0.043587,
-0.037600,+0.046761,

channel --> 135
+0.016491,+0.172499,
+0.147475,+0.160535,

channel --> 136
+0.002372,+0.084967,
-0.036015,+0.018848,

channel --> 137
-0.146340,+0.041936,
+0.067240,-0.037859,

channel --> 138
-0.081039,+0.056970,
-0.002392,+0.004841,

channel --> 139
-0.088561,+0.024515,
+0.085116,+0.002175,

channel --> 140
+0.102782,-0.002329,
-0.070157,+0.021516,

channel --> 141
+0.127028,+0.032856,
+0.005818,+0.008243,

channel --> 142
-0.117360,+0.117623,
+0.011184,-0.042297,

channel --> 143
-0.086308,-0.021573,
-0.002166,-0.069831,

channel --> 144
+0.003936,-0.000182,
+0.025253,+0.019258,

channel --> 145
+0.025080,+0.006799,
-0.005513,+0.020554,

channel --> 146
+0.120873,+0.020668,
-0.063148,+0.061473,

channel --> 147
+0.066446,-0.015935,
-0.059387,+0.059547,

channel --> 148
+0.057603,+0.010229,
+0.009021,+0.014451,

channel --> 149
+0.015715,-0.072038,
+0.024759,-0.023302,

channel --> 150
-0.039531,-0.009013,
+0.040952,-0.045821,

channel --> 151
-0.130766,-0.038969,
+0.084565,+0.031717,

channel --> 152
-0.029211,+0.139159,
-0.025329,-0.026899,

channel --> 153
+0.218485,+0.042507,
+0.021189,+0.076752,

channel --> 154
-0.070975,+0.022686,
-0.146680,+0.029880,

channel --> 155
+0.028057,-0.022935,
+0.031843,-0.006204,

channel --> 156
+0.114371,+0.041122,
-0.081373,+0.060038,

channel --> 157
-0.148423,+0.159200,
+0.044600,-0.041910,

channel --> 158
+0.032266,+0.022481,
-0.070637,+0.033506,

channel --> 159
-0.037713,+0.053627,
-0.014542,-0.005178,

channel --> 160
-0.090701,+0.045085,
-0.029746,-0.037610,

channel --> 161
-0.093258,+0.013711,
+0.057531,-0.024460,

channel --> 162
-0.094004,+0.098718,
-0.091874,-0.006407,

channel --> 163
-0.129081,+0.042968,
-0.017983,-0.046698,

channel --> 164
+0.006968,-0.065498,
+0.054189,+0.015872,

channel --> 165
-0.173451,+0.062776,
+0.080096,+0.068407,

channel --> 166
-0.071038,+0.111107,
-0.093367,-0.013146,

channel --> 167
-0.058678,+0.043835,
-0.055034,-0.006374,

channel --> 168
+0.086883,+0.003726,
-0.018249,+0.014305,

channel --> 169
+0.016957,+0.010313,
-0.059232,+0.033642,

channel --> 170
-0.083889,-0.033149,
+0.051368,-0.016828,

channel --> 171
-0.004531,-0.016382,
+0.097366,+0.008500,

channel --> 172
+0.030637,+0.124441,
-0.005542,+0.011791,

channel --> 173
-0.008128,+0.050834,
+0.068874,+0.025957,

channel --> 174
-0.110779,+0.035108,
-0.084268,-0.002292,

channel --> 175
-0.068108,+0.099040,
-0.116107,+0.002099,

channel --> 176
+0.140330,+0.036119,
+0.064446,+0.019514,

channel --> 177
-0.014358,-0.055498,
+0.064009,+0.000605,

channel --> 178
-0.026434,-0.054005,
-0.013002,-0.028275,

channel --> 179
+0.036327,-0.009700,
+0.074498,-0.013997,

channel --> 180
+0.037506,-0.024343,
+0.039893,-0.001358,

channel --> 181
-0.020294,-0.011069,
-0.071172,-0.017103,

channel --> 182
+0.083980,+0.012581,
+0.050279,+0.013231,

channel --> 183
-0.085614,+0.062317,
-0.088004,-0.017666,

channel --> 184
-0.083760,+0.041380,
+0.033691,+0.010847,

channel --> 185
+0.018151,-0.023892,
+0.014035,-0.027567,

channel --> 186
-0.026525,+0.133769,
-0.038007,-0.003405,

channel --> 187
+0.071250,-0.202819,
+0.170964,+0.039604,

channel --> 188
+0.022579,+0.022468,
-0.123737,+0.051466,

channel --> 189
-0.185675,+0.033554,
+0.090103,-0.063957,

channel --> 190
+0.003662,+0.028529,
+0.047975,-0.034441,

channel --> 191
-0.090800,+0.056052,
-0.099686,+0.001788,

channel --> 192
-0.181729,+0.113969,
-0.113029,-0.052985,

channel --> 193
-0.144128,-0.020906,
+0.078519,-0.049417,

channel --> 194
-0.036210,+0.029649,
-0.085843,+0.006956,

channel --> 195
-0.128915,+0.136591,
-0.034413,+0.028858,

channel --> 196
-0.168848,+0.086947,
-0.034285,-0.036532,

channel --> 197
+0.031988,-0.038140,
+0.044488,-0.031592,

channel --> 198
+0.003759,-0.031592,
+0.042612,-0.028216,

channel --> 199
-0.020336,+0.020716,
+0.043391,-0.055738,

channel --> 200
-0.044522,+0.127377,
+0.073869,-0.020721,

channel --> 201
-0.021544,-0.067126,
+0.037986,-0.043171,

channel --> 202
-0.061316,+0.025799,
+0.042478,-0.070658,

channel --> 203
+0.016791,-0.013670,
-0.039243,+0.014776,

channel --> 204
-0.161525,+0.084045,
-0.067477,-0.038491,

channel --> 205
-0.007865,+0.012338,
+0.044889,-0.031895,

channel --> 206
-0.048823,-0.015307,
+0.063459,+0.010946,

channel --> 207
-0.000906,+0.179030,
-0.087555,+0.004339,

channel --> 208
+0.090565,+0.023053,
-0.089591,+0.064370,

channel --> 209
+0.049548,+0.013643,
-0.061282,+0.035676,

channel --> 210
+0.180294,-0.026449,
+0.062754,-0.037213,

channel --> 211
+0.164873,+0.003734,
+0.038454,+0.008311,

channel --> 212
+0.026921,-0.061291,
+0.051379,-0.081267,

channel --> 213
-0.054579,+0.309652,
+0.028284,+0.238913,

channel --> 214
-0.010449,-0.073017,
+0.061021,+0.008046,

channel --> 215
-0.017154,+0.016205,
-0.046016,+0.006175,

channel --> 216
-0.126986,+0.118062,
+0.048144,-0.017300,

channel --> 217
+0.072945,+0.033553,
+0.053576,+0.047587,

channel --> 218
+0.127583,+0.005021,
+0.060140,+0.028188,

channel --> 219
+0.022812,+0.044599,
-0.024386,-0.007571,

channel --> 220
+0.131560,+0.026810,
+0.127017,+0.036853,

channel --> 221
+0.188940,+0.027197,
-0.025704,+0.045456,

channel --> 222
+0.188947,-0.008887,
+0.062179,+0.039046,

channel --> 223
+0.043798,+0.100601,
-0.022152,+0.058667,

channel --> 224
-0.005120,+0.017310,
-0.085915,+0.021392,

channel --> 225
+0.019177,-0.013198,
+0.085545,+0.003816,

channel --> 226
-0.022106,+0.011657,
-0.000853,+0.002714,

channel --> 227
-0.177943,+0.122463,
+0.058336,-0.057473,

channel --> 228
+0.085646,+0.019282,
+0.083395,-0.041384,

channel --> 229
+0.075873,-0.052320,
-0.051776,+0.202499,

channel --> 230
-0.076754,+0.050334,
-0.043488,-0.062308,

channel --> 231
-0.089931,+0.138502,
+0.054663,-0.044933,

channel --> 232
+0.144052,+0.014323,
+0.039188,+0.032196,

channel --> 233
-0.060848,-0.047573,
+0.073997,-0.018809,

channel --> 234
+0.070870,+0.025264,
-0.023835,+0.000839,

channel --> 235
-0.102369,+0.043268,
-0.016986,-0.038937,

channel --> 236
+0.164120,+0.053219,
+0.000094,+0.021421,

channel --> 237
+0.040056,+0.034366,
-0.018319,-0.002927,

channel --> 238
+0.033745,+0.054606,
-0.042769,+0.014607,

channel --> 239
-0.117549,-0.216725,
+0.019792,+0.132724,

channel --> 240
-0.082245,-0.056378,
+0.041762,-0.051992,

channel --> 241
+0.162319,+0.011096,
+0.029246,+0.059447,

channel --> 242
+0.106413,+0.011940,
+0.019752,+0.040162,

channel --> 243
-0.036580,+0.020698,
-0.008272,-0.008015,

channel --> 244
+0.036770,-0.056019,
+0.067439,-0.029556,

channel --> 245
-0.128734,+0.081631,
+0.058568,-0.093058,

channel --> 246
-0.128605,+0.000173,
+0.091895,-0.010180,

channel --> 247
+0.019955,+0.009151,
-0.028346,-0.000571,

channel --> 248
-0.115051,+0.063114,
-0.010214,-0.025102,

channel --> 249
+0.338836,-0.044046,
+0.022554,+0.014625,

channel --> 250
-0.008668,-0.000713,
-0.023590,+0.025690,

channel --> 251
-0.013637,+0.124996,
+0.001255,-0.009059,

channel --> 252
+0.149312,+0.111227,
+0.103153,-0.036294,

channel --> 253
+0.103933,+0.029660,
-0.048838,+0.023404,

channel --> 254
-0.016685,-0.091891,
-0.018288,-0.015500,

channel --> 255
+0.020720,+0.017411,
-0.021912,+0.050269,

