channel --> 0
+0.191576,+0.394167,
-0.033443,+0.250032,

channel --> 1
+0.514043,+0.094060,
+0.103867,+0.161120,

channel --> 2
+0.067367,+0.137253,
+0.357848,+0.116612,

channel --> 3
+0.328430,+0.303550,
+0.203441,-0.037642,

channel --> 4
-0.324432,+1.399130,
+0.907226,+1.532834,

channel --> 5
-0.096313,+0.171281,
-0.108966,+0.103868,

channel --> 6
+0.473016,+0.253545,
+0.306495,+0.159468,

channel --> 7
+0.840820,+1.210537,
+0.066980,+0.163279,

channel --> 8
-0.060230,+0.085223,
+0.319389,-0.034923,

channel --> 9
-0.127458,+2.235372,
+1.178613,+0.500433,

channel --> 10
+0.097533,+0.067107,
+0.024037,-0.096031,

channel --> 11
-0.189805,+0.773810,
+0.613498,+0.939787,

channel --> 12
+0.543043,+0.265547,
+0.030541,+0.316469,

channel --> 13
-0.118687,-0.047416,
+0.207095,+0.013028,

channel --> 14
-0.051183,+0.042071,
+0.103120,+0.026124,

channel --> 15
+0.004400,+0.208558,
+0.204320,+0.218145,

channel --> 16
-0.111617,+0.386661,
+0.206346,+0.090020,

channel --> 17
+0.041206,+0.035508,
+0.213413,+0.204101,

channel --> 18
-0.086720,+0.106764,
+0.447888,+0.128346,

channel --> 19
-0.096265,+0.242218,
+0.128341,+0.181687,

channel --> 20
+1.389608,+0.851405,
+0.529130,+1.407432,

channel --> 21
+0.478737,+0.182177,
+0.321877,+0.121301,

channel --> 22
+0.157733,+0.224861,
+0.001260,+0.121762,

channel --> 23
+0.095441,-0.002100,
+0.218895,+0.013592,

channel --> 24
+0.318955,+0.040733,
+0.340353,+0.235888,

channel --> 25
+0.647442,+0.194760,
+0.353832,+0.161631,

channel --> 26
+0.935621,+0.160390,
+0.159686,+0.177846,

channel --> 27
+0.337157,+0.325579,
+0.010806,+0.240463,

channel --> 28
+0.676042,+0.107770,
+0.127594,+0.075831,

channel --> 29
+0.610541,+0.212802,
+0.051561,+0.347497,

channel --> 30
+0.737200,+0.325566,
+0.213693,+0.223889,

channel --> 31
+0.154269,+0.180833,
-0.000878,+0.094323,

channel --> 32
-0.062103,+1.603108,
+0.593331,+0.269319,

channel --> 33
-0.190027,+1.061771,
+0.059159,+0.295771,

channel --> 34
+0.533879,+0.010014,
+0.278037,+0.165806,

channel --> 35
+0.007221,+0.473620,
+0.159763,-0.158779,

channel --> 36
-0.155335,+0.580671,
+0.164491,+0.001280,

channel --> 37
+0.556501,+0.166053,
+0.430501,+0.141839,

channel --> 38
+0.083935,+0.148640,
+0.463686,+0.223436,

channel --> 39
+0.143013,+0.000826,
+0.371381,+0.160092,

channel --> 40
-0.132261,+0.593988,
-0.168495,+0.258298,

channel --> 41
-0.128458,+0.499858,
+0.194743,+0.184504,

channel --> 42
+0.400138,+0.205816,
-0.021846,+0.284252,

channel --> 43
-0.049111,+0.421640,
+0.493214,+0.356920,

channel --> 44
+0.336321,+0.624982,
-0.067353,+0.472540,

channel --> 45
+0.063167,+0.128276,
+0.273927,+0.123204,

channel --> 46
+0.466541,+0.417971,
+0.000877,+0.451217,

channel --> 47
+0.483174,+0.177570,
-0.011822,+0.332109,

channel --> 48
+0.402192,+0.120013,
+0.050236,+0.199684,

channel --> 49
-0.059875,+0.286512,
-0.166736,+0.063144,

channel --> 50
+0.390194,+0.131727,
+0.079368,+0.078849,

channel --> 51
+0.598260,+0.468198,
+0.173836,+0.359997,

channel --> 52
-0.253987,+0.576662,
-0.061334,+0.012594,

channel --> 53
+0.839627,+0.152473,
+0.399613,+0.296304,

channel --> 54
+0.339266,+0.368318,
-0.008016,+0.348360,

channel --> 55
+0.074372,+0.357370,
+0.108413,+0.121542,

channel --> 56
-0.299268,+2.930820,
+0.489906,+0.252911,

channel --> 57
-0.052679,+0.419070,
+0.127418,+0.049092,

channel --> 58
-0.229769,+1.447746,
+0.685225,+0.644468,

channel --> 59
+0.452516,+0.077769,
+0.350224,+0.304203,

channel --> 60
-0.054675,+0.032925,
+0.073158,-0.021652,

channel --> 61
+0.423221,+0.245998,
+0.036582,+0.204075,

channel --> 62
+0.661561,+0.155284,
+0.473029,+0.258265,

channel --> 63
+0.160682,+0.036210,
-0.106005,+0.170338,

channel --> 64
+0.531694,+0.171317,
+0.370411,+0.253003,

channel --> 65
+0.255796,+0.106515,
-0.127302,+0.282521,

channel --> 66
+1.204336,+0.346854,
+0.696844,+0.102406,

channel --> 67
-0.055118,+0.201940,
+0.203449,+0.026416,

channel --> 68
+0.036796,-0.028361,
+0.336279,+0.105292,

channel --> 69
+0.370450,+0.070545,
+0.268931,+0.033567,

channel --> 70
+0.330096,+0.083693,
+0.010274,+0.197935,

channel --> 71
+1.494625,+0.328523,
+0.312335,-0.208006,

channel --> 72
-0.120634,+0.640317,
+0.681696,+0.235809,

channel --> 73
+0.081631,+0.003177,
-0.170204,+0.158929,

channel --> 74
+0.096640,+0.296785,
+0.024666,+0.100685,

channel --> 75
-0.104364,+0.143551,
+0.593985,+0.287075,

channel --> 76
-0.040231,+0.503815,
+0.642947,+0.201068,

channel --> 77
+0.359357,+0.081154,
+0.097931,+0.145388,

channel --> 78
+0.074846,+0.153095,
-0.059444,+0.157008,

channel --> 79
-0.102296,+0.502021,
-0.149969,+0.236301,

channel --> 80
+0.106144,+0.296791,
+0.397871,+0.204854,

channel --> 81
-0.117652,+0.158953,
+0.450217,+0.100984,

channel --> 82
+0.215706,+0.575755,
+0.031373,+0.184923,

channel --> 83
+0.185538,+0.131780,
-0.107763,+0.233582,

channel --> 84
+0.665602,-0.053929,
+0.320470,+0.083122,

channel --> 85
-0.017791,+0.098378,
+0.016210,+0.014873,

channel --> 86
-0.359292,-0.251072,
-0.264455,+0.172993,

channel --> 87
+0.070145,+0.047678,
+0.073416,-0.107420,

channel --> 88
-0.322985,+0.723468,
+1.070226,+0.822720,

channel --> 89
-0.050331,+0.157126,
+0.000750,-0.006569,

channel --> 90
-0.333952,+0.787504,
-0.336834,-0.362387,

channel --> 91
-0.184792,+0.263834,
-0.246111,+0.135193,

channel --> 92
+1.025053,+0.379326,
+0.802489,+0.505063,

channel --> 93
+0.418457,+0.098948,
+0.034752,+0.205454,

channel --> 94
-0.112499,+0.225737,
+0.504483,+0.207867,

channel --> 95
+2.459409,+0.871427,
+0.676459,-0.101483,

channel --> 96
+0.260191,-0.068696,
+0.358067,+0.085418,

channel --> 97
+0.044252,-0.064951,
+0.306780,-0.008791,

channel --> 98
+0.712243,+0.201856,
+0.237259,+0.256839,

channel --> 99
-0.037419,+0.247956,
+0.326182,+0.037151,

channel --> 100
+0.188222,-0.017170,
-0.114264,+0.133699,

channel --> 101
+0.201498,+0.750508,
+0.138769,+0.340029,

channel --> 102
+0.036674,+1.446443,
-0.005185,+0.188665,

channel --> 103
+0.118932,-0.002060,
+0.253746,+0.045848,

channel --> 104
+0.163922,+0.220861,
+0.074997,+0.113693,

channel --> 105
-0.097968,+0.106780,
+0.393483,+0.065831,

channel --> 106
-0.095822,+0.161657,
+0.265528,-0.025834,

channel --> 107
+0.314349,-0.015627,
+0.419174,+0.044314,

channel --> 108
+0.155659,+0.106976,
+0.089847,+0.033031,

channel --> 109
-0.195400,+0.338653,
+0.115078,+0.024400,

channel --> 110
+0.166288,+0.147260,
+0.363735,+0.279207,

channel --> 111
+0.075134,+0.019911,
+0.234263,+0.011573,

channel --> 112
+0.716312,+0.234967,
+0.188395,+0.321858,

channel --> 113
+0.039738,+0.026013,
+0.225969,-0.001269,

channel --> 114
-0.134631,+0.323962,
+0.592555,+0.078320,

channel --> 115
+0.702798,+0.449086,
+0.122281,+0.321881,

channel --> 116
+0.074712,+0.759822,
+0.486335,+0.396210,

channel --> 117
+0.131748,+0.393130,
+0.423402,+0.151828,

channel --> 118
+1.082434,-0.114422,
+0.314465,-0.318380,

channel --> 119
-0.083428,+0.267141,
+0.514189,+0.098055,

channel --> 120
+0.566528,+0.922385,
+1.053708,+0.613549,

channel --> 121
-0.058428,+0.594339,
+0.561751,+0.121116,

channel --> 122
+0.414125,+0.064719,
+0.203022,+0.145043,

channel --> 123
+0.023555,-0.372762,
+0.134385,+0.093554,

channel --> 124
-0.103151,+0.252134,
+0.274998,-0.043403,

channel --> 125
-0.166529,+0.049513,
-0.235581,+0.067037,

channel --> 126
-0.139459,+0.102759,
-0.145311,+0.062855,

channel --> 127
+0.046608,+0.025866,
-0.065029,+0.151987,

channel --> 128
+0.245535,+0.231234,
-0.029967,+0.271853,

channel --> 129
-0.049596,+0.662353,
+0.837173,+0.246780,

channel --> 130
+0.033219,-0.115065,
-0.071576,-0.088677,

channel --> 131
-0.060513,+0.384907,
+0.484925,+0.013241,

channel --> 132
+4.904736,+0.877565,
-0.313360,-0.104277,

channel --> 133
+0.018907,+0.392668,
+0.002629,+0.224260,

channel --> 134
+0.876443,+0.420077,
+0.143621,+0.432081,

channel --> 135
+0.375417,+1.294420,
+1.122593,+1.211101,

channel --> 136
+0.077338,+0.364720,
-0.032292,+0.129049,

channel --> 137
-0.155045,+0.578591,
+0.716460,+0.204759,

channel --> 138
-0.137979,+0.278657,
+0.074091,+0.096968,

channel --> 139
+0.019061,+0.414871,
+0.683074,+0.325873,

channel --> 140
+0.488062,+0.140953,
-0.035897,+0.211909,

channel --> 141
+0.516534,+0.194426,
+0.115230,+0.122094,

channel --> 142
-0.099633,+1.100642,
+0.438987,+0.180277,

channel --> 143
+0.095806,+0.402119,
+0.508828,+0.166528,

channel --> 144
+0.121070,+0.108150,
+0.190675,+0.170639,

channel --> 145
+0.118231,+0.065550,
+0.031746,+0.104909,

channel --> 146
+0.476388,+0.160454,
-0.047793,+0.280302,

channel --> 147
+0.203794,-0.005633,
-0.097227,+0.184457,

channel --> 148
+0.181933,+0.043796,
+0.040531,+0.055311,

channel --> 149
+0.260099,-0.072811,
+0.301359,+0.096987,

channel --> 150
+0.036413,+0.145551,
+0.351917,+0.015515,

channel --> 151
-0.140703,+0.143642,
+0.702303,+0.438590,

channel --> 152
+0.192710,+0.901302,
+0.205859,+0.200523,

channel --> 153
+1.076330,+0.378683,
+0.309557,+0.496690,

channel --> 154
-0.069005,+0.156930,
-0.206265,+0.176854,

channel --> 155
+0.170171,+0.005236,
+0.183600,+0.056086,

channel --> 156
+0.591607,+0.307444,
-0.057523,+0.376100,

channel --> 157
-0.151447,+1.271441,
+0.587877,+0.192589,

channel --> 158
+0.184416,+0.157654,
-0.064207,+0.187855,

channel --> 159
-0.053684,+0.262335,
+0.016337,+0.046591,

channel --> 160
-0.129800,+0.287303,
+0.032322,+0.009107,

channel --> 161
-0.102032,+0.202791,
+0.360280,+0.081053,

channel --> 162
-0.076433,+0.669982,
-0.070657,+0.206698,

channel --> 163
-0.193927,+0.272152,
+0.074190,-0.006584,

channel --> 164
+0.170376,-0.037758,
+0.332790,+0.199384,

channel --> 165
-0.168421,+0.597793,
+0.676224,+0.622958,

channel --> 166
-0.024663,+0.628112,
-0.081591,+0.146425,

channel --> 167
-0.077298,+0.242149,
-0.067917,+0.071300,

channel --> 168
+0.409682,+0.147444,
+0.087022,+0.177853,

channel --> 169
+0.070273,+0.053475,
-0.102970,+0.113881,

channel --> 170
-0.075701,+0.122402,
+0.563495,+0.196765,

channel --> 171
+0.176765,+0.136624,
+0.584428,+0.222649,

channel --> 172
+0.335250,+0.782202,
+0.191870,+0.258549,

channel --> 173
+0.097921,+0.286956,
+0.351129,+0.203333,

channel --> 174
-0.169060,+0.206749,
-0.114958,+0.092213,

channel --> 175
+0.008239,+0.598878,
-0.111371,+0.223370,

channel --> 176
+0.639422,+0.193358,
+0.301910,+0.134137,

channel --> 177
+0.106221,-0.021832,
+0.404842,+0.157697,

channel --> 178
+0.000047,-0.073578,
+0.038827,-0.005121,

channel --> 179
+0.410733,+0.240170,
+0.567997,+0.225312,

channel --> 180
+0.154935,-0.031552,
+0.162942,+0.033050,

channel --> 181
+0.105729,+0.139337,
-0.059230,+0.117223,

channel --> 182
+0.475573,+0.189247,
+0.333128,+0.191589,

channel --> 183
+0.019764,+0.590034,
+0.012609,+0.250570,

channel --> 184
-0.066979,+0.262710,
+0.239033,+0.171325,

channel --> 185
+0.131236,-0.005780,
+0.116869,-0.016731,

channel --> 186
+0.142149,+0.826679,
+0.104030,+0.223331,

channel --> 187
+0.255422,-0.367162,
+0.728885,+0.132705,

channel --> 188
+0.168814,+0.168509,
-0.159863,+0.251402,

channel --> 189
-0.145579,+0.575148,
+0.840813,+0.193877,

channel --> 190
+0.153965,+0.249653,
+0.330021,+0.022768,

channel --> 191
-0.152509,+0.233823,
-0.169776,+0.068884,

channel --> 192
-0.258770,+0.855868,
-0.105143,+0.081341,

channel --> 193
-0.133204,+0.310995,
+0.834514,+0.188075,

channel --> 194
+0.007252,+0.193770,
-0.108906,+0.125331,

channel --> 195
-0.191427,+0.697486,
+0.040458,+0.247912,

channel --> 196
-0.235688,+0.748715,
+0.164556,+0.155729,

channel --> 197
+0.238595,+0.007102,
+0.285587,+0.026407,

channel --> 198
+0.056624,-0.036900,
+0.172566,-0.028462,

channel --> 199
+0.057154,+0.224363,
+0.328418,-0.065133,

channel --> 200
+0.169418,+1.171382,
+0.804673,+0.277644,

channel --> 201
+0.037864,-0.104568,
+0.269088,-0.033458,

channel --> 202
-0.023588,+0.254376,
+0.316772,-0.048622,

channel --> 203
+0.117786,+0.026737,
-0.042529,+0.111476,

channel --> 204
-0.211030,+0.737124,
+0.052363,+0.158499,

channel --> 205
+0.088924,+0.152130,
+0.262460,+0.018995,

channel --> 206
+0.022337,+0.130564,
+0.436157,+0.224428,

channel --> 207
+0.303538,+1.221680,
-0.000559,+0.324827,

channel --> 208
+0.558353,+0.318472,
-0.002595,+0.461053,

channel --> 209
+0.229070,+0.130764,
-0.046277,+0.190056,

channel --> 210
+1.105202,+0.205503,
+0.542971,+0.169988,

channel --> 211
+0.732253,+0.139836,
+0.248542,+0.153572,

channel --> 212
+0.263488,-0.043492,
+0.366264,-0.099163,

channel --> 213
-0.121447,+2.495167,
+0.224708,+1.765137,

channel --> 214
+0.110129,-0.059619,
+0.348576,+0.167278,

channel --> 215
+0.006619,+0.107017,
-0.070793,+0.075599,

channel --> 216
-0.134626,+0.783778,
+0.451665,+0.191502,

channel --> 217
+0.369526,+0.201936,
+0.284456,+0.259194,

channel --> 218
+0.995527,+0.451198,
+0.679041,+0.543585,

channel --> 219
+0.111253,+0.172412,
-0.008815,+0.032012,

channel --> 220
+0.590748,+0.190380,
+0.571174,+0.224150,

channel --> 221
+0.885297,+0.273031,
+0.116565,+0.332044,

channel --> 222
+1.128768,+0.281897,
+0.546318,+0.455348,

channel --> 223
+0.285750,+0.537545,
+0.044288,+0.347741,

channel --> 224
+0.139261,+0.219270,
-0.101017,+0.234455,

channel --> 225
+0.219933,+0.116009,
+0.464137,+0.169382,

channel --> 226
+0.038884,+0.148451,
+0.106356,+0.118180,

channel --> 227
-0.219849,+1.225531,
+0.789550,+0.177461,

channel --> 228
+0.318852,+0.088821,
+0.310292,-0.081066,

channel --> 229
+0.137030,-0.257384,
-0.256296,+0.799230,

channel --> 230
+0.249535,+0.888894,
+0.395338,+0.310973,

channel --> 231
-0.017267,+1.138907,
+0.621689,+0.147242,

channel --> 232
+0.679889,+0.205773,
+0.285765,+0.262752,

channel --> 233
+0.025957,+0.064428,
+0.498693,+0.153830,

channel --> 234
+0.335846,+0.193998,
+0.058915,+0.124513,

channel --> 235
-0.163781,+0.279043,
+0.066266,-0.000878,

channel --> 236
+0.883250,+0.437002,
+0.257715,+0.327004,

channel --> 237
+0.330172,+0.309478,
+0.132497,+0.181471,

channel --> 238
+0.304534,+0.381430,
+0.057767,+0.237613,

channel --> 239
-0.163558,-0.366042,
+0.557262,+1.533180,

channel --> 240
-0.114890,-0.032199,
+0.385159,-0.017049,

channel --> 241
+0.551480,+0.083232,
+0.130817,+0.215202,

channel --> 242
+0.484863,+0.173064,
+0.196194,+0.258882,

channel --> 243
-0.033367,+0.120873,
+0.039280,+0.039971,

channel --> 244
+0.345906,+0.003009,
+0.483375,+0.089618,

channel --> 245
-0.116978,+0.849018,
+0.708160,-0.003580,

channel --> 246
-0.151455,+0.305751,
+0.782736,+0.259818,

channel --> 247
+0.106579,+0.070507,
-0.043788,+0.039251,

channel --> 248
-0.137374,+0.333343,
+0.109231,+0.068918,

channel --> 249
+2.904616,+0.302504,
+0.614905,+0.574613,

channel --> 250
+0.035508,+0.060498,
-0.009377,+0.148730,

channel --> 251
+0.084435,+0.658876,
+0.135124,+0.099734,

channel --> 252
+0.836757,+0.577618,
+0.526684,-0.132241,

channel --> 253
+0.521612,+0.274949,
+0.057286,+0.255979,

channel --> 254
+0.054209,-0.145773,
+0.049296,+0.057858,

channel --> 255
+0.068501,+0.059772,
-0.037333,+0.150310,

