channel --> 0
-0.002628,-0.005536,
-0.002652,-0.005962,

channel --> 1
-0.007785,-0.004616,
-0.008288,-0.004370,

channel --> 2
-0.005881,-0.005273,
-0.003915,-0.007842,

channel --> 3
-0.002793,-0.001941,
-0.001337,+0.553997,

channel --> 4
-0.007960,-0.009931,
-0.007862,-0.010782,

channel --> 5
-0.003817,-0.002981,
-0.005199,-0.003509,

channel --> 6
-0.000996,-0.003719,
+0.553608,-0.004560,

channel --> 7
-0.004538,-0.002433,
+0.376207,+0.184435,

channel --> 8
+0.409445,+0.233852,
+0.183660,-0.005147,

channel --> 9
-0.003271,-0.005720,
+0.132318,-0.001301,

channel --> 10
-0.004283,-0.005529,
-0.010320,-0.004006,

channel --> 11
-0.008571,-0.003198,
-0.001424,-0.008269,

channel --> 12
+0.397604,+0.298814,
-0.000753,+0.258791,

channel --> 13
-0.007756,-0.007322,
-0.007583,-0.008227,

channel --> 14
+0.884145,+0.254336,
+0.194415,-0.004611,

channel --> 15
+0.099909,-0.000044,
-0.007817,-0.003865,

channel --> 16
-0.008691,-0.004817,
-0.005745,-0.007664,

channel --> 17
+0.301026,-0.001491,
-0.002150,-0.004080,

channel --> 18
-0.004862,-0.002479,
-0.007294,-0.003843,

channel --> 19
-0.002592,-0.002544,
-0.002688,-0.004589,

channel --> 20
+0.169136,-0.006465,
+0.080531,+0.365259,

channel --> 21
+0.595386,+0.642839,
+0.249961,+1.230454,

channel --> 22
+0.903686,-0.000431,
+0.038892,-0.001422,

channel --> 23
-0.000376,-0.002761,
-0.000288,-0.001919,

channel --> 24
-0.002474,-0.003079,
-0.007437,-0.004709,

channel --> 25
-0.004275,-0.004751,
+0.005505,-0.004046,

channel --> 26
-0.004674,-0.002352,
-0.005638,-0.003492,

channel --> 27
-0.002390,-0.003741,
-0.003806,-0.007071,

channel --> 28
-0.000398,+0.085742,
-0.002881,-0.000818,

channel --> 29
-0.005114,-0.005889,
-0.000711,-0.008188,

channel --> 30
-0.012225,-0.007990,
-0.009086,-0.003310,

channel --> 31
-0.002204,-0.005211,
-0.002253,-0.005309,

channel --> 32
-0.013428,-0.011656,
-0.004538,-0.006864,

channel --> 33
+0.355593,+0.056692,
+0.191515,+0.134013,

channel --> 34
-0.001741,+0.078839,
+0.451201,-0.003668,

channel --> 35
+0.454607,-0.000387,
+0.583502,-0.008966,

channel --> 36
-0.006477,-0.006373,
-0.000682,-0.005018,

channel --> 37
-0.001271,-0.003281,
-0.009068,-0.004189,

channel --> 38
+0.153123,-0.003086,
+0.018165,-0.009212,

channel --> 39
-0.004421,+0.268102,
-0.003054,-0.003628,

channel --> 40
+0.532380,+0.035077,
+0.302496,-0.003922,

channel --> 41
-0.003324,-0.003050,
-0.006074,-0.002706,

channel --> 42
-0.007559,-0.007954,
-0.001355,-0.005502,

channel --> 43
-0.006696,-0.007483,
-0.005453,-0.005526,

channel --> 44
-0.007224,-0.005620,
-0.008359,-0.006189,

channel --> 45
-0.012180,-0.012726,
-0.008630,-0.006834,

channel --> 46
-0.003446,-0.004555,
-0.002729,-0.004405,

channel --> 47
-0.003933,-0.006352,
-0.001243,-0.001518,

channel --> 48
-0.005379,-0.002364,
-0.006328,-0.000902,

channel --> 49
+0.165504,+0.173791,
+1.285671,-0.001001,

channel --> 50
-0.003565,-0.004853,
-0.001640,-0.002742,

channel --> 51
-0.003078,-0.006141,
+0.060329,-0.003687,

channel --> 52
-0.010175,-0.006003,
+0.109940,+0.230392,

channel --> 53
-0.000535,-0.007674,
-0.007299,-0.006383,

channel --> 54
+0.693488,+1.104166,
+1.441514,+1.958553,

channel --> 55
+1.424480,+0.815527,
+0.555738,+0.529923,

channel --> 56
+0.119934,-0.002034,
-0.002724,-0.005013,

channel --> 57
+0.613097,+0.417710,
+0.216291,+1.178317,

channel --> 58
+0.286294,+0.586389,
+0.119732,+0.765661,

channel --> 59
+0.560818,-0.003001,
+0.077057,-0.005503,

channel --> 60
-0.006370,-0.005749,
-0.005621,-0.005553,

channel --> 61
-0.002580,-0.002925,
-0.003019,-0.004143,

channel --> 62
-0.001572,-0.003553,
+0.785048,+0.548615,

channel --> 63
+0.667714,-0.002392,
+0.484516,+0.399654,

channel --> 64
+0.228640,-0.001905,
-0.001073,+0.374011,

channel --> 65
-0.004708,-0.003883,
-0.002251,-0.008494,

channel --> 66
-0.001338,+0.405536,
-0.000437,+0.018630,

channel --> 67
+0.963870,+0.095159,
-0.000389,-0.005533,

channel --> 68
-0.011693,-0.005177,
-0.004476,-0.004581,

channel --> 69
-0.006392,-0.006628,
-0.006388,-0.005727,

channel --> 70
-0.004870,-0.005708,
-0.004990,-0.006185,

channel --> 71
-0.004233,-0.002184,
-0.006582,-0.005124,

channel --> 72
+0.470763,+0.061775,
-0.000847,-0.001282,

channel --> 73
+0.585107,+0.253737,
-0.000763,-0.000816,

channel --> 74
-0.006672,-0.006675,
-0.006695,-0.006681,

channel --> 75
-0.000697,-0.001557,
-0.006037,-0.006553,

channel --> 76
-0.002263,-0.001530,
-0.007985,-0.002579,

channel --> 77
-0.008714,-0.007443,
-0.005504,-0.005165,

channel --> 78
-0.006920,-0.009187,
-0.005045,-0.004960,

channel --> 79
+0.640920,+0.571586,
-0.005877,-0.004293,

channel --> 80
+0.282327,+0.562982,
-0.000852,-0.005529,

channel --> 81
-0.002809,-0.007783,
-0.002725,-0.005196,

channel --> 82
-0.010056,-0.007426,
-0.006608,-0.004632,

channel --> 83
-0.003199,-0.004607,
-0.002064,-0.009321,

channel --> 84
-0.005302,-0.003295,
+0.087793,+0.126891,

channel --> 85
+0.233075,+0.155032,
-0.008301,-0.004974,

channel --> 86
-0.007468,-0.006633,
-0.008912,-0.006290,

channel --> 87
+4.160182,+4.209317,
+1.527385,+2.867020,

channel --> 88
+0.442234,-0.005049,
-0.002264,-0.000628,

channel --> 89
-0.002311,-0.003437,
-0.004735,-0.000026,

channel --> 90
+0.091517,-0.002203,
+0.081252,-0.004198,

channel --> 91
+0.949894,+1.186414,
-0.003561,+0.169461,

channel --> 92
-0.003340,-0.001893,
-0.004260,-0.002546,

channel --> 93
-0.005998,-0.005551,
-0.000004,-0.004383,

channel --> 94
+0.787583,+0.291227,
-0.003492,-0.001593,

channel --> 95
+0.168886,+0.052754,
-0.003330,-0.003838,

channel --> 96
+0.019921,+0.232160,
+1.129152,+0.439498,

channel --> 97
-0.001924,-0.002065,
-0.004584,-0.004267,

channel --> 98
-0.012485,-0.003911,
+0.389952,+0.331354,

channel --> 99
+0.513345,+0.258554,
+0.595473,+0.211795,

channel --> 100
-0.003362,-0.001108,
-0.007303,-0.001462,

channel --> 101
-0.004435,-0.003723,
-0.004617,+0.091490,

channel --> 102
-0.002883,+0.567652,
+0.119934,+0.212216,

channel --> 103
+0.233015,+0.142974,
-0.002037,-0.006418,

channel --> 104
+0.214560,+0.276076,
+0.607082,+0.381182,

channel --> 105
+0.262123,-0.001694,
+0.338566,+0.339430,

channel --> 106
-0.005092,-0.005462,
-0.003298,-0.000840,

channel --> 107
-0.003214,-0.004298,
-0.006095,-0.003378,

channel --> 108
-0.004827,+0.136319,
+0.305851,+0.359785,

channel --> 109
-0.004262,-0.004600,
-0.004230,-0.006450,

channel --> 110
+0.408012,-0.002155,
+0.021678,+0.478387,

channel --> 111
-0.006456,-0.006334,
-0.000492,-0.004042,

channel --> 112
-0.004331,-0.001630,
-0.003632,-0.000997,

channel --> 113
-0.010923,-0.006571,
-0.009890,-0.003254,

channel --> 114
+0.214013,-0.001111,
-0.004629,-0.004801,

channel --> 115
+0.518455,+0.745090,
+0.972572,+0.192314,

channel --> 116
-0.003365,-0.006333,
+0.803813,+1.004396,

channel --> 117
-0.001963,-0.004967,
-0.006647,-0.001528,

channel --> 118
-0.005809,-0.011136,
+0.063864,-0.007265,

channel --> 119
-0.014301,-0.005860,
-0.004022,-0.006052,

channel --> 120
-0.007704,-0.009560,
-0.008086,-0.010770,

channel --> 121
+0.526622,-0.004820,
-0.006966,-0.002042,

channel --> 122
-0.000895,-0.004235,
+0.436708,+0.746087,

channel --> 123
+1.062672,+1.804811,
+0.390480,+0.240268,

channel --> 124
-0.004234,+0.073642,
-0.007458,-0.005385,

channel --> 125
-0.007913,-0.010407,
-0.003366,-0.009495,

channel --> 126
-0.002107,-0.005294,
+0.009179,-0.000085,

channel --> 127
+0.517855,+0.769610,
+0.049054,-0.005287,

